Orthogroup	Aethionema_saxatile	Camelina_sativa
OG0000000	As006G148660, As007G164610, As002G036700, As010G230770	XP_010445376.1
OG0000000	As002G040030	XP_019085399.1, XP_010468113.1
OG0000000	As001G006630, As006G147610	XP_019094707.1, XP_010479590.1, XP_019097715.1, XP_010507175.1, XP_010478337.2, XP_010518461.1, XP_019098283.1, XP_019096689.1
OG0000002	As004G091160	XP_010423585.1, XP_010495565.1, XP_010424742.1
OG0000002	As006G147780	XP_019090079.1
OG0000002	As004G091170	XP_010468482.1, XP_010419143.1, XP_010430672.1, XP_010424375.1, XP_019092262.1, XP_010431341.1
OG0000003	As008G191470	XP_010451789.1, XP_010484756.1, XP_019085452.1, XP_019098342.1, XP_010451773.2, XP_010412462.1, XP_010467548.1, XP_010468230.1, XP_010456694.1
OG0000003	As012G280070	XP_019086518.1, XP_019094534.1
OG0000003	As003G066700	XP_019092325.1
OG0000003	As007G166450, As007G166410, As003G066730, As003G066690, As007G166480	XP_019098361.1
OG0000004	As007G177100	XP_010513002.1, XP_019100869.1, XP_010468701.1, XP_019099765.1, XP_010495244.1, XP_010495165.1, XP_010462981.1
OG0000004	As009G212350	XP_010474601.1, XP_019095662.1, XP_010425346.1, XP_010490159.1, XP_010419021.1
OG0000004	As010G231160	XP_010463143.1
OG0000005	As007G177090, As005G111430	XP_010412393.1, XP_010490225.1, XP_010431586.1, XP_010497088.1
OG0000006	As010G228090	XP_010468811.1, XP_010474227.1, XP_019087472.1, XP_019099816.1, XP_010463256.1, XP_010501823.1, XP_010489639.1, XP_010469173.1, XP_010444914.1, XP_019083796.1, XP_010428435.1, XP_019084200.1, XP_010478660.1, XP_019084295.1, XP_010424794.1, XP_019082601.1, XP_019094917.1, XP_019090940.1, XP_019093341.1, XP_019087695.1, XP_019089183.1, XP_010470530.1, XP_019093691.1, XP_010501166.1, XP_010424263.1, XP_010495913.1, XP_019101696.1, XP_010513731.1, XP_019087470.1, XP_010507724.1, XP_010462584.1, XP_010490462.1, XP_010484977.1, XP_010418557.1, XP_010496147.1, XP_010418993.1, XP_019085642.1, XP_019091014.1, XP_019094573.1, XP_010446804.2, XP_010416297.2, XP_010468712.1, XP_010471152.1, XP_010507227.1, XP_010445003.1, XP_010477729.2, XP_010436513.1, XP_010506961.1, XP_010489975.1, XP_019088922.1, XP_019096041.1, XP_019096210.1, XP_019097221.1, XP_010495224.1, XP_010418574.1, XP_010436820.1, XP_010445698.1, XP_019087537.1, XP_010456622.1, XP_010445750.1, XP_010424813.1, XP_010474418.1, XP_019100967.1, XP_010436701.1, XP_019087605.1, XP_010445262.1, XP_010463458.1, XP_010496974.1, XP_010418941.1, XP_019087475.1, XP_019082563.1, XP_010445969.1, XP_010481097.1, XP_010496849.2, XP_010501923.1, XP_010495651.1, XP_010431602.1, XP_010431016.1, XP_010451880.1, XP_010485068.1, XP_010511600.1, XP_019087423.1, XP_010500080.1, XP_010507587.1, XP_010507307.1, XP_010462805.1, XP_019087471.1, XP_019096427.1, XP_010485281.1, XP_010481225.1, XP_010469447.1, XP_019087477.1, XP_010478058.1, XP_010436672.1, XP_010421049.1, XP_010468495.1, XP_010480912.1, XP_010507576.1, XP_010463082.1, XP_010445987.1, XP_010436436.1, XP_019091129.1, XP_019094477.1, XP_019094446.1, XP_019097408.1, XP_010451248.1, XP_010480734.1, XP_010450590.1, XP_010492833.1, XP_010465950.1, XP_010466613.1, XP_010494065.1, XP_010518565.1, XP_010412896.1, XP_010444893.1, XP_010474396.1, XP_010448841.1, XP_019098200.1, XP_010449757.1, XP_010508388.1, XP_010501452.1, XP_010480931.1, XP_010484998.2, XP_019094496.1, XP_019100121.1, XP_019091890.1, XP_019094351.1, XP_019100941.1, XP_010435400.1, XP_010436667.1, XP_010479585.2, XP_019099475.1, XP_019084626.1, XP_010496706.1
OG0000008	As009G213820	XP_010451903.1, XP_019085491.1
OG0000008	As007G166140	XP_010490195.1
OG0000008	As001G006420	XP_010484906.1
OG0000010	As012G279130	XP_010480850.1
OG0000010	As005G110910	XP_019091121.1
OG0000010	As010G226790, As005G110530	XP_019092324.1, XP_019090653.1, XP_019091103.1
OG0000010	As010G230410	XP_019086506.1
OG0000010	As011G260030, As011G260080	XP_019086291.1
OG0000010	As003G066480	XP_019095899.1, XP_019096531.1
OG0000011	As006G147240	XP_010420789.1
OG0000012	As007G176710	XP_010495590.1
OG0000013	As010G228550, As010G230420, As010G230620, As001G011830, As003G066230, As001G010630, As007G166800, As001G010860, As002G040060, As006G147900, As012G279880, As010G230200	XP_010462887.1, XP_010489385.1
OG0000013	As003G066310	XP_010474295.1
OG0000013	As007G165470, As003G067330, As002G039360, As005G111230, As002G039700, As011G257240, As010G228560, As003G066630, As002G039780, As001G012770, As007G167080, As012G280310, As007G176700, As002G039000, As012G279120	XP_010501858.1, XP_010501812.1
OG0000015	As007G166610	XP_010450099.1, XP_019091410.1, XP_019084470.1
OG0000015	As007G163280, As004G091800, As011G257210, As008G195330, As004G086610	XP_010427798.1, XP_019092477.1
OG0000015	As010G225860	XP_010480818.1, XP_010456599.1, XP_010497195.1, XP_010501828.1, XP_019084456.1, XP_010418862.1, XP_019090265.1, XP_010497072.1, XP_010496259.1, XP_019101930.1, XP_010481012.1, XP_010497067.1, XP_010424221.1, XP_010495723.1, XP_010430713.1, XP_010497070.1, XP_010513208.1, XP_010451702.1
OG0000015	As011G260400	XP_010445386.1, XP_010491426.2, XP_010484947.1, XP_010513588.1, XP_010497078.1, XP_010495514.1, XP_010418845.1, XP_019084362.1, XP_010470588.1, XP_010430636.1, XP_010507136.1, XP_010418799.1, XP_010424225.1
OG0000017	As006G147350	XP_019084688.1, XP_019082585.1
OG0000017	As003G065780	XP_010499860.1
OG0000019	As009G203070	XP_010506471.1, XP_010420141.1, XP_010423040.1, XP_019095544.1, XP_010481212.1, XP_010507282.1, XP_010415695.1
OG0000019	As012G281430, As001G013530	XP_010412777.1
OG0000019	As010G228190	XP_019093372.1, XP_019095651.1, XP_010471617.2, XP_010424482.1, XP_010419507.1, XP_010451471.1, XP_019082511.1, XP_010436492.1, XP_010436780.1, XP_010480806.1, XP_010424296.1
OG0000020	As007G165150, As001G010310, As001G015320	XP_010419309.1
OG0000020	As009G211210, As012G277620, As011G260540, As001G015300	XP_019100224.1
OG0000020	As002G039920, As009G211220	XP_010425095.1, XP_010445680.1, XP_010473999.1
OG0000021	As001G004280	XP_010446081.1, XP_010468560.1
OG0000021	As005G111040	XP_010471472.1, XP_019085419.1, XP_019087289.1, XP_010412606.1
OG0000021	As003G071480, As010G232120	XP_010424593.1, XP_019089103.1, XP_010424837.2
OG0000023	As003G061360	XP_010439188.2, XP_010433919.1, XP_010445177.2
OG0000023	As003G061290	XP_010448734.2, XP_010433921.1, XP_019087877.1, XP_019087876.1, XP_019087868.1, XP_019089322.1
OG0000023	As004G084560, As004G084580, As004G084570	XP_019084079.1, XP_019090217.1, XP_010422102.1
OG0000023	As003G061280	XP_010439191.1, XP_019086469.1
OG0000023	As003G061270	XP_010448752.1, XP_010439208.1, XP_010433929.1, XP_019088139.1
OG0000023	As003G061350	XP_010445190.1, XP_010451240.1, XP_010439207.1
OG0000026	As001G006500, As007G166710	XP_010445838.1
OG0000026	As007G165250	XP_010484799.1, XP_010507266.1, XP_019099615.1, XP_019094547.1, XP_010513491.1, XP_019085625.1, XP_010480550.1, XP_010472603.1, XP_010495810.1, XP_019096500.1, XP_019086251.1, XP_010430881.1, XP_010430821.1, XP_019100880.1, XP_010451597.1, XP_019085450.1, XP_019087697.1, XP_010425957.1, XP_010420286.1, XP_010436691.1
OG0000026	As008G188870	XP_010424792.1, XP_010436832.1, XP_010474324.1
OG0000029	As001G005440	XP_010435359.1, XP_019099915.1
OG0000029	As001G005430	XP_019086286.1, XP_010490162.1
OG0000029	As004G091740, As005G109110	XP_010513534.1, XP_010468539.2, XP_019100867.1, XP_019096310.1, XP_019084297.1, XP_019095473.1, XP_019092371.1, XP_019091545.1, XP_010507008.1
OG0000029	As009G211080	XP_019096514.1, XP_010484883.1, XP_010513568.1
OG0000030	As001G013020	XP_019101232.1, XP_010468709.1
OG0000030	As001G013350	XP_010445645.1, XP_010462855.1
OG0000031	As001G032000	XP_019093579.1, XP_010484817.1, XP_019096365.1, XP_010418422.1, XP_010430428.1, XP_010419492.2, XP_010430431.1, XP_019082760.1, XP_019082759.1, XP_019087557.1, XP_010430336.1, XP_010418269.1, XP_010473491.1
OG0000031	As009G202600	XP_010453827.1, XP_019084725.1, XP_010492576.1
OG0000031	As006G134510	XP_010447152.1, XP_010436064.1, XP_010504570.1, XP_010465692.1, XP_019096254.1, XP_010448208.1, XP_010438694.1, XP_010433436.1
OG0000033	As003G061230, As003G061200, As003G061190, As003G061240	XP_010448753.1, XP_010439209.1, XP_010433941.1
OG0000033	As003G059410, As003G059430, As003G059400	XP_019089519.1, XP_010434185.1, XP_019088150.1, XP_019089518.1
OG0000033	As003G061210, As003G061160	XP_010451231.2, XP_010448725.1, XP_019087860.1, XP_019086461.1, XP_019089061.1, XP_010439190.1, XP_010448726.1, XP_010439220.1, XP_010448755.1, XP_010433938.1, XP_010448758.1, XP_010439212.1, XP_010433932.1, XP_019089810.1, XP_010433930.1, XP_010448768.1, XP_019087874.1, XP_010433918.1, XP_019087875.1, XP_010426013.1, XP_019101865.1, XP_019099660.1
OG0000033	As004G086230	XP_010431580.1
OG0000034	As011G258840	XP_019094880.1
OG0000036	As010G230940, As008G183620, As012G280180, As011G261090	XP_010474229.1, XP_010456533.1, XP_010430982.1, XP_010418657.1, XP_010474465.1
OG0000036	As012G279790, As002G038510, As005G109970, As010G231320, As003G065720, As012G280900	XP_010445597.1, XP_019085657.1, XP_010513622.1
OG0000036	As008G192160	XP_010480993.1
OG0000037	As004G089890	XP_019090182.1, XP_019083214.1, XP_019093211.1, XP_019087396.1, XP_019089238.1
OG0000037	As011G257090	XP_019087357.1, XP_019095607.1, XP_019085897.1, XP_019091034.1, XP_019096545.1
OG0000038	As009G211050, As009G210990, As009G210820	XP_010507624.1, XP_010512960.1, XP_010509052.1, XP_010412781.1, XP_010502501.1, XP_010427246.1
OG0000038	As007G157540	XP_010422360.1, XP_019100342.1, XP_010509013.1, XP_019082541.1, XP_010455679.1
OG0000043	As002G039460	XP_019085386.1, XP_010451813.1, XP_010445696.2, XP_019087483.1
OG0000043	As011G260020	XP_010496446.1, XP_010473115.1
OG0000043	As001G006710	XP_010470900.1, XP_010436661.1, XP_019094513.1, XP_010418861.1
OG0000043	As009G209940	XP_010463411.1
OG0000048	As006G137100, As006G137070, As006G137030	XP_019092533.1, XP_010485741.1
OG0000048	As006G136970	XP_010514749.1, XP_010463845.1, XP_010485737.1
OG0000048	As006G137110, As006G137010, As006G136980	XP_010514943.1, XP_010485744.1, XP_010463847.1
OG0000048	As001G017720, As001G017740, As001G017730, As001G017710	XP_019098094.1, XP_019090301.1, XP_019083860.1, XP_019098096.1, XP_019098087.1, XP_019089956.1, XP_019083864.1, XP_019089955.1, XP_019083868.1, XP_019098095.1, XP_019089957.1, XP_019090652.1, XP_019083867.1, XP_019098001.1, XP_019090034.1, XP_019083863.1, XP_019090033.1, XP_019097860.1, XP_010420540.1, XP_019083862.1, XP_019097999.1, XP_019090249.1, XP_019090250.1, XP_019098000.1, XP_010492794.1, XP_010492795.1, XP_019083866.1, XP_019097998.1
OG0000049	As007G177650, As001G000050	XP_019091092.1, XP_019100833.1, XP_019092312.1, XP_019092358.1, XP_019085432.1, XP_019092302.1, XP_019086346.1, XP_019087375.1
OG0000054	As007G163390, As001G010300	XP_019093250.1, XP_019083618.1, XP_019085680.1, XP_019098445.1, XP_010484863.1
OG0000054	As004G090600, As007G163400, As011G258570, As001G015330, As001G010290, As001G006440	XP_010445679.1, XP_010442704.1, XP_010497389.1
OG0000055	As001G022050	XP_010515018.1, XP_010426146.1, XP_019084785.1, XP_010503309.1
OG0000059	As001G005030	XP_010513664.1
OG0000060	As011G259170	XP_019100933.1
OG0000065	As012G279540, As012G279660	XP_019098326.1, XP_019098351.1, XP_019098390.1, XP_019099627.1, XP_019097476.1, XP_019100901.1, XP_019099563.1, XP_019094561.1, XP_019094562.1, XP_019089054.1
OG0000065	As002G040810	XP_019089233.1
OG0000066	As002G052230	XP_010437129.1, XP_010453132.1, XP_010491788.1, XP_010431986.1, XP_010431988.1, XP_010419651.1, XP_010480248.1, XP_010488359.1, XP_010471674.1, XP_010428586.1, XP_010466628.1, XP_010447175.1
OG0000066	As007G156090	XP_010477215.1, XP_019091470.1
OG0000066	As005G118450	XP_010425488.1, XP_010484375.1, XP_010502711.1, XP_010475747.1, XP_010458200.1, XP_010463183.1, XP_010514443.1, XP_010489841.1, XP_010444536.1
OG0000067	As011G256070, As011G256050	XP_010452237.1, XP_010423775.1, XP_019097289.1, XP_010490843.1, XP_019084545.1, XP_019097292.1, XP_010424780.1, XP_010490972.1
OG0000070	As011G259870	XP_019101837.1
OG0000070	As006G149230, As011G259300	XP_019082595.1
OG0000070	As010G229730	XP_010484717.1
OG0000070	As004G090980, As011G257970	XP_010456869.1
OG0000073	As006G137430	XP_010440077.1, XP_010434750.1, XP_010440087.1, XP_019087254.1, XP_019088788.1, XP_019086569.1, XP_010449698.1, XP_010434749.1, XP_019086125.1
OG0000078	As004G095030	XP_019099724.1
OG0000079	As012G285110	XP_010485638.1, XP_010505483.1, XP_010463747.1, XP_010417389.1, XP_010463742.1, XP_010463745.1, XP_010485636.1, XP_010463744.1, XP_010512114.1, XP_010512120.1, XP_010512109.1, XP_010504857.1, XP_010435737.1, XP_010512111.1, XP_010512106.1, XP_010504853.1, XP_019099951.1, XP_010450921.1, XP_010436759.1, XP_019089478.1, XP_019089372.1, XP_010450919.1, XP_019088775.1, XP_010435739.1, XP_019102069.1, XP_010516541.1, XP_010469219.2
OG0000082	As009G206420	XP_010412616.1, XP_010446172.1, XP_010468697.1, XP_010412581.1, XP_010451347.1, XP_010447993.1, XP_010490164.1, XP_010497085.1, XP_010418794.1, XP_010468244.1, XP_010451150.1, XP_010425644.1, XP_010478154.1, XP_010485018.1, XP_019096815.1, XP_010424226.1
OG0000082	As012G278670	XP_019096076.1, XP_019089186.1, XP_010462626.1, XP_019085390.1
OG0000082	As011G260840	XP_010438168.1
OG0000083	As006G138550	XP_010486733.1, XP_010431481.1, XP_010471154.1, XP_010427972.1, XP_010415848.1, XP_019082660.1, XP_010474281.1, XP_010415849.1, XP_010468402.2, XP_010466622.2, XP_010421321.1, XP_019096450.1, XP_010513244.2, XP_010466788.1, XP_010488339.2, XP_010512058.1, XP_010466621.1, XP_010490063.1, XP_010488341.1, XP_010421303.1, XP_010466598.1, XP_010429373.1, XP_010427974.1, XP_019084962.1, XP_019085914.1, XP_010429377.1, XP_010472419.1, XP_010419294.1, XP_010464056.1, XP_010485978.1, XP_019100088.1
OG0000085	As001G000080	XP_019087577.1, XP_019095590.1
OG0000086	As009G216030, As009G216300, As009G216040	XP_010495949.1, XP_019097464.1, XP_010494194.1, XP_010494195.1, XP_010494196.1, XP_010442146.1, XP_010481977.1, XP_010481978.1, XP_019095830.1, XP_019095588.1, XP_010484899.1, XP_010495950.1, XP_010467928.1, XP_019097470.1, XP_019097730.1, XP_010494198.1, XP_010494197.1
OG0000087	As010G222260	XP_010421190.1, XP_010454670.1
OG0000087	As006G128780	XP_010469941.1, XP_010510475.1, XP_010414372.1
OG0000087	As010G224130	XP_010483981.1, XP_010459234.1
OG0000087	As002G051000	XP_010419814.1, XP_010491982.1, XP_010453291.1
OG0000087	As012G274980	XP_010516638.1, XP_010504960.1, XP_010509706.1
OG0000087	As004G086530	XP_010494444.1
OG0000087	As003G058850	XP_010439552.1, XP_010449142.1, XP_010434259.1
OG0000087	As010G237710	XP_010416482.1, XP_010471708.1
OG0000088	As010G225400, As010G225450, As010G225490, As010G225520, As010G223920	XP_010511816.1, XP_019102250.1, XP_019085904.1, XP_019100157.1, XP_010426203.1, XP_010503360.1, XP_010426163.1, XP_010503325.1, XP_010515061.1, XP_010515060.1, XP_019085518.1
OG0000089	As002G053510	XP_010422938.1, XP_010452982.1, XP_010491624.1
OG0000089	As010G224530, As005G115200	XP_010483556.1, XP_010483559.1, XP_010483560.1, XP_010514974.1, XP_010503262.1, XP_010426084.1, XP_010454923.1
OG0000090	As004G082910	XP_010494151.1, XP_010442189.1
OG0000090	As003G065330	XP_010471746.1, XP_010440828.1, XP_010416502.1, XP_010428644.1
OG0000090	As012G273080	XP_010413610.1, XP_019093586.1, XP_010512295.1, XP_010447073.1, XP_010447075.1, XP_010432410.1, XP_010437611.1, XP_010450797.1, XP_010435879.1, XP_010441072.1, XP_010441003.1, XP_010425103.1, XP_010502326.1, XP_010514085.1, XP_010506934.1, XP_010502325.1, XP_010514084.1, XP_010425101.1, XP_010458359.1, XP_010475885.1, XP_010490823.1
OG0000093	As012G284680, As012G284700, As012G284660	XP_010431453.2, XP_019099736.1, XP_019102066.1, XP_019101935.1, XP_010516477.1, XP_010504788.1, XP_010427742.1, XP_019085608.1, XP_010507510.1, XP_019098882.1, XP_010490171.1, XP_010467068.1
OG0000096	As004G087370, As004G087300, As004G087270	XP_010445847.1, XP_010494541.1
OG0000097	As004G086430, As004G086420, As004G086450, As004G086440	XP_010431383.1, XP_010422434.1
OG0000098	As008G184800, As008G185150, As008G185550, As008G185540, As008G184910, As008G186330	XP_010476200.2, XP_019094334.1, XP_010458659.1, XP_010476182.1, XP_010476194.1, XP_010462666.1, XP_010435102.1, XP_010476199.2
OG0000102	As010G228120	XP_019094567.1, XP_019095608.1
OG0000102	As002G042100	XP_019085751.1, XP_019098383.1, XP_019087675.1, XP_019082593.1, XP_019089068.1, XP_019085614.1, XP_019100777.1, XP_019095028.1, XP_019082506.1, XP_019098255.1, XP_019082509.1, XP_019100825.1, XP_019089224.1, XP_019097369.1, XP_019101826.1, XP_019098391.1, XP_019098377.1, XP_019087595.1, XP_019097514.1, XP_019086584.1
OG0000104	As006G129180, As006G129160	XP_010513261.2
OG0000104	As012G271220	XP_010500770.1
OG0000104	As012G271190, As012G271200	XP_010500773.1, XP_010479688.1, XP_010500775.1, XP_010462025.1, XP_010500772.2, XP_010462024.1, XP_010479689.1
OG0000104	As006G129190	XP_019093575.1, XP_019093246.1, XP_010470012.1, XP_010510552.1, XP_010414455.1, XP_010510551.2
OG0000106	As002G041170, As002G041390, As002G041440	XP_010507362.2, XP_010412683.1, XP_010431195.1, XP_010489939.1, XP_019096848.1, XP_010467954.2, XP_019082383.1, XP_019092874.1, XP_010468288.1, XP_010419966.1, XP_010465923.1, XP_010466168.1, XP_019102491.1, XP_010468260.1, XP_010468259.1, XP_019092240.1, XP_010465926.1, XP_010506820.1, XP_010466314.1, XP_010487753.1, XP_010465927.1, XP_019092751.1, XP_010465549.1, XP_010468188.1, XP_010468264.1
OG0000107	As011G252300, As011G252330, As011G252210, As011G252280, As011G252200, As011G252220	XP_010466194.1, XP_010508531.1
OG0000107	As011G252340	XP_010508486.1, XP_019096974.1, XP_010466190.2, XP_010508508.1, XP_019096971.1, XP_010466191.1, XP_010494611.1, XP_010415203.1, XP_010511458.1, XP_010514626.1, XP_010425701.1, XP_010456149.1, XP_010422712.1, XP_010466304.1, XP_010434996.1, XP_010440318.1, XP_010449948.1, XP_010467059.1
OG0000108	As007G178740, As007G178690, As007G178710, As007G178650, As007G179450, As007G178680, As007G178630, As007G178700, As007G178760, As007G178720, As006G126350	XP_010424705.1, XP_010454853.1, XP_019091057.1, XP_010499628.1, XP_010499626.1, XP_010444838.1, XP_010478760.1, XP_010495494.2, XP_010495491.2, XP_010493782.1, XP_010424305.2, XP_010454852.1, XP_019097436.1, XP_010421382.1, XP_010495488.1, XP_010421381.1, XP_010493274.1, XP_019097437.1, XP_010494023.1, XP_010455133.1, XP_010478092.1, XP_010497135.2, XP_010499238.1, XP_010460514.1, XP_010478516.1, XP_010490218.1, XP_010488871.1, XP_010517498.1, XP_010467233.1, XP_010490184.1, XP_010468531.1, XP_010412745.2, XP_019092314.1, XP_010431735.1, XP_010499627.1, XP_010499629.1, XP_010501676.1, XP_010478514.2, XP_010480772.1
OG0000111	As002G048150	XP_019086613.1
OG0000112	As011G262130, As011G262140, As009G217680, As009G217690	XP_019100892.1, XP_019100893.1, XP_010511364.1, XP_019093286.1, XP_019093463.1, XP_019082598.1, XP_019086942.1, XP_019095670.1
OG0000114	As006G137050, As006G137080	XP_010456486.1, XP_019090462.1, XP_019094970.1, XP_010415607.1, XP_019093832.1, XP_010449922.1, XP_010442102.1, XP_010491769.1, XP_010419679.1, XP_010436453.1, XP_019089586.1, XP_010419682.1, XP_019083764.1, XP_019097993.1, XP_019083763.1, XP_010491840.1, XP_010491839.1, XP_010473148.1, XP_010419417.1, XP_010510753.1, XP_010417913.1, XP_019094814.1, XP_010514203.1, XP_019089703.1, XP_010422104.1, XP_010463849.1, XP_010440932.1, XP_010435732.1, XP_010450927.1
OG0000116	As011G258760, As005G110110, As002G038220, As005G111020, As012G280150, As012G276960, As008G190300, As008G190470, As008G191770, As004G091900, As005G109310, As010G228680, As010G228670, As010G228700, As011G260000, As007G165280, As007G163410	XP_010494942.1, XP_010425569.1, XP_010425748.1, XP_010477229.1, XP_010425741.1, XP_010511123.1, XP_010494683.1, XP_010428342.1, XP_010463378.1, XP_010420297.1, XP_010484801.1, XP_010496838.1, XP_010416306.1, XP_010471355.1, XP_010442366.1
OG0000117	As002G041560	XP_010473765.1, XP_010480966.1
OG0000118	As006G122720, As006G121860, As006G121720, As006G121830, As006G121700, As008G188770	XP_019090835.1, XP_010430962.1, XP_010457012.1, XP_010457013.1, XP_010490438.1, XP_010468732.2, XP_010467655.2, XP_010467652.1, XP_010424693.1, XP_010424683.1, XP_010424049.1, XP_010466656.1, XP_010427599.1, XP_010466686.1, XP_010466850.1
OG0000122	As002G036520	XP_010446145.1, XP_010474623.1, XP_010476508.1
OG0000123	As008G183790, As008G183770	XP_010495498.1, XP_010458819.1, XP_010476380.1
OG0000123	As008G183760	XP_010495501.1, XP_010458820.1, XP_019094945.1
OG0000123	As008G183730, As008G183740	XP_010496748.1, XP_010507196.1
OG0000123	As008G183720	XP_010476383.1, XP_010495506.1, XP_010458821.1, XP_010476340.1, XP_019102045.1, XP_010435235.1, XP_010440548.1, XP_010450178.1, XP_019091637.1
OG0000125	As006G146230, As012G277440	XP_010515863.1, XP_010504134.1, XP_010427020.1
OG0000125	As005G107620	XP_010486520.1, XP_010473505.1, XP_010464595.1, XP_010423847.1, XP_010452101.1, XP_010490718.1, XP_010505335.1, XP_010509330.1
OG0000125	As005G113770	XP_010454568.1, XP_010421087.1, XP_010493386.1
OG0000125	As005G114700, As010G224880	XP_010443777.1, XP_010455739.1, XP_010483639.1
OG0000125	As010G224830	XP_010426025.1
OG0000127	As008G186430, As008G186390, As008G185640	XP_010462637.1, XP_010501424.1, XP_010476015.1, XP_010501425.1, XP_010480428.1, XP_010462638.1
OG0000127	As008G186440	XP_010501392.1
OG0000130	As005G110830	XP_019097474.1
OG0000130	As010G226930	XP_010496984.1, XP_010424606.1, XP_010451299.1, XP_019098355.1, XP_010495867.1
OG0000130	As002G040800, As008G191120	XP_010448680.1, XP_010451831.1, XP_010473967.1
OG0000133	As004G090110	XP_010478935.1
OG0000133	As007G165020	XP_019087459.1
OG0000133	As007G167120, As007G166850, As004G092840, As011G261830	XP_010470593.1, XP_010511614.1, XP_010485117.1, XP_010451618.1, XP_010451835.1, XP_019098313.1, XP_010420750.2
OG0000136	As001G028730	XP_010511492.1, XP_010415205.1, XP_019093553.1, XP_019101118.1, XP_010496730.1, XP_010470534.1, XP_010513640.1, XP_019100921.1
OG0000136	As005G116580, As005G116570	XP_010445581.1, XP_010451914.1
OG0000138	As004G084820, As010G224060	XP_010430892.1
OG0000138	As001G027950, As001G027940, As007G161530	XP_010502978.1, XP_010425759.1, XP_010425761.1, XP_010502982.1
OG0000139	As001G010560	XP_010472906.1, XP_019100791.1, XP_010468735.1
OG0000139	As006G149220, As004G090290	XP_010496220.1, XP_010495869.1, XP_010490389.1, XP_010506889.1, XP_010456768.1, XP_010506862.1, XP_019087546.1
OG0000140	As005G115230	XP_010483539.1
OG0000140	As005G115280, As005G115270, As005G115260, As005G115240, As008G190370	XP_010454742.1, XP_019088267.1, XP_010483489.1, XP_010483490.1, XP_010443667.1, XP_019095877.1, XP_019092906.1, XP_010443669.1, XP_010483537.1, XP_019095865.1, XP_010443671.1, XP_010454754.1
OG0000145	As004G091580	XP_010418595.1, XP_019082691.1, XP_010514307.1, XP_010424245.1, XP_010490073.1
OG0000146	As002G047180	XP_010482974.1, XP_010449487.1, XP_010443156.1, XP_010488707.1, XP_010467019.1, XP_010473574.1, XP_010485064.1
OG0000146	As002G047190	XP_010449529.1, XP_010443158.1, XP_010482976.2, XP_010449537.1, XP_010482975.1, XP_010443157.1
OG0000147	As011G265720	XP_010414912.1, XP_019096581.1
OG0000147	As001G002190	XP_010433017.1, XP_010451109.1, XP_010438207.1
OG0000147	As002G049060	XP_010443420.1, XP_019095995.1, XP_010452018.1
OG0000147	As010G243490	XP_019093982.1, XP_010417678.1
OG0000147	As010G227330	XP_010425792.1, XP_019102235.1
OG0000147	As011G259420	XP_010496144.1, XP_010488815.1
OG0000149	As010G224590	XP_010507237.1, XP_019085759.1, XP_010412591.2
OG0000149	As010G224610	XP_010455308.1, XP_019095493.1, XP_010443729.1, XP_010455299.1, XP_010443725.2, XP_010443735.1, XP_010443736.1, XP_010443739.1, XP_019092996.1, XP_019095498.1, XP_019092982.1, XP_019095503.1, XP_019093247.1, XP_010455320.1, XP_010426071.1, XP_010514962.1, XP_010503250.1
OG0000150	As010G225180, As010G225220, As010G225210	XP_010431628.1, XP_019082720.1, XP_010474468.1, XP_010429629.1, XP_010474467.1, XP_019099657.1, XP_019085504.1
OG0000151	As007G166070	XP_010448055.1, XP_010438527.1, XP_010433285.1
OG0000151	As011G263600	XP_010516221.1, XP_010496667.1, XP_010489253.1
OG0000151	As002G047900	XP_019087079.1, XP_010450714.1, XP_010483082.1
OG0000151	As001G030700	XP_010441335.1, XP_019091804.1, XP_010418477.1, XP_010473679.1, XP_010430541.1
OG0000154	As007G152520	XP_010497610.1, XP_010459142.1, XP_010476705.1
OG0000154	As009G210670	XP_010465032.1, XP_010499184.1, XP_010486980.1
OG0000154	As002G034300	XP_010464591.1, XP_010473075.1, XP_010486515.1
OG0000154	As005G107550	XP_010423853.1, XP_019097656.1, XP_010452093.1
OG0000155	As003G059350	XP_010448157.1, XP_010433385.1, XP_010445100.2, XP_019085366.1, XP_010507381.1, XP_010456994.1, XP_010424665.1, XP_010429228.1, XP_010456978.1, XP_019084252.1, XP_010424667.1, XP_010470984.1, XP_010415122.1, XP_010439485.1, XP_010449073.1, XP_010434187.1
OG0000156	As012G287040, As012G287050	XP_019093574.1, XP_019082501.1, XP_019093195.1
OG0000156	As005G101590, As008G189910, As005G101570, As005G101560, As005G101580	XP_010506516.1, XP_010508150.1, XP_010518177.1
OG0000156	As001G028010	XP_010413500.1
OG0000161	As001G013550, As001G029600, As001G029610	XP_019086961.1, XP_010483885.1, XP_019087008.1, XP_019093450.1, XP_019095938.1, XP_010457940.1, XP_010457951.1, XP_019096086.1, XP_010500848.1, XP_019091952.1, XP_010513305.1, XP_019083613.1, XP_010510750.1, XP_019093846.1, XP_010495046.1, XP_010463280.1, XP_019088340.1
OG0000162	As012G286400, As012G286420, As012G286480, As012G286450, As012G286430, As012G286540, As012G286510, As012G286530, As012G286410, As012G286470, As012G286550, As012G286570	XP_010512373.1, XP_010469180.1
OG0000162	As005G102210	XP_010508228.1, XP_010507742.1, XP_010518105.1, XP_010470042.1
OG0000162	As005G102220	XP_010414474.1
OG0000164	As011G264140, As011G262780	XP_010447861.1, XP_010433102.1, XP_010480758.1
OG0000166	As011G260470, As002G040840	XP_010445342.1
OG0000166	As010G228020, As004G081580, As001G006820, As003G064800, As010G230400, As010G226530, As002G041150, As009G205490, As001G005350, As008G194830, As002G036330, As008G185730, As010G227240, As009G213530, As001G028210, As006G147470, As012G278710, As009G209860, As012G278700, As009G212490, As003G065570, As004G089950, As010G228950, As010G228940, As005G111670, As004G092330, As003G068080	XP_019087380.1, XP_010480439.1, XP_019099895.1, XP_010501661.1
OG0000167	As003G057890	XP_019098659.1, XP_010439682.1, XP_010434386.1, XP_010449327.1
OG0000168	As008G194570	XP_019095868.1, XP_010445568.1, XP_010431475.1, XP_010473894.1
OG0000168	As010G230090	XP_010424592.1
OG0000171	As005G099780, As012G288230	XP_010518410.1
OG0000171	As007G159620, As001G020870	XP_010475938.1, XP_010491587.1
OG0000171	As009G200410	XP_010492280.1, XP_010453596.1, XP_010420114.1
OG0000175	As010G220360	XP_010426685.1, XP_010515535.1, XP_010503823.1
OG0000175	As007G156270	XP_010477239.1, XP_010459691.1, XP_010498441.1
OG0000175	As011G263590	XP_010437541.1, XP_019086115.1, XP_010447010.1
OG0000175	As011G264780, As003G072250	XP_010467579.1, XP_010413444.1
OG0000184	As004G089570	XP_019087451.1, XP_019092310.1, XP_019085497.1, XP_019084338.1, XP_019094578.1, XP_019089217.1, XP_010473661.1, XP_019087261.1, XP_019100948.1, XP_019088769.1, XP_019097427.1, XP_019082663.1, XP_019098367.1, XP_019099645.1, XP_019098403.1, XP_019099574.1, XP_019094540.1, XP_019085257.1
OG0000187	As001G003940	XP_010477477.1, XP_010447527.1, XP_019087250.1, XP_019086672.1, XP_019086203.1
OG0000187	As001G003960	XP_019086660.1, XP_010445028.1
OG0000189	As003G074800	XP_010490335.1, XP_010423607.1
OG0000190	As004G085680	XP_010432767.1, XP_010422269.1, XP_010424589.1, XP_010468078.1, XP_010455738.1, XP_010455732.1, XP_010422268.1, XP_010432755.1, XP_010496365.1, XP_010455731.1, XP_019089409.1, XP_010455743.1, XP_019089416.1, XP_010432626.1, XP_010422277.1, XP_010455740.1, XP_010456914.1, XP_010432646.2, XP_010422274.1, XP_010455742.1, XP_010432720.1, XP_010432744.1, XP_010432614.1, XP_010422279.1
OG0000191	As007G152760	XP_010487521.1, XP_010468209.1, XP_010504457.2
OG0000192	As007G157190	XP_010428765.1, XP_010419233.1
OG0000195	As001G028840	XP_010470516.1, XP_010415183.1, XP_010435687.1, XP_010450539.1, XP_010511465.1, XP_010440887.1
OG0000195	As002G033300	XP_010454449.1, XP_010514736.1, XP_010493243.1, XP_010503055.1, XP_010420972.1
OG0000200	As008G194290	XP_010431183.1, XP_010412674.1, XP_010507356.1
OG0000203	As006G136770	XP_010424055.1, XP_010495148.1, XP_010456489.1, XP_010491919.1, XP_010424061.1, XP_010456497.1, XP_010495153.1, XP_010424059.1, XP_010495151.1, XP_010453223.1, XP_010495152.1, XP_010424060.1, XP_010424062.1, XP_010456498.1, XP_010495156.1, XP_019097703.1, XP_019097317.1, XP_019084656.1
OG0000204	As011G254640, As011G254620, As011G254600, As011G254610, As011G254630, As011G254590	XP_010468380.1, XP_019096687.1, XP_010490038.1, XP_010421105.1
OG0000207	As003G061070	XP_010429708.1, XP_010429712.1, XP_010463689.1, XP_010429704.1, XP_010429703.1, XP_010429705.2, XP_010417480.1, XP_010511557.1, XP_010415172.1, XP_010470503.1, XP_010497418.2, XP_010436614.1, XP_010436612.1, XP_019089432.1, XP_010429702.1, XP_010451553.1, XP_010430800.1, XP_019085414.1
OG0000208	As003G075200, As003G075180, As003G075210, As003G060140	XP_019086625.1, XP_010437072.1, XP_010446497.1
OG0000208	As003G075160	XP_010431923.1, XP_010446498.1, XP_010482589.1, XP_010442757.1, XP_010444711.1, XP_010444065.1, XP_010482535.1, XP_010442700.1
OG0000213	As002G038840	XP_010429234.1, XP_010472296.1, XP_010429230.1, XP_010472298.1, XP_010429242.1, XP_010472301.1
OG0000215	As011G258310	XP_010430737.2, XP_019094505.1
OG0000217	As001G019850	XP_010511059.1, XP_019094064.1, XP_010470258.1, XP_010511072.1, XP_010414643.1, XP_019093266.1
OG0000217	As007G177020	XP_010470195.1
OG0000218	As001G022650	XP_010459011.1, XP_010459012.1, XP_010476570.1, XP_010496673.1, XP_010425329.1, XP_010430761.1, XP_010502572.1, XP_010514273.1, XP_010425353.1, XP_010513878.1, XP_010424925.1, XP_010502132.1, XP_010513879.1
OG0000219	As001G028500, As001G028480	XP_010415221.1, XP_010470559.1, XP_010511861.1, XP_019082626.1, XP_010511589.1, XP_010470560.1
OG0000219	As003G064990	XP_010459998.1, XP_010460029.1, XP_010460021.1, XP_010460010.1, XP_010444206.1, XP_010459987.1, XP_010444207.1, XP_010484048.1, XP_010484049.1
OG0000220	As010G225590, As010G227890	XP_019101236.1, XP_010516402.1, XP_010512941.1
OG0000221	As002G040520	XP_010418555.1, XP_019094587.1, XP_019092256.1, XP_010501655.2, XP_010424571.1, XP_010424981.1, XP_010467026.1, XP_010451819.1, XP_010480935.1, XP_010463104.1, XP_010422284.1, XP_010474005.1, XP_010419179.1, XP_010507018.1
OG0000224	As010G235950, As010G235920, As010G235890, As010G235940, As010G235900, As010G235880	XP_010416697.1, XP_010428831.1, XP_010471946.1, XP_010416696.1, XP_010428832.1
OG0000224	As001G031540	XP_019091399.1, XP_010447532.1, XP_010438007.1, XP_010438010.1, XP_010432829.1, XP_010430399.1, XP_010418326.1, XP_010414749.1, XP_019094840.1, XP_019093546.1, XP_010430401.1, XP_010430398.1, XP_010473547.1, XP_010418327.1, XP_010473545.1, XP_010430397.1
OG0000225	As003G069680, As003G070050	XP_019094807.1, XP_010499458.1, XP_010460723.1, XP_010478307.1, XP_010478304.1, XP_010478308.1, XP_010478305.1, XP_010499461.1, XP_010478318.1, XP_010478317.1
OG0000228	As007G159250	XP_010421666.1
OG0000228	As010G233780, As010G233750	XP_019091213.1
OG0000228	As010G233770, As011G262150, As010G233790, As010G233800	XP_010415777.1, XP_010427882.1, XP_010471089.1, XP_010415785.1, XP_010427896.1, XP_019093826.1, XP_010427881.1, XP_010415776.1
OG0000231	As004G077900	XP_010445621.1, XP_010435780.1, XP_010450882.1
OG0000231	As001G028220	XP_010470704.1, XP_010415365.1, XP_010511737.1, XP_010513629.1, XP_010496863.1
OG0000232	As002G036540, As006G139020	XP_010464097.1, XP_010486027.1, XP_010430543.1, XP_010486026.2, XP_010464098.1, XP_010489766.1, XP_010489765.1, XP_019092170.1, XP_010486745.2, XP_019092172.1, XP_019092174.1, XP_010486706.1, XP_010486751.1, XP_019096353.1, XP_010489521.1, XP_019096354.1, XP_010464796.1, XP_010468108.1, XP_010418698.2, XP_019101160.1, XP_010486594.1, XP_019096300.1, XP_019096357.1, XP_010489735.1, XP_010486741.1, XP_010486729.2, XP_019090683.1, XP_019083959.1, XP_019092179.1, XP_010489763.1, XP_019099452.1, XP_019096356.1, XP_019097045.1, XP_010418689.1, XP_019096691.1
OG0000233	As007G163840	XP_010484917.1
OG0000233	As005G111800	XP_010507468.1, XP_010484754.1
OG0000234	As012G281460	XP_010504354.1, XP_010516066.1, XP_010427258.1
OG0000234	As006G143800	XP_010516065.1, XP_010504353.1, XP_010427257.1, XP_010517272.1, XP_010505600.1, XP_010509030.1
OG0000234	As009G210340	XP_010453438.1, XP_010492119.1, XP_010419943.1
OG0000237	As010G229740	XP_010468276.1, XP_010451506.1, XP_010480761.1, XP_019085442.1, XP_019089196.1, XP_010484884.1, XP_010419151.1, XP_019092320.1, XP_019093275.1, XP_010497058.1, XP_019099557.1, XP_019092386.1
OG0000237	As011G257810	XP_010419100.1, XP_019092319.1, XP_010495607.1, XP_019087539.1, XP_010445604.1, XP_019088621.1, XP_010463369.1, XP_010456809.1, XP_010456822.1, XP_019090140.1, XP_019092379.1, XP_010468691.1, XP_010480983.1, XP_019089250.1, XP_019094468.1, XP_010480714.1, XP_010507075.1, XP_010506866.1, XP_010436864.1, XP_010506891.1, XP_010484719.1, XP_010506868.1, XP_019100790.1, XP_019097501.1
OG0000242	As008G183340, As008G183330	XP_010488954.1, XP_010518146.1, XP_010467297.1, XP_019090990.1, XP_010518159.1, XP_010488956.1, XP_010467298.1, XP_010476441.1, XP_010495747.1, XP_010458885.1, XP_010480469.2, XP_010458886.1, XP_010495755.1, XP_010458887.1, XP_010458880.1, XP_010495739.1, XP_010476440.1
OG0000244	As003G059930	XP_010448984.1, XP_010439415.1, XP_010434115.1
OG0000244	As004G085820	XP_010432250.1, XP_010422316.1, XP_010455784.1
OG0000244	As003G059920, As003G059880, As003G059910, As003G059890, As003G059900	XP_010448994.1, XP_010434119.1, XP_010439419.1, XP_010448986.1, XP_010448990.1, XP_010448988.1
OG0000244	As004G085860, As004G085850	XP_010432240.1, XP_010422318.1, XP_010455785.1, XP_010422317.1, XP_010432232.1, XP_010455786.1
OG0000248	As001G019970, As001G019960, As001G019950, As001G019930, As001G019460, As001G019420	XP_010414804.1, XP_010511356.1
OG0000249	As012G276740	XP_010412902.1
OG0000249	As006G145310	XP_010509439.2, XP_010505225.1, XP_010516903.2, XP_010516904.1, XP_010509434.1
OG0000249	As006G145330, As008G193990, As006G145350, As006G145320	XP_010479272.1, XP_010461668.1, XP_010500378.1, XP_019101281.1, XP_010505227.1, XP_019101282.1, XP_010516907.1
OG0000256	As006G142430	XP_019097596.1, XP_019085446.1
OG0000257	As002G035710, As012G268510	XP_019099106.1, XP_019096799.1, XP_019092661.1, XP_019092659.1
OG0000258	As002G048970	XP_010451917.1, XP_010483230.1
OG0000258	As001G025260	XP_010514271.1
OG0000264	As004G086270, As010G229170	XP_010455956.1, XP_010422514.1, XP_010430556.1
OG0000268	As001G023230	XP_010424976.1, XP_010502212.1, XP_010513957.1
OG0000268	As001G023220, As001G023200	XP_010430257.1, XP_010497442.1
OG0000268	As005G106920	XP_010452016.1, XP_010490600.1, XP_010423917.1
OG0000268	As012G278370	XP_010427083.1, XP_010515930.1, XP_010504206.1
OG0000270	As010G237880	XP_010416452.1
OG0000270	As007G156110	XP_010471677.1
OG0000271	As004G086280	XP_010431529.1
OG0000272	As003G064910	XP_010468589.1, XP_010424048.1, XP_019085363.1, XP_010506876.1, XP_010507041.1, XP_010431262.1, XP_010457034.1
OG0000272	As006G146450	XP_019093238.1
OG0000273	As007G156970	XP_010482483.1, XP_010446031.1, XP_010443330.1
OG0000273	As012G273480	XP_010479293.1, XP_010500406.1, XP_010461696.1, XP_010479292.1, XP_019096267.1
OG0000274	As005G114920	XP_010483616.1, XP_010443747.1, XP_010455424.1
OG0000274	As010G224670, As010G224890	XP_010426062.1, XP_010514956.1, XP_010514955.1, XP_010503242.1, XP_010426063.1
OG0000274	As006G128840, As006G128830	XP_010510485.1, XP_010414380.1, XP_010469948.1
OG0000276	As009G205840, As009G205860, As003G058460, As001G005010, As004G093920	XP_010435288.1
OG0000276	As011G256110	XP_010421803.1, XP_010421801.1, XP_010415200.1, XP_010470531.1, XP_010511460.1
OG0000276	As007G163350, As007G163430	XP_019088231.1, XP_019088984.1, XP_019086168.1
OG0000277	As004G096710	XP_019098756.1, XP_010434933.1, XP_010449910.1, XP_019087952.1, XP_019098739.1, XP_010440262.1, XP_010440261.1, XP_010449907.1, XP_010434931.1, XP_010449908.1, XP_010434932.1, XP_010440263.1, XP_010449909.1, XP_019087973.1
OG0000277	As004G096720	XP_010440259.1
OG0000279	As001G004840, As010G237280	XP_019085447.1
OG0000279	As007G165600	XP_019098349.1
OG0000282	As002G055220	XP_010497197.1, XP_010491374.1, XP_010423194.1, XP_010452722.1, XP_010452723.1, XP_010497851.1
OG0000283	As006G125110	XP_010442026.1
OG0000283	As006G125160, As006G125170, As006G125120, As006G125130	XP_019095932.1, XP_010494318.1, XP_010494317.1, XP_010481869.1, XP_010442030.1, XP_010494320.1, XP_010494321.1, XP_010442028.1, XP_010442027.1, XP_019088257.1, XP_010494316.1, XP_019087972.1, XP_010481871.1, XP_010442032.1, XP_010494314.1
OG0000284	As006G139300	XP_010456758.1, XP_010497082.1, XP_010421525.1, XP_010456733.2, XP_010455018.1, XP_010455019.1, XP_010421527.1, XP_010421526.1, XP_010421522.1
OG0000284	As006G139290	XP_010464143.1, XP_019095548.1, XP_010486065.1, XP_010464142.1, XP_010466902.1, XP_010474228.1, XP_010486066.1, XP_010464144.1, XP_010433119.1, XP_010471368.1
OG0000294	As011G249490	XP_010505371.1, XP_010465788.1, XP_010487618.1
OG0000294	As006G145420	XP_010516917.1, XP_010505234.1, XP_010509423.1
OG0000294	As005G099900	XP_010518399.1, XP_010506734.1, XP_010507932.1
OG0000294	As006G122700	XP_010422683.1, XP_019088848.1, XP_010456120.1
OG0000294	As008G198060	XP_010457229.1
OG0000295	As011G246810	XP_010470433.1
OG0000297	As008G198730	XP_019096446.1, XP_010490081.1, XP_010421667.1, XP_010421657.1, XP_010432164.1, XP_010446775.1, XP_010437333.1, XP_010451030.1, XP_010437330.1
OG0000297	As005G114280	XP_010443844.1, XP_010483690.1, XP_010477623.1
OG0000299	As010G241870, As010G241880	XP_010495861.1, XP_010502926.1, XP_010425706.1, XP_010428976.1, XP_010472066.1
OG0000299	As010G241860, As009G207860	XP_019091189.1
OG0000299	As012G267900	XP_019096711.1, XP_010480156.1
OG0000303	As003G069740	XP_010431415.1, XP_019084337.1, XP_010516087.1, XP_010436398.1, XP_010489240.1, XP_010421043.1, XP_019093580.1, XP_010435589.1, XP_019090874.1, XP_010418897.1, XP_010507441.1, XP_019093585.1, XP_019090029.1, XP_010455442.1
OG0000308	As010G240850, As010G240840, As010G240940, As010G240920	XP_010428182.1, XP_010471319.1, XP_019091685.1, XP_019095335.1, XP_019094416.1, XP_010416063.1, XP_010428192.1, XP_010471330.1, XP_019085619.1, XP_019085082.1, XP_019083321.1, XP_010471326.1, XP_010441159.1, XP_019086831.1, XP_019089647.1, XP_010450684.1, XP_010435942.1, XP_010441152.1, XP_010498130.1, XP_019089227.1, XP_010476918.1, XP_019089160.1, XP_010451551.1, XP_010463278.1
OG0000310	As005G115910, As001G004860, As001G003850, As005G113880	XP_019098199.1, XP_019091027.1, XP_010446197.2, XP_010477358.2, XP_010485234.1
OG0000311	As009G202530	XP_019083838.1, XP_010453820.1, XP_010492569.1
OG0000311	As012G273730	XP_010500377.1
OG0000311	As011G249880	XP_019092422.1, XP_010487679.1, XP_010505938.1, XP_019102406.1
OG0000311	As004G077290	XP_010435595.1, XP_010440874.1, XP_010450518.1
OG0000311	As001G029000	XP_010511548.1, XP_010470493.1, XP_010415162.1
OG0000313	As003G058420	XP_010439607.1, XP_010449212.1, XP_010445254.2
OG0000313	As007G163450, As007G163440	XP_010434309.2
OG0000313	As003G064930	XP_019089144.1
OG0000314	As008G195840	XP_010484183.1, XP_010475139.1, XP_010457533.1
OG0000314	As006G125760	XP_010469563.1, XP_019101347.1, XP_010413966.1, XP_010457534.1, XP_010475140.1
OG0000315	As006G137990, As006G137760	XP_010430877.1, XP_010469488.1, XP_010445480.1, XP_010422301.1
OG0000316	As008G187440, As008G187910	XP_019084641.1, XP_010471614.1, XP_019084234.1, XP_010468279.1, XP_010445964.1, XP_010484956.1, XP_010493426.1, XP_010443097.1, XP_010471603.1
OG0000319	As006G129730, As005G114310, As008G191530	XP_010475572.1, XP_019100519.1, XP_010517279.1, XP_010488173.1, XP_010488164.1, XP_010458008.1, XP_010443839.1, XP_019094876.1, XP_010443836.1, XP_010483687.1, XP_010458006.1, XP_010483684.1, XP_010456336.1, XP_019101247.1, XP_010475574.1
OG0000321	As001G010170	XP_010436711.1, XP_010445556.1, XP_010451690.2, XP_010451696.2, XP_010436717.1, XP_010451708.1, XP_019086499.1, XP_010440854.1, XP_010445557.1, XP_019086698.1, XP_010440853.1, XP_019086166.1, XP_010440850.1, XP_010450499.1, XP_010445561.2, XP_010435577.2
OG0000322	As009G214030	XP_010472056.1, XP_019083440.1, XP_010431549.1
OG0000322	As001G014750	XP_019098473.1
OG0000322	As007G153590	XP_010507659.1, XP_010412966.1, XP_010507661.2, XP_019101077.1
OG0000323	As002G045490	XP_019087663.1, XP_019088000.1, XP_019095794.1
OG0000323	As005G112480	XP_019089315.1, XP_019088556.1, XP_019086422.1
OG0000327	As008G195090, As008G195100, As011G263130	XP_019094276.1, XP_019091193.1, XP_019099170.1
OG0000329	As007G180560	XP_010507735.2, XP_019101980.1, XP_010512885.1, XP_010413052.1, XP_010507734.1, XP_010512849.1, XP_010413051.2, XP_010512884.1, XP_010413024.1, XP_010507713.1, XP_010413025.1, XP_010507714.1, XP_019099809.1, XP_019101991.1, XP_010518074.1, XP_010506398.1, XP_010512850.1
OG0000332	As001G030000	XP_010414865.1
OG0000332	As002G033230	XP_010493056.1, XP_010493058.1, XP_010420793.1, XP_010454260.1, XP_010454262.1
OG0000332	As011G251780, As012G272450	XP_010461854.1, XP_010479400.1, XP_010500555.1, XP_010473400.1, XP_010430201.1, XP_010418156.1
OG0000334	As012G277630	XP_010504153.1, XP_010427040.1, XP_010515881.1
OG0000334	As006G146780	XP_010509284.1, XP_019102506.1, XP_010456033.1, XP_010456035.1, XP_010456034.1, XP_010456037.2, XP_010429650.1, XP_010429638.1, XP_019090656.1, XP_019090657.1
OG0000339	As003G061400	XP_010433914.1, XP_010448716.1, XP_010439184.1
OG0000339	As006G121550	XP_010456290.1, NP_001289902.1, XP_010427011.1
OG0000339	As005G101130, As012G287430	XP_010506589.1, XP_010518252.1, XP_010508083.1, XP_010469077.1, XP_010512489.1, XP_010413405.1, XP_010469076.1
OG0000340	As005G103820	XP_010508417.1, XP_010506232.1, XP_010505944.1, XP_019101985.1
OG0000340	As005G103800, As005G103810	XP_010506245.1, XP_010506244.1, XP_010517927.1, XP_010508409.1, XP_010508411.1, XP_010506238.1, XP_010517925.1
OG0000344	As009G215190, As009G215530	XP_019084256.1, XP_010454939.1
OG0000348	As002G041810	XP_010493896.1, XP_019085791.1, XP_010440649.1
OG0000348	As002G040050	XP_010446147.1, XP_010467192.1, XP_019091323.1, XP_010440415.1, XP_019087059.1, XP_010492499.1, XP_010513379.1
OG0000350	As003G070220, As003G070200	XP_010460751.2, XP_010478345.2, XP_019095691.1
OG0000351	As009G207800	XP_010468170.1
OG0000351	As011G246700, As011G246690	XP_010487254.1, XP_010488444.1
OG0000351	As009G207810, As011G246650	XP_010468172.1, XP_010421065.1
OG0000352	As007G153380	XP_010459251.1, XP_010498033.1, XP_010476829.1
OG0000358	As006G124930, As008G196330	XP_010475077.1, XP_010422976.1, XP_010491581.1, XP_010452943.1, XP_010457465.1, XP_010483343.1
OG0000358	As008G196390	XP_010442005.1, XP_010481843.1, XP_010494341.1, XP_010491580.1, XP_010422977.1, XP_010452942.1, XP_010452941.1, XP_010491579.1
OG0000359	As012G275420	XP_010509751.1, XP_010504898.1, XP_019102454.1
OG0000360	As005G119730	XP_010464770.1, XP_010444718.1
OG0000368	As003G073560, As003G073580	XP_010437239.1, XP_019089733.1, XP_010446677.1, XP_010432068.1, XP_010446673.1
OG0000368	As003G073600, As003G073590	XP_010470529.1, XP_010415198.1, XP_010513554.1, XP_010511484.1, XP_010415197.1, XP_010470528.1, XP_010451019.1, XP_010432067.1, XP_010437237.1, XP_010446670.1, XP_010432066.1
OG0000370	As007G153440	XP_010498039.1, XP_010476835.1, XP_010476836.1, XP_010498040.1, XP_010459260.1, XP_010476833.1, XP_010498038.1, XP_010459259.1, XP_010448855.1, XP_010448451.1, XP_010433658.1
OG0000371	As005G099710, As005G099720	XP_010462891.2, XP_010518416.1, XP_010506753.1, XP_010474951.1, XP_010481842.1, XP_019098943.1, XP_010458541.1, XP_019094831.1, XP_010460297.1, XP_019102053.1
OG0000372	As006G132540, As006G132550	XP_010438650.1, XP_010448169.1, NP_001289903.1, XP_010448171.1, XP_010448168.1, XP_010438649.1, XP_010438652.1, XP_010448170.1
OG0000374	As012G273470, As012G273550	XP_010434091.1, XP_010448948.1, XP_019088731.1, XP_010448949.1, XP_010439375.1
OG0000377	As001G021080	XP_010418018.1, XP_010510914.1
OG0000377	As001G021090	XP_010475965.1, XP_010491924.1, XP_010458446.1
OG0000378	As003G067400	XP_019089105.1, XP_010513076.1, XP_010451705.1, XP_010463333.1, XP_010445308.1, XP_019098182.1, XP_010474904.1, XP_010462874.1, XP_010495377.1, XP_019097517.1, XP_010468538.1, XP_010448992.2, XP_010431300.1, XP_019097461.1, XP_010506932.2, XP_010513141.2, XP_010430905.1, XP_010424554.1, XP_010424303.1, XP_010490047.1
OG0000382	As006G122900	XP_010413275.1, XP_010468948.1, XP_010457244.1, XP_010474672.1, XP_010481127.1, XP_010456084.1, XP_010429159.1, XP_010422641.1
OG0000382	As008G188710	XP_010475745.1, XP_010458197.1, XP_010489783.1
OG0000383	As003G069230	XP_019091805.1, XP_019099257.1, XP_019095133.1, XP_010478238.1, XP_019099259.1, XP_010460977.1, XP_010499707.1, XP_010478903.1, XP_010460979.1
OG0000383	As003G069340, As003G069370, As003G069310, As003G069390, As003G069380	XP_019095128.1, XP_019091794.1, XP_019095132.1, XP_010499588.1, XP_019091062.1, XP_019095131.1, XP_019099258.1, XP_010499396.1, XP_019099253.1
OG0000384	As011G247740	XP_010500902.1, XP_010479807.1, XP_019095016.1, XP_019094847.1, XP_010500901.1, XP_019094591.1, XP_019096566.1
OG0000386	As012G276900, As012G276880	XP_010426967.1, XP_010412751.2, XP_010504087.1, XP_019085832.1, XP_019102327.1, XP_010515819.1, XP_010431317.2
OG0000390	As011G251840	XP_010468314.1, XP_019096246.1, XP_010466112.1, XP_019092417.1, XP_010468300.1, XP_010487640.1, XP_010465803.1
OG0000392	As010G221200, As010G221190, As010G221180	XP_019089271.1, XP_019089443.1, XP_010515390.1
OG0000396	As001G026970	XP_010514536.1, XP_010425612.2
OG0000396	As001G026990, As001G027000, As001G027010	XP_010430842.1, XP_010514540.1, XP_010502833.1, XP_010425621.1, XP_010514543.1, XP_010425617.1, XP_010425615.1, XP_010412435.1
OG0000397	As003G066740	XP_010463204.1, XP_010490437.1, XP_010456773.1, XP_019093259.1
OG0000398	As012G268810	XP_010462363.1, XP_010480046.1, XP_010501132.1
OG0000403	As001G020780, As001G020790	XP_010417966.1, XP_010473211.1
OG0000404	As012G276100	XP_010496575.1, XP_010464864.1, XP_010509506.1, XP_010505148.1, XP_010486813.1, XP_010516824.1, XP_010515728.1, XP_010504004.1, XP_010426877.1
OG0000406	As006G136090	XP_010492630.1, XP_010453876.1, XP_010492631.1, XP_010453874.1, XP_010420405.1, XP_010492633.1, XP_010420406.1, XP_010453873.1, XP_010512261.1, XP_019101713.1, XP_010413633.1, XP_010506197.1, XP_010463754.1, XP_010485644.1
OG0000407	As009G201130, As009G201860	XP_010431719.1, XP_010455570.1, XP_010434721.1, XP_010424534.1, XP_010434740.1, XP_010495206.1, XP_010424114.1, XP_019084705.1, XP_019090052.1, XP_019097357.1, XP_010431583.1, XP_019091239.1, XP_010431582.1, XP_010495059.1, XP_010466551.1, XP_019084239.1, XP_010421219.1
OG0000410	As001G021670, As001G021680	XP_010418120.2, XP_019093644.1, XP_010430153.1, XP_010418111.1, XP_010430159.1, XP_019093651.1, XP_010430157.1, XP_010418118.1
OG0000411	As001G022090	XP_010430246.1, XP_010473422.1, XP_010418184.1
OG0000411	As011G261620	XP_010412704.1, XP_010488773.1, XP_010467090.1
OG0000411	As004G085710	XP_010422287.1, XP_010432533.1, XP_010455753.1
OG0000411	As003G060010	XP_010448956.1, XP_010434097.1, XP_010439390.1, XP_010439386.1
OG0000412	As002G046400	XP_010448438.1, XP_010443041.1, XP_010482870.1
OG0000412	As006G132500	XP_010433394.1
OG0000412	As012G271680	XP_010500675.1, XP_010461941.1, XP_010479561.1
OG0000413	As011G245460	XP_019092209.1, XP_019096575.1, XP_019101606.1
OG0000413	As002G048240	XP_019087123.1, XP_019086102.1, XP_019089393.1, XP_019087894.1, XP_019087805.1, XP_019095752.1
OG0000413	As012G268650	XP_019099532.1, XP_019091667.1, XP_019094935.1
OG0000414	As003G058750, As003G058770, As003G058760	XP_010460314.1, XP_010477858.1, XP_019099203.1, XP_010477856.1, XP_019091047.1, XP_010499045.1, XP_010477860.1, XP_010460312.1, XP_010477857.1, XP_010460315.1, XP_019099204.1, XP_010434272.1, XP_010449160.1, XP_010439567.1, XP_019086521.1
OG0000415	As005G104640	XP_010495157.1, XP_010456499.1, XP_010424063.1, XP_010495543.1, XP_010421603.1, XP_010455116.1, XP_010512891.1, XP_010413018.1, XP_010510348.1
OG0000416	As006G125710	XP_010473910.1, XP_019082536.1, XP_010497335.1, XP_010510143.1, XP_010513149.1, XP_019093230.1, XP_010418725.1
OG0000416	As006G127220, As008G194210	XP_010501325.1, XP_010462571.1, XP_010480358.1, XP_010474439.1, XP_019082709.1, XP_010431597.1
OG0000417	As007G163710, As008G186410	XP_010468582.1, XP_010488518.1, XP_010468455.1, XP_010466812.1, XP_010488517.1, XP_010513338.1, XP_010512008.2, XP_010424549.1, XP_010422145.1, XP_010468611.1, XP_010456879.2, XP_010422078.1, XP_010490100.1, XP_010466809.1, XP_010466811.1, XP_010513317.1, XP_010490099.1, XP_010422068.1, XP_010513324.1, XP_010490101.1, XP_010513538.1, XP_019092530.1, XP_010488560.1, XP_010424565.1, XP_010468723.1, XP_010456889.1, XP_010456920.1, XP_010467905.1, XP_010472725.1, XP_010456810.1, XP_010438256.1
OG0000420	As010G222670	XP_010414662.1, XP_019102561.1, XP_010505751.1, XP_010512932.1
OG0000420	As001G015280	XP_010443101.1, XP_010482918.1, XP_010443130.1, XP_010485137.1
OG0000421	As004G078160, As004G078150	XP_010435818.1, XP_010441036.1, XP_010450837.1, XP_010450835.1, XP_010435820.1, XP_010450836.1
OG0000422	As008G188280, As008G188290, As008G188300	XP_010490072.1, XP_010458234.1, XP_010475786.1, XP_010490093.1, XP_010458237.1, XP_010475788.1, XP_010458233.1, XP_010475785.1, XP_010490060.1
OG0000423	As010G241040	XP_010428171.1, XP_010471304.1, XP_010416036.1
OG0000429	As009G215310	XP_019090443.1, XP_010421391.1, XP_010493796.1
OG0000429	As002G052030	XP_010491838.1, XP_010419675.1, XP_010453166.1
OG0000429	As001G004910	XP_010437916.1, XP_010432727.1, XP_010472552.1, XP_010417319.1, XP_010429544.1
OG0000430	As011G263500	XP_010489230.1, XP_010516536.1, XP_010467390.1
OG0000430	As001G014590	XP_010432371.1, XP_010437558.1, XP_010447022.1
OG0000430	As007G181940	XP_010419253.1, XP_010429007.1, XP_010472091.1
OG0000431	As001G019780	XP_010414737.1, XP_010470262.1, XP_010511080.1
OG0000431	As008G187750	XP_010490519.1, XP_010458325.1, XP_010458324.1, XP_010475859.1, XP_010475860.1, XP_010490556.1
OG0000432	As002G044400	XP_010483069.2, XP_010482633.1, XP_010445119.1, XP_010442803.1
OG0000432	As006G134280	XP_010491086.1, XP_010448245.1, XP_010448248.1, XP_010438732.1, XP_010433476.1
OG0000432	As002G047750	XP_010443241.1, XP_010483071.1, XP_010450563.1, XP_010443242.1, XP_010483070.1
OG0000433	As003G075340	XP_010513495.1
OG0000433	As003G075370, As003G075380, As003G075360, As003G075330, As003G075320, As003G075390, As011G250230, As008G187390, As008G187380, As008G187400	XP_010511352.1, XP_010470317.1, XP_010510801.1, XP_019101556.1, XP_010414809.1
OG0000435	As001G004050, As006G138290	XP_010418827.1, XP_019095364.1
OG0000436	As011G266430, As002G048360	XP_010448305.1, XP_010438783.1, XP_010433532.1, XP_010451403.1, XP_010443321.1, XP_010483148.1, XP_010447858.1, XP_010438305.1, XP_019086208.1, XP_010416693.1, XP_010495943.1, XP_010489134.1, XP_010495958.1
OG0000437	As003G062850	XP_010461190.1, XP_010478784.1
OG0000438	As004G085300	XP_010433312.1, XP_010422229.1, XP_010422228.1, XP_010455705.1
OG0000439	As008G194170	XP_010501336.1, XP_010462577.1, XP_010475323.1, XP_010480362.1, XP_010475326.1, XP_010485800.1
OG0000439	As012G285510	XP_010469311.1, XP_010512210.1
OG0000439	As006G127290	XP_010510201.1, XP_010469704.1, XP_010414131.1
OG0000440	As006G136440	XP_010507575.1, XP_010509504.1, XP_010412895.1, XP_010495251.1, XP_010420472.1, XP_010424139.1, XP_010495252.1, XP_010480047.1, XP_010453946.1
OG0000441	As011G248660	XP_010487507.1, XP_010504325.1, XP_010465666.1
OG0000441	As011G248650	XP_010465664.1, XP_019101064.1, XP_019096190.1, XP_019096381.1, XP_010504265.1
OG0000446	As009G219000	XP_010483967.1, XP_010444102.1, XP_010459009.1
OG0000446	As001G023650	XP_010425046.1, XP_010502283.1, XP_010514049.1
OG0000446	As008G183010	XP_010458937.1, XP_010496054.1, XP_010476494.1
OG0000447	As011G247170	XP_010502450.1, XP_010487321.1, XP_010465442.1
OG0000447	As004G081330	XP_010509813.1, XP_010413792.1, XP_010469411.1
OG0000447	As003G069220	XP_010499393.1, XP_010460654.1, XP_010478232.1
OG0000448	As004G089550	XP_010494741.1, XP_010414344.1, XP_010481520.1, XP_019097583.1, XP_010477963.2, XP_010476777.1, XP_010465626.1, XP_010465561.1, XP_010494901.1, XP_010481391.1, XP_010441519.1, XP_010441520.2, XP_010481392.1, XP_010441517.1, XP_010481390.1, XP_010494902.1, XP_010441521.1, XP_010481393.1, XP_010494899.1, XP_010494898.1, XP_010445776.1, XP_010481397.1, XP_010495791.1
OG0000449	As010G224860	XP_010514926.1, XP_010426028.1, XP_010503215.1
OG0000449	As005G114720	XP_010443776.1, XP_010455715.1, XP_010483637.1
OG0000449	As010G224870	XP_010503214.1, XP_010426027.1, XP_010514925.1
OG0000449	As005G114730	XP_010483636.1, XP_010455704.1, XP_010443774.1
OG0000452	As001G002300, As001G002310	XP_010482054.1, XP_010439278.1, XP_010442224.1
OG0000453	As008G192270	XP_010487674.1
OG0000453	As008G192590	XP_010501361.1
OG0000454	As002G044440, As002G044430, As002G043530, As002G043510, As002G043520	XP_010442815.1, XP_010482643.1, XP_010445234.1
OG0000455	As007G178440	XP_010498645.1, XP_010459906.1, XP_010477435.1, XP_010414352.1, XP_010459916.1, XP_010414348.1, XP_010498651.1, XP_019100876.1, XP_019093709.1
OG0000458	As002G043040	XP_019088391.1, XP_019093894.1, XP_019095806.1
OG0000459	As003G058960	XP_010439525.1, XP_010449125.1, XP_019088960.1, XP_010439522.1, XP_010449332.1, XP_010449127.1, XP_010434240.1, XP_010439530.1, XP_010434244.1, XP_010449133.1
OG0000460	As005G099100	XP_010417968.1, XP_010473213.1
OG0000461	As008G199680	XP_010479259.1, XP_010496713.1, XP_010496480.1, XP_019098284.1
OG0000462	As009G214710	XP_010480902.2, XP_010431578.1, XP_010419276.1, XP_010419278.1, XP_010450777.1, XP_010445662.1, XP_010450781.1, XP_010435862.1, XP_010440950.1, XP_010450910.1, XP_010445096.1, XP_019086214.1, XP_010445091.1, XP_010448057.1, XP_010445095.1, XP_010436364.1, XP_010451151.1
OG0000463	As010G224360, As010G224370	XP_010426113.1, XP_010503290.1, XP_010431140.1, XP_010514997.2, XP_010426114.1, XP_010503291.2, XP_010514995.1, XP_010426112.1, XP_010503292.1, XP_010514993.1, XP_010426110.1, XP_010503287.1, XP_010426109.1, XP_010503281.1, XP_019102039.1, XP_019085511.1, XP_010431053.1, XP_010514987.1, XP_010426107.1, XP_010514991.1, XP_010503288.1, XP_010426115.1
OG0000466	As002G032990, As003G058720, As003G058680, As007G181090, As007G181100, As007G181730, As007G181390, As002G038080, As009G205530, As002G045940, As002G033580, As002G036910, As002G036900, As002G036920, As009G205540, As009G206460, As009G202280, As009G202290, As002G033670	XP_010452219.1, XP_010423724.1, XP_010415522.1, XP_019083180.1
OG0000468	As012G280020	XP_010516009.1, XP_010427180.1, XP_010504284.1
OG0000468	As006G144160	XP_010509096.1, XP_010517219.1
OG0000471	As003G069540, As003G069550	XP_010494455.1, XP_010499427.2, XP_010478267.1, XP_010460682.1, XP_010501640.2, XP_010499431.1
OG0000472	As004G097070, As004G097040, As004G097060, As004G097030, As004G097050	XP_010450701.1, XP_019087512.1, XP_010441139.1, XP_010435927.1
OG0000472	As004G097020	XP_010441134.1, XP_019089674.1, XP_010435922.1
OG0000473	As012G288330, As005G099530	XP_019094956.1
OG0000474	As009G216860, As011G261780, As010G222300	XP_010515228.1, XP_010503537.1, XP_010426394.1, XP_010429366.1, XP_010417154.1, XP_010472410.1, XP_010438132.1, XP_010432945.1, XP_010447671.1
OG0000477	As003G057970	XP_010483440.1, XP_010453688.1, XP_010517120.1, XP_010443579.1, XP_010423256.1, XP_010491309.1, XP_010452659.1
OG0000477	As004G084280, As009G211280	XP_010515129.1, XP_010489362.1, XP_010467507.1
OG0000480	As001G013010	XP_010463185.1, XP_010490257.1, XP_019082647.1, XP_010463196.1, XP_010501839.1
OG0000481	As001G021880	XP_010430191.1, XP_010473386.1, XP_010418144.1
OG0000482	As004G077750	XP_010415258.1, XP_010470602.1, XP_010511625.1
OG0000483	As002G047220	XP_010449578.1, XP_010443167.1, XP_010482985.1
OG0000484	As009G203850	XP_019089546.1, XP_010437375.1, XP_010494567.1, XP_019088163.1, XP_010494612.1, XP_010481619.1, XP_010494609.1, XP_010420518.1, XP_010492762.1
OG0000486	As001G013050, As001G013370	XP_010490431.1, XP_010458303.1, XP_010475846.1, XP_010458302.1
OG0000486	As001G013380, As001G013070, As001G013260	XP_019100173.1
OG0000487	As006G137570, As008G196100, As006G129680, As006G125350	XP_010463918.1
OG0000495	As007G179430, As007G177930	XP_010447811.1, XP_010433067.1, XP_010472344.1, XP_010429301.1, XP_010434766.1, XP_010472343.1, XP_010429302.2, XP_010419284.1, XP_019083733.1, XP_019093525.1, XP_010419286.1, XP_010429300.1
OG0000496	As002G041620, As001G004760	XP_010412465.1
OG0000496	As001G012100, As004G090800	XP_019099118.1
OG0000496	As002G041610	XP_010501928.1, XP_019096383.1, XP_019096387.1, XP_010501927.1, XP_019089168.1, XP_010436666.1, XP_010436668.1, XP_010496705.1, XP_010463186.1
OG0000497	As009G210870, As009G211010	XP_019099708.1, XP_010412735.1
OG0000497	As002G040610	XP_010468407.1
OG0000498	As002G045150	XP_010482731.1, XP_019087055.1, XP_010445775.1
OG0000499	As003G056720	XP_010517549.1, XP_010439866.1, XP_010434548.1
OG0000499	As011G246530	XP_010465333.1, XP_010487244.1, XP_010501901.1, XP_010465336.1
OG0000499	As012G269540	XP_010501892.1, XP_010487247.1, XP_010465338.1
OG0000500	As004G087530, As004G087510, As004G087540, As004G087560, As004G087480	XP_010441792.1
OG0000501	As010G232220	XP_010500014.1, XP_010461291.1, XP_010490514.1
OG0000504	As006G143860	XP_010452110.1, XP_010423841.1, XP_010490724.1, XP_010509022.1, XP_010517283.1, XP_010505608.1
OG0000504	As002G037010, As002G034340	XP_010464597.1, XP_010486523.1, XP_010473767.1
OG0000505	As009G215510	XP_010495486.1, XP_010454420.1, XP_010493219.1, XP_010421362.1, XP_010493760.2, XP_010499946.1, XP_010461230.1
OG0000506	As010G234690	XP_010503136.1, XP_010425915.1, XP_010491171.1, XP_010428038.1, XP_010419159.1, XP_010471205.1
OG0000509	As001G017890	XP_010440141.1
OG0000510	As001G020890, As001G020900	XP_010513352.1, XP_019093526.1, XP_010510943.1, XP_010473226.2, XP_010417985.1, XP_010417984.1, XP_010473232.1, XP_010510941.1, XP_010417986.1, XP_010510940.1
OG0000511	As011G254140	XP_010466479.1, XP_010510955.1
OG0000511	As001G032060	XP_010466481.1, XP_010430304.1, XP_010418242.1, XP_010473466.1
OG0000512	As003G061390	XP_010425917.1, XP_010467932.1, XP_019086520.1, XP_010445173.1
OG0000513	As006G146210	XP_010515859.1, XP_010427016.1
OG0000513	As005G114770	XP_010426034.2, XP_010514930.2, XP_010503220.2, XP_010483630.1, XP_010443766.1
OG0000514	As011G252640, As011G252630	XP_010466222.1, XP_010488012.1, XP_019102485.1
OG0000515	As012G267810	XP_010480181.1, XP_010501246.1, XP_010480176.1
OG0000520	As002G050660, As002G050220, As012G287100	XP_010413493.1, XP_010508123.1, XP_010512439.1, XP_010506530.1
OG0000521	As003G063570	XP_010501783.1, XP_019098257.1, XP_010461289.1
OG0000521	As004G080410	XP_010455312.1, XP_010421819.1, XP_010436066.1
OG0000521	As007G158420	XP_010428953.1, XP_010472047.1, XP_010416813.1
OG0000522	As004G083810	XP_019099349.1, XP_010461117.1, XP_019095351.1, XP_019089903.1, XP_010437025.1, XP_019090056.1, XP_019090403.1
OG0000523	As005G100530	XP_010508011.1, XP_010413085.1, XP_010512822.1
OG0000523	As012G287730	XP_010469020.1, XP_010413354.1, XP_019101737.1
OG0000524	As006G141600, As006G141560, As006G141590	XP_010486355.1, XP_010458152.1, XP_010464425.1, XP_010482057.1, XP_010439352.1, XP_010442229.1
OG0000525	As010G241940	XP_010472689.1, XP_010417456.1
OG0000525	As011G246900	XP_010502125.1, XP_010465388.1, XP_010487282.1
OG0000525	As012G269710	XP_010501002.1, XP_010462242.1, XP_010479911.1
OG0000526	As010G223400	XP_010503388.1, XP_010515083.1, XP_010426227.1
OG0000526	As010G223440	XP_010426224.1
OG0000529	As010G223810, As010G223800, As010G223830	XP_010426171.1
OG0000529	As005G113510, As005G113490, As005G113470	XP_010493350.1, XP_010454523.1, XP_010421052.1, XP_019097399.1, XP_010454517.1, XP_019084758.1
OG0000530	As009G203010, As009G203020, As009G203100, As009G203060, As009G202740	XP_019097367.1, XP_010495241.1, XP_010438435.1, XP_010492646.1, XP_019097863.1, XP_010453892.1, XP_019097368.1, XP_010495243.1, XP_010492645.1
OG0000533	As007G180830	XP_010416914.1
OG0000533	As003G075650	XP_010446452.1, XP_010429079.1, XP_010472155.1
OG0000534	As007G167300, As001G022180, As001G022190, As001G022170, As001G016060	XP_010430261.1, XP_010473438.1, XP_010431690.1, XP_010473433.1, XP_010418199.1, XP_010430260.1, XP_010473434.1, XP_010418198.1, XP_019085224.1, XP_019085670.1, XP_010418197.1, XP_010473432.1, XP_010430259.1, XP_010430228.1, XP_010418175.1
OG0000535	As001G023320	XP_019093615.1, XP_019085776.1
OG0000535	As001G023310	XP_010495961.1, XP_019099990.1, XP_010513973.1
OG0000536	As010G228630, As004G090520	XP_019097404.1, XP_019092280.1, XP_019097445.1, XP_019092257.1, XP_010467118.2, XP_010509858.2, XP_010463331.1, XP_010495571.1, XP_010474928.1, XP_019097490.1, XP_010513139.2, XP_019097398.1, XP_010496859.1, XP_010468467.1, XP_010451372.1, XP_010513078.2, XP_010451703.1, XP_019100851.1, XP_019087939.1, XP_010495570.1, XP_019093314.1, XP_010494784.1, XP_010510133.1, XP_010497451.1
OG0000537	As006G124070	XP_010455907.1, XP_010422477.1
OG0000537	As004G093070	XP_010435352.1, XP_010440629.1, XP_010450252.1, XP_019098759.1
OG0000537	As006G141200	XP_010486310.1, XP_010452756.1, XP_010464372.1
OG0000538	As005G103710, As005G103700	XP_010506253.1, XP_010517938.1, XP_010508399.1, XP_010506249.1, XP_019101200.1, XP_010506252.2, XP_010517937.1, XP_010508400.1
OG0000539	As005G120910	XP_010444863.1, XP_010484711.1, XP_010466396.1
OG0000540	As006G128870, As006G128860, As006G128850	XP_010469949.1, XP_010510486.1, XP_010414381.1, XP_010510487.1, XP_010414382.1, XP_010469950.1, XP_019093244.1, XP_010414383.1, XP_010510489.1, XP_010510490.1, XP_010414384.1, XP_010469952.1
OG0000541	As006G128960, As006G128940	XP_019083070.1
OG0000542	As009G202020	XP_010420293.1, XP_010492492.1, XP_010453766.1
OG0000542	As012G273170	XP_010463306.1, XP_019097523.1
OG0000543	As007G177800	XP_010474148.1, XP_010412620.1, XP_010417205.1, XP_010417206.1, XP_010443642.1, XP_010466707.1, XP_010468448.1, XP_010466070.1, XP_010446036.1, XP_010513192.1, XP_010513211.1, XP_019096447.1, XP_010482173.1, XP_010511683.1, XP_010472456.1
OG0000544	As008G195020, As008G195030, As008G195070, As008G195140, As008G195120	XP_010484845.1, XP_010457607.1, XP_019094977.1
OG0000545	As010G238530	XP_010471608.1, XP_010428506.1, XP_010416369.1
OG0000546	As011G264020, As011G264080, As011G264050, As011G264010, As011G264090, As011G264000, As011G264100, As011G263960, As011G264110, As011G263990, As011G264030, As011G264060, As011G263920, As011G264120, As011G263950, As011G263980	XP_010515632.1, XP_010489325.1, XP_010467460.1, XP_010467459.1, XP_010515645.1, XP_010489324.1, XP_010467457.1, XP_010489323.1, XP_010515668.1, XP_010423233.2, XP_010515680.1, XP_010515656.1, XP_010467458.1
OG0000550	As006G144690	XP_010516825.1, XP_010509505.1, XP_010426881.1, XP_010515730.1, XP_010504006.1
OG0000551	As005G117770	XP_010462809.1, XP_010444419.1, XP_010484268.1
OG0000551	As003G075520	XP_010446473.1, XP_010437052.1, XP_010431901.1
OG0000551	As002G053470	XP_010491630.1, XP_010452989.1
OG0000552	As007G159560, As003G061630	XP_010460127.1, XP_010498849.1, XP_010477636.1
OG0000553	As003G063010	XP_010463112.1
OG0000553	As003G063020, As003G063040	XP_010499926.1, XP_010461211.1
OG0000553	As003G063070, As003G063050	XP_019095915.1, XP_019094727.1, XP_010461209.1
OG0000555	As003G067180	XP_010456887.1, XP_010422188.1, XP_010424562.1, XP_010424561.1, XP_010468425.1, XP_019085352.1, XP_019084326.1, XP_019090147.1, XP_019091476.1, XP_010480409.1
OG0000556	As004G093660	XP_010440660.1, XP_010435310.1
OG0000556	As006G140800	XP_010439646.1, XP_010482144.1, XP_010442327.1
OG0000557	As012G286190	XP_010515443.1, XP_010503741.1, XP_010497014.1, XP_010512337.2, XP_010512339.1, XP_010469206.1, XP_010413579.1, XP_010413578.1, XP_010469205.1, XP_010512340.1
OG0000557	As005G102360	XP_010508251.1, XP_010518083.1, XP_010506414.1
OG0000559	As005G107810	XP_010423796.1, XP_010490762.1, XP_010495047.1, XP_019089977.1, XP_010424806.1, XP_010495048.2, XP_019084565.1, XP_010490741.1, XP_010490726.1
OG0000560	As005G115530	XP_019086971.1, XP_010455136.1, XP_019095508.1, XP_010443715.1, XP_010455146.1, XP_010455168.1, XP_019087201.1
OG0000561	As005G118160	XP_019095372.1, XP_010471873.1, XP_010428774.1, XP_010462391.1, XP_019088243.1, XP_010444474.1, XP_010462319.1, XP_010444482.1, XP_010484311.1, XP_019094195.1, XP_010444480.1, XP_010484312.1
OG0000562	As006G139230	XP_010486058.1, XP_010432712.1, XP_010464137.1
OG0000562	As009G200380	XP_010492276.1, XP_010420109.1, XP_010453592.1
OG0000562	As009G205610	XP_010421531.1, XP_010455024.1, XP_010493927.1
OG0000563	As007G152350	XP_019084162.1, XP_010456005.1, XP_019085120.1
OG0000564	As007G177230	XP_019088116.1, XP_010432827.2, XP_010445030.1
OG0000565	As010G233040	XP_010480637.1
OG0000566	As011G250840	XP_010445550.1, XP_010495322.1, XP_010454338.1, XP_019094875.1, XP_010461136.1, XP_010501750.2
OG0000567	As012G274310	XP_010434864.1, XP_010445355.1, XP_010451460.1
OG0000570	As006G135060	XP_010441141.1, XP_010485441.1, XP_010463597.1
OG0000570	As009G217810	XP_010443933.1, XP_010457011.1, XP_010483780.1
OG0000571	As005G113940	XP_010456740.1, XP_010483730.1, XP_010443883.1
OG0000571	As008G191230	XP_010458033.1, XP_010488337.1, XP_010475601.1, XP_010475600.1, XP_010458035.1, XP_010488345.1
OG0000572	As010G240020, As010G240030, As010G240050, As010G240010	XP_019101869.1, XP_010426048.1, XP_010507226.1, XP_019085505.1, XP_010503230.1, XP_010412582.1, XP_010412584.1, XP_010503232.1, XP_010431034.1
OG0000573	As012G270960, As012G270950, As012G270940	XP_019094892.1, XP_019096528.1
OG0000578	As008G187240	XP_010475906.1, XP_010458391.1, XP_010491190.1
OG0000578	As001G020350	XP_010511000.1, XP_019083116.1, XP_010470181.1
OG0000579	As002G044410	XP_010482634.1, XP_010445126.1, XP_010446063.2
OG0000579	As004G098040	XP_010436100.1, XP_010447565.1, XP_010441311.1
OG0000580	As005G102980	XP_010518016.1, XP_010508321.1
OG0000582	As005G113410	XP_010488781.1, XP_010458071.1, XP_010475633.1, XP_010454506.1, XP_010421033.1, XP_010493328.1
OG0000582	As006G130460	XP_010510762.1, XP_010417905.1, XP_010473144.1
OG0000583	As006G127330	XP_010475337.1, XP_010485698.1, XP_010457730.1, XP_010469697.1, XP_010414138.1, XP_010510208.1
OG0000583	As006G127350	XP_019101394.1, XP_019083081.1, XP_010469695.1
OG0000584	As006G124400	XP_019097720.1, XP_010441924.1, XP_010484849.1
OG0000584	As001G000400	XP_010447970.1, XP_010438443.1, XP_010415592.1, XP_010467803.1, XP_010489023.1
OG0000585	As012G275350	XP_010465351.1, XP_010501986.1, XP_010509745.1, XP_010516589.1, XP_010504908.1, XP_010460775.1, XP_010499515.1, XP_010478371.1
OG0000586	As011G263800	XP_019096953.1, XP_010467432.1, XP_010515842.1, XP_010467435.1, XP_010467430.1
OG0000586	As004G082960	XP_010494154.1, XP_010442182.1, XP_010482012.1
OG0000587	As006G122410	XP_010428363.1, XP_010422714.1, XP_010456152.1
OG0000587	As005G100170	XP_010507961.1, XP_010518372.1, XP_010506700.1
OG0000587	As008G198370	XP_010457179.1
OG0000588	As011G247080	XP_019097027.1, XP_010465426.1, XP_019101893.1
OG0000588	As005G104750	XP_010508551.1, XP_010413019.1
OG0000588	As012G269820	XP_010479886.1, XP_010462211.1, XP_010500970.1
OG0000589	As005G114800	XP_010455559.1, XP_010483627.1, XP_010443762.1
OG0000589	As010G224800	XP_010503222.1, XP_019085706.1, XP_010514933.1, XP_010514932.1, XP_010503221.1, XP_010426035.1
OG0000590	As006G138710	XP_010464083.1, XP_010486011.1, XP_010428897.1
OG0000590	As009G205980	XP_010493973.1, XP_010455086.1, XP_010421574.1
OG0000590	As008G197660	XP_010481254.1, XP_010457273.1, XP_010474859.1
OG0000591	As007G152600	XP_010476723.1
OG0000592	As011G250170	XP_010487724.1, XP_010506450.1, XP_010465892.1
OG0000592	As010G239910, As007G154690	XP_010498185.1, XP_010476972.1
OG0000593	As011G252190, As011G252250, As011G252270, As011G252260	XP_010511461.1, XP_010415199.1, XP_010450523.1, XP_010435606.1
OG0000594	As010G222860	XP_010426317.1, XP_010503458.1, XP_010515145.1, XP_019101881.1, XP_010412628.1, XP_010431121.1, XP_010431125.1, XP_010503457.1, XP_010515146.1, XP_010426321.1, XP_019102283.1
OG0000595	As010G226140	XP_010503102.1, XP_010514783.1, XP_010425872.1
OG0000596	As010G227450	XP_010443137.1, XP_010482946.1, XP_010449249.1, XP_019097352.1
OG0000600	As002G048280	XP_010483134.1, XP_019088758.1
OG0000600	As001G001180	XP_010433105.1, XP_010438308.1, XP_010447864.1
OG0000601	As009G201050, As006G135040	XP_010453685.1, XP_010492388.1, XP_010420210.1, XP_010439112.1, XP_010463593.1, XP_010485437.1
OG0000601	As001G027850	XP_010435830.2, XP_010450826.1, XP_010441045.1, XP_010502966.1, XP_010425739.1, XP_010514652.1
OG0000602	As012G276820	XP_010515813.1, XP_010426959.1
OG0000602	As002G034860	XP_010477638.1, XP_010486558.1, XP_010464643.1
OG0000604	As007G163770, As012G288540	XP_010438951.1, XP_010433705.1, XP_010448497.1
OG0000605	As010G239470	XP_010428364.1, XP_010471492.1, XP_010416234.1
OG0000605	As010G239480	XP_010416233.1, XP_019093509.1, XP_019085895.1
OG0000606	As011G248160	XP_010503640.1
OG0000606	As010G244280	XP_010473003.1, XP_019083578.1, XP_010430032.1
OG0000606	As012G270700	XP_010479745.1, XP_010500837.1
OG0000607	As011G251140	XP_010507380.1, XP_010487832.1, XP_010466040.1
OG0000607	As011G262980	XP_019087684.1, XP_010467332.1, XP_019096123.1
OG0000608	As012G284160	XP_010516394.1, XP_010504705.1, XP_010427653.1
OG0000608	As012G284170, As012G284200	XP_019102418.1, XP_019100399.1
OG0000613	As006G135470	XP_019096947.1, XP_019092453.1, XP_019099428.1
OG0000613	As002G045780	XP_019089456.1, XP_019086536.1, XP_019088050.1
OG0000614	As002G054140, As005G116690, As002G054130	XP_010491523.1, XP_010423029.1
OG0000615	As011G264960	XP_010467600.1, XP_010413173.1, XP_010489445.1, XP_010413191.1
OG0000615	As003G072430	XP_010437373.1, XP_010432197.1, XP_010446820.1
OG0000616	As005G114070	XP_010443869.1, XP_010483716.1, XP_010456654.1, XP_010456661.1, XP_010483717.1
OG0000616	As012G277180	XP_010516977.1, XP_010505296.1, XP_010509370.1, XP_010515833.1, XP_010426990.1, XP_010504106.1
OG0000617	As006G121910	XP_010427665.1, XP_010422781.1, XP_019090181.1
OG0000618	As010G241950	XP_019093812.1, XP_010429686.1, XP_010417460.1
OG0000618	As006G132210	XP_019091436.1, XP_019097077.1, XP_010480504.1, XP_019089042.1, XP_010451162.1, XP_010433352.1, XP_010438594.1
OG0000619	As006G145810, As006G145800	XP_010516975.1, XP_010509372.1, XP_010505293.1, XP_010516976.1, XP_010505294.1, XP_010509371.1
OG0000619	As012G277130	XP_010504105.1, XP_010515832.1, XP_010426989.1
OG0000620	As010G239430, As007G154950	XP_010498252.1, XP_010459474.1, XP_010498250.1, XP_010477034.1, XP_010416238.1, XP_010471497.1, XP_010471499.1, XP_010416240.1, XP_010428373.1, XP_010428371.1, XP_010428369.1
OG0000625	As006G135190	XP_010463616.1, XP_010485457.1, XP_010485462.1, XP_010457149.1
OG0000626	As001G031250	XP_010473605.1, XP_010430463.1, XP_010418384.1, XP_010418385.1, XP_010473604.1, XP_010430461.1, XP_010431722.2, XP_010419484.1, XP_010474603.1
OG0000627	As006G134640	XP_010496108.1, XP_010511610.1, XP_010511612.1, XP_010470589.1, XP_010474164.1, XP_019082629.1, XP_010438711.1, XP_010448228.1, XP_019086401.1
OG0000627	As002G047240	XP_010443178.1, XP_010482994.1, XP_010449676.1
OG0000628	As003G064150, As011G250810	XP_010507121.1, XP_010487794.1, XP_010487797.1, XP_010507104.1, XP_010465982.1, XP_010465987.1
OG0000630	As004G077630, As004G077620, As004G077610	XP_010450960.1, XP_010440915.1, XP_010440916.1, XP_010435719.1, XP_010450959.1
OG0000631	As005G118000, As011G255910, As004G089180	XP_010415816.1, XP_019094846.1
OG0000632	As012G286880, As012G286870	XP_010469146.1, XP_010512410.1, XP_010413519.1
OG0000633	As010G244250	XP_010417759.1, XP_010472998.1
OG0000634	As005G115030, As005G115050, As005G115070, As005G115040, As005G115020, As005G115010	XP_010454858.1, XP_010443684.1, XP_010483550.1, XP_010454869.1, XP_010483549.1, XP_010443683.1, XP_010483551.1, XP_010454878.1, XP_010443685.1
OG0000635	As006G128210	XP_010510380.1, XP_010473948.2, XP_010510391.1
OG0000635	As006G127130	XP_019082554.1, XP_010472465.1, XP_010429438.1, XP_010417212.1, XP_010510188.1, XP_010414731.1, XP_010470254.1, XP_010511070.1, XP_019083040.1
OG0000636	As009G212850	XP_010491132.1, XP_010423413.1, XP_010452496.1, XP_010452499.1, XP_010495081.2, XP_010495082.1
OG0000646	As001G027670	XP_010425718.1, XP_010514631.1, XP_010502864.1
OG0000646	As006G134940	XP_010431253.1, XP_010485429.1, XP_010463585.1
OG0000647	As002G034480, As005G107800	XP_010464620.1, XP_010486539.1, XP_010475489.1
OG0000648	As012G288670, As012G288660, As002G053310, As005G099090, As012G288650	XP_019093188.1, XP_010433301.1, XP_010438544.1, XP_010451152.1, XP_010468924.1, XP_010512670.1
OG0000649	As003G066660	XP_010461374.1, XP_010500092.1
OG0000649	As010G237340	XP_010428667.1, XP_010471765.1, XP_010416527.1
OG0000650	As004G088550	XP_010481507.1, XP_010494765.1, XP_010441636.1
OG0000651	As005G115100	XP_010431128.1, XP_019100221.1
OG0000651	As005G114680, As005G114690	XP_019095610.1, XP_019086081.1, XP_010485025.1, XP_010443780.1, XP_010443778.1
OG0000652	As009G217160	XP_019097209.1, XP_019097858.1, XP_019097211.1, XP_019097635.1, XP_019084623.1, XP_010454615.1, XP_019097212.1, XP_019097658.1, XP_019097676.1, XP_010421135.1, XP_019090404.1, XP_010421134.1, XP_010493456.1, XP_019090416.1
OG0000658	As009G206090, As012G277750, As001G026410	XP_010427046.1, XP_010425509.1, XP_010502740.1, XP_010515892.1
OG0000660	As008G192800	XP_010457916.1, XP_010487428.1, XP_010475498.1
OG0000660	As010G224220	XP_010515008.1, XP_010426127.1, XP_010503300.1
OG0000660	As005G115310	XP_010483535.1, XP_010443664.1, XP_010454720.1
OG0000661	As010G223120, As006G127120, As006G127080	XP_010435439.1, XP_010450383.1, XP_010440723.1, XP_010414106.1, XP_010515890.1, XP_010504164.1, XP_010427048.1, XP_010510181.1, XP_010469691.1
OG0000662	As009G201630	XP_010420262.1, XP_010453734.1, XP_010492434.1
OG0000662	As006G135390	XP_010485483.1, XP_010463643.1, XP_010479901.1, XP_010485482.1
OG0000662	As009G201640	XP_010492435.1, XP_019083828.1, XP_019090600.1
OG0000663	As007G161620, As007G161610, As007G161660, As007G161640, As007G161630, As007G161650	XP_010470750.1, XP_010511789.1, XP_010460415.1, XP_010477984.1, XP_010499146.1, XP_010516438.1
OG0000664	As011G245420	XP_019098369.1
OG0000664	As011G245410	XP_010513118.2, XP_019092185.1, XP_010486789.2
OG0000669	As005G103090	XP_010506317.1, XP_010517998.1
OG0000669	As001G022370	XP_010465202.1, XP_010424860.1
OG0000670	As003G061610, As003G061660	XP_010448679.1, XP_010509310.1, XP_010432733.1, XP_010432700.1, XP_019087908.1, XP_010455736.1, XP_010422271.1, XP_010432683.1, XP_010448675.1, XP_010448677.1, XP_010433886.1, XP_019087907.1, XP_010509309.1
OG0000672	As007G157950, As006G146270	XP_010472707.1
OG0000672	As004G081100, As011G248400	XP_010478292.1, XP_010460708.1, XP_010499447.1
OG0000674	As008G197690	XP_010481250.1, XP_010474855.1, XP_010457268.1
OG0000674	As005G099330	XP_019099821.1, XP_010512807.1, XP_010518459.1
OG0000674	As006G123130	XP_010429512.1, XP_010422609.1, XP_010456048.1
OG0000675	As007G152400	XP_010459128.1, XP_010497526.1, XP_010476693.1
OG0000676	As008G193080	XP_010487099.1, XP_010457870.1, XP_010475459.1
OG0000676	As012G282240	XP_010428409.1, XP_010471515.1, XP_010416278.1
OG0000677	As007G160250	XP_010477778.1, XP_019091531.1, XP_010477779.1, XP_010460236.1
OG0000685	As001G001340	XP_010447847.1, XP_010433091.1
OG0000685	As002G032860	XP_010438786.1, XP_010433536.1, XP_010448308.1
OG0000686	As001G012430	XP_019087296.1, XP_010436270.1, XP_010447186.1, XP_010447185.1, XP_019089028.1, XP_010431685.1, XP_010437712.1, XP_010436271.1, XP_010432505.1, XP_019087295.1, XP_010451062.1
OG0000687	As001G017930	XP_010449772.1, XP_010434809.1, XP_010440144.1
OG0000687	As005G101960	XP_010518130.1, XP_010506454.1, XP_010508205.1
OG0000687	As012G286760	XP_010512395.1, XP_010413535.1, XP_010469158.1
OG0000688	As001G023430	XP_010425001.1, XP_010514001.1, XP_010506921.1, XP_010502245.1, XP_010425008.1
OG0000688	As001G023420	XP_010425003.1, XP_010502235.1, XP_010513999.1
OG0000689	As007G158860, As003G063160, As004G080020	XP_010460045.1, XP_010421886.1, XP_010498762.1, XP_019090695.1, XP_010478821.1, XP_010499943.1, XP_010477547.1, XP_010461222.1, XP_010437984.1
OG0000692	As005G104580	XP_019100417.1, XP_019084945.1, XP_010516532.1, XP_010427786.1, XP_010504835.1, XP_010506118.1, XP_010517820.1, XP_010508528.1
OG0000693	As012G282230	XP_010504441.1, XP_010427364.1, XP_010516161.1
OG0000693	As006G143100	XP_010505204.1, XP_010509457.1, XP_010508951.1, XP_010505684.1, XP_010517363.1
OG0000694	As007G177770	XP_010472473.1, XP_010417221.1, XP_019085121.1, XP_019085127.1, XP_010466695.2, XP_010467375.1, XP_010472488.1, XP_010429462.1
OG0000695	As010G239400	XP_010416243.1, XP_010428377.1
OG0000696	As012G270790, As011G248260	XP_010479735.1, XP_010462067.1, XP_010500828.1, XP_010503766.1, XP_010487453.1, XP_010465613.1
OG0000697	As012G271560	XP_010479636.2, XP_010461930.1
OG0000702	As009G199960	XP_010420087.1, XP_010453571.1, XP_010492256.1
OG0000702	As001G026500	XP_010502762.1, XP_010425531.1, XP_010514462.1
OG0000702	As006G132970	XP_010485393.1, XP_010496315.1, XP_010435644.1
OG0000703	As002G035150	XP_010490860.1
OG0000703	As006G145070	XP_010509469.1, XP_010516868.1
OG0000703	As012G276510	XP_010426925.1, XP_010515772.1, XP_010504045.1
OG0000704	As003G058000	XP_010434368.1, XP_010449308.1, XP_010439662.1, XP_010494573.1, XP_010481654.1, XP_010494576.1, XP_010441786.1, XP_010481652.1
OG0000705	As005G103510, As005G103480	XP_019082372.1, XP_010508381.1, XP_010512869.1, XP_010512866.1, XP_010512867.1, XP_010506268.1
OG0000706	As005G117900	XP_010462634.1
OG0000707	As006G138740	XP_010424894.2, XP_010515464.1, XP_010503758.1
OG0000707	As007G161420	XP_010472353.2, XP_019092167.1
OG0000708	As008G185890	XP_010458561.1, XP_010493017.1, XP_010476087.1
OG0000709	As009G203840	XP_010492760.1, XP_019090057.1, XP_010496944.1, XP_010441795.1, XP_010494613.1, XP_010481621.1, XP_019084836.1, XP_010492754.2, XP_010420517.1, XP_010492764.1
OG0000714	As004G077650	XP_019086823.1, XP_019089666.1, XP_010440918.1
OG0000714	As001G028540	XP_010511591.1, XP_010470561.1
OG0000716	As004G088610, As007G165810	XP_010445570.1, XP_010451710.1, XP_010435600.2
OG0000717	As010G227840, As010G227810, As007G157130, As004G091870, As010G236660	XP_010459812.1, XP_010477372.1, XP_010477373.1, XP_010498564.1
OG0000718	As005G106250, As005G106210, As005G106230, As005G106240, As005G106220	XP_010486843.1, XP_010498057.1, XP_010464895.1, XP_019098421.1, XP_010416367.1, XP_010428507.1, XP_010471605.1, XP_010451939.1, XP_010423989.1, XP_010490512.1
OG0000719	As005G114760	XP_019095517.1, XP_010443767.1, XP_019093038.1
OG0000720	As012G288480	XP_010468932.1, XP_010512662.1, XP_019082841.1
OG0000720	As008G197790	XP_010481199.1, XP_010457256.1, XP_010474850.1
OG0000721	As006G123060	XP_010456060.1, XP_010422616.1, XP_010429437.1
OG0000721	As008G197760, As012G274520, As011G248980	XP_010504657.1, XP_010487544.1
OG0000722	As010G232800	XP_010415633.1, XP_010512030.1, XP_010470974.1
OG0000722	As008G183090	XP_010476481.1, XP_010458925.1, XP_010495938.1
OG0000723	As009G205270, As009G205280, As009G205290, As009G205310	XP_010421499.1, XP_010454980.1, XP_010493893.1
OG0000730	As001G023940	XP_010425108.1, XP_010502331.1, XP_010514091.1
OG0000730	As008G183370	XP_010476437.1, XP_010458876.1, XP_010495726.1
OG0000731	As001G025190, As001G025200, As001G025210	XP_010425291.1, XP_010514264.1, XP_010502529.1, XP_010425290.1, XP_010502526.1, XP_010514262.1, XP_010425289.1, XP_010502525.1, XP_010514261.1, XP_019088973.1, XP_010440788.1, XP_010430754.1, XP_019086596.1
OG0000732	As002G032800	XP_010438795.1, XP_010448319.1, XP_010433544.1
OG0000732	As012G276370	XP_010504030.1, XP_010515757.1, XP_010426910.2
OG0000733	As002G035910	XP_010485327.1, XP_010439098.1, XP_010516452.1
OG0000733	As007G178640	XP_010513365.1
OG0000733	As008G188440	XP_010501629.1, XP_010462775.1, XP_010474489.1
OG0000733	As004G093360	XP_010489919.1, XP_010473784.1, XP_010474143.1
OG0000734	As009G218770, As010G223710	XP_010444045.1, XP_010515043.1, XP_010426178.1, XP_010503337.1, XP_010458515.1, XP_010426894.1, XP_010419564.1, XP_010456301.1, XP_010483903.1, XP_010426177.1
OG0000735	As002G047800	XP_010421352.1, XP_010421351.1, XP_010421349.1, XP_010454827.1, XP_010493750.1, XP_019086734.1, XP_019095643.1, XP_019086732.1, XP_010485155.1
OG0000736	As002G053050	XP_010453053.1, XP_010491685.1, XP_010422866.1
OG0000736	As003G074810	XP_010446557.1, XP_010431970.1, XP_010437115.1
OG0000737	As003G075290, As003G075300, As003G075310, As003G075240, As003G075260	XP_019087900.1, XP_010446494.1, XP_010436205.1, XP_010446495.1, XP_010437071.1, XP_019093295.1, XP_010431920.1, XP_019085893.1, XP_010417074.1, XP_010429263.1
OG0000738	As006G125610	XP_019100789.1
OG0000738	As006G125420	XP_010473864.1
OG0000739	As009G216850, As008G197070	XP_010415109.1, XP_010470445.1, XP_010511115.1
OG0000739	As011G255260	XP_010488378.1, XP_010466643.1, XP_010512240.1
OG0000741	As012G268430	XP_010480083.1, XP_010501159.1, XP_010462399.1
OG0000749	As008G184000	XP_010458784.1, XP_010476329.1, XP_010495219.1, XP_010476330.1, XP_010495228.1, XP_010458785.1
OG0000749	As007G161240	XP_010460344.1, XP_010499103.1, XP_010477897.1
OG0000750	As001G030660	XP_010436122.1, XP_010496896.1, XP_010441343.1, XP_010496898.2, XP_010445733.1, XP_010475089.1, XP_010456763.1, XP_019099554.1, XP_010473688.1
OG0000751	As005G108820, As002G035280	XP_019095963.1
OG0000752	As009G215650, As009G215640, As011G255520, As009G215610, As009G215620, As009G215600	XP_019097607.1, XP_010454826.1
OG0000752	As002G052450	XP_010491753.1, XP_010422812.1
OG0000753	As003G064670	XP_010468501.1, XP_019096458.1, XP_010514361.1, XP_010479033.1, XP_010500126.1, XP_010461430.1
OG0000754	As003G064750	XP_010463193.1, XP_010479023.1
OG0000754	As004G082990	XP_010482006.1, XP_010442147.1, XP_010493597.1
OG0000755	As004G086160	XP_019093413.1, XP_010418131.2, XP_019085783.1, XP_010455844.1, XP_010422384.1, XP_010431705.1, XP_010422412.1, XP_019090627.1, XP_010455847.1, XP_010431738.1, XP_010422386.1
OG0000756	As004G087220	XP_010436249.1, XP_010451040.1, XP_019087279.1, XP_019097452.1, XP_019090110.1, XP_019097492.1, XP_019085537.1, XP_019097740.1, XP_019095826.1
OG0000757	As005G107510	XP_010423862.1
OG0000757	As006G146500	XP_010515876.1, XP_010504144.1, XP_010427033.1, XP_010517031.1, XP_010509313.1, XP_010505352.1
OG0000758	As010G243380	XP_010417661.1, XP_010429900.1, XP_010429901.1, XP_010472873.1
OG0000758	As006G126420	XP_010469632.1, XP_010414034.1, XP_010510101.1
OG0000759	As009G219760	XP_010453954.1, XP_010483460.1, XP_010443599.1
OG0000759	As006G128470	XP_010510415.1, XP_010469901.1, XP_010414319.1
OG0000759	As008G193030	XP_010457879.1, XP_010487176.1, XP_010475467.1
OG0000760	As006G142310	XP_019100548.1
OG0000760	As012G282830	XP_010427451.1, XP_010504539.1, XP_010516242.1
OG0000762	As011G266570	XP_010489122.1, XP_010467913.1, XP_010416585.1
OG0000763	As012G269290	XP_010502012.1, XP_010479982.1, XP_010462305.1, XP_010462304.1, XP_010501063.1, XP_010479981.1
OG0000764	As012G271730	XP_010479572.1, XP_010500682.1, XP_010461945.1, XP_010463359.1, XP_010501941.1, XP_010481094.1, XP_010451760.1
OG0000765	As012G275540, As012G275570, As012G275590	XP_010426794.1, XP_010503550.1, XP_010515646.1
OG0000772	As002G037440, As001G027110, As001G015580	XP_010425631.1, XP_010514555.1, XP_010425635.1, XP_010502854.1, XP_019085427.1
OG0000773	As007G160440, As010G232720, As001G027430	XP_010415618.1, XP_010512010.1
OG0000774	As002G033010	XP_010433522.1, XP_010438775.1, XP_010448293.1
OG0000775	As002G035830, As009G214640	XP_010424782.2, XP_010456393.1, XP_010495071.1
OG0000776	As009G213010, As002G037060	XP_010464828.1, XP_010486773.1, XP_010486703.1, XP_010469822.1, XP_010486480.1, XP_010464557.1
OG0000778	As002G050230	XP_010453404.1, XP_010492088.1, XP_010453406.1, XP_010492084.1, XP_019083797.1, XP_010453409.1, XP_010419913.1, XP_019084183.1
OG0000779	As003G060370	XP_010448904.1, XP_010434060.1, XP_010439344.1
OG0000779	As004G085410	XP_010455716.1, XP_010455717.1, XP_010422240.1
OG0000779	As004G085400	XP_010422239.1, XP_010433171.1, XP_010455714.1
OG0000780	As003G074900	XP_010431959.1, XP_010446543.1, XP_010437103.1
OG0000780	As007G180430	XP_010429138.1, XP_010416979.1, XP_010472216.1, XP_010453041.1, XP_010422882.1, XP_010491671.1
OG0000781	As004G079650	XP_019101195.1, XP_010506285.1, XP_010506284.1, XP_010517962.1
OG0000781	As005G103380, As005G103370	XP_010508369.1, XP_010506287.1, XP_010517963.1
OG0000782	As005G107060, As005G106550	XP_010477694.1, XP_010466352.1, XP_019096417.1, XP_019096970.1, XP_019092513.1, XP_010488110.1, XP_010509889.1, XP_010466348.1, XP_019097660.1, XP_019089941.1, XP_010423957.1
OG0000783	As005G113140	XP_010454471.1, XP_010420996.1, XP_010493266.1
OG0000783	As010G226400	XP_010514755.1
OG0000783	As006G130720	XP_019085592.1
OG0000784	As010G225950	XP_010425892.1, XP_010514800.1, XP_010503124.1
OG0000784	As005G113590	XP_010421060.1, XP_010454530.1, XP_010493358.1
OG0000785	As007G161520	XP_010432580.1, XP_010437782.1, XP_010447263.1
OG0000785	As009G214360	XP_019084512.1, XP_010452374.1, XP_010490994.1
OG0000786	As012G288100	XP_019095763.1
OG0000786	As009G217820, As009G217830	XP_019087190.1, XP_010457018.1, XP_019086951.1, XP_019095673.1, XP_010446227.2, XP_010515452.1, XP_019093495.1, XP_010512428.1, XP_010512430.1
OG0000787	As010G222930, As010G222920	XP_010465013.1, XP_010499013.1, XP_010486965.1
OG0000788	As010G225660, As010G225670, As010G225650	XP_010503158.1, XP_010425940.1, XP_010514842.1
OG0000789	As010G242960	XP_010417621.1, XP_010429848.1, XP_010472814.1
OG0000789	As012G267770	XP_010465058.1, XP_010487004.1, XP_010499471.1
OG0000798	As001G017630, As003G055740, As004G083120	XP_010434780.1, XP_010440015.1, XP_010449626.1, XP_010434676.1
OG0000799	As001G021720, As005G104360	XP_019095516.1, XP_019097946.1, XP_010462885.1, XP_010435286.1, XP_010445471.1, XP_010451580.1
OG0000799	As001G021710	XP_019094929.1, XP_019097980.1, XP_019094918.1, XP_019095515.1
OG0000800	As001G024200, As001G024190, As001G024170	XP_010502378.1, XP_010514123.1, XP_010425157.1
OG0000800	As004G080730, As010G231950, As010G231900, As010G231970, As010G231990, As010G231910	XP_019099688.1, XP_010515188.2
OG0000801	As002G035990	XP_010490979.1, XP_010423555.1
OG0000801	As009G214440	XP_010452364.1, XP_010423551.1, XP_010490980.1
OG0000801	As002G036000	XP_019092123.1, XP_010486669.1, XP_010486076.1
OG0000802	As004G088660	XP_010441616.1, XP_010494785.1, XP_010481487.1
OG0000802	As003G070730	XP_010478400.1, XP_010460807.1, XP_010499543.1
OG0000802	As003G056750	XP_010439863.1, XP_010434544.1, XP_010517545.1
OG0000803	As003G058030	XP_010439654.1, XP_010434362.1, XP_010449299.1
OG0000804	As004G097150	XP_019086347.1
OG0000804	As004G079430	XP_010507074.1
OG0000806	As005G102850	XP_010510646.1, XP_010474009.1, XP_010506361.1, XP_010518036.1, XP_010518037.1, XP_010506364.1, XP_010506363.1, XP_010413049.1, XP_010481852.1, XP_010442014.1
OG0000807	As005G102950	XP_010512857.2, XP_010506342.1, XP_010518022.1
OG0000807	As006G139170, As006G133330	XP_010485351.1, XP_010496430.1, XP_010496432.1, XP_010435678.2, XP_010485352.1
OG0000808	As006G129450	XP_010510584.1, XP_019083092.1
OG0000808	As010G224570	XP_010514963.1, XP_010426076.1, XP_010503253.1
OG0000808	As005G114980	XP_010454830.1, XP_010483546.1, XP_019087011.1
OG0000809	As007G160640	XP_010499017.1, XP_010460287.1, XP_010477837.1
OG0000810	As012G271550	XP_019091311.1, XP_019094572.1
OG0000818	As010G221920	XP_019101889.1, XP_010426440.1, XP_019099698.1
OG0000818	As001G030280	XP_010438562.1, XP_010448086.1, XP_010433324.1, XP_010496627.1, XP_010430611.1
OG0000819	As002G036020	XP_010415166.1, XP_010511552.1, XP_010470498.1
OG0000819	As012G282730	XP_010427442.1, XP_010427430.1, XP_010516230.1, XP_010504524.1
OG0000820	As002G041080	XP_019091984.1, XP_019096126.1, XP_019093512.1, XP_019098751.1
OG0000821	As002G043850	XP_010444136.1, XP_010442706.1, XP_010482540.1, XP_019087836.1, XP_019091109.1, XP_019095432.1, XP_019087838.1, XP_010444097.1
OG0000823	As004G090360	XP_019093044.1, XP_010445782.1, XP_010481347.1, XP_010494951.1, XP_010441486.1
OG0000823	As003G055870	XP_010434652.1, XP_010439990.1, XP_010449600.1
OG0000824	As003G062540	XP_010478719.1, XP_010421581.1, XP_010493980.1, XP_010461134.1, XP_010499858.1, XP_010455091.1
OG0000825	As012G287570	XP_010413379.1, XP_010469099.1, XP_010512512.1
OG0000825	As005G100830	XP_010518296.1, XP_010506624.1, XP_010508047.1
OG0000826	As005G102780	XP_010518043.1
OG0000827	As012G278780	XP_010443084.1, XP_010482907.1
OG0000827	As005G106720	XP_010432620.1, XP_010447294.1, XP_010437810.1, XP_010451999.1, XP_010423945.1
OG0000828	As012G285140, As006G125590	XP_010469737.1, XP_010418732.1, XP_010513166.1, XP_010509928.1, XP_010513163.1, XP_010509950.1
OG0000829	As006G136530	XP_010450554.1, XP_010489657.1, XP_010436740.2, XP_010417470.2, XP_010435703.1
OG0000829	As009G203460, As009G203470	XP_010492712.1, XP_010453953.1, XP_010420482.1, XP_010420481.1, XP_010453955.1, XP_010492711.1
OG0000830	As007G156440	XP_010436945.1, XP_010431786.1, XP_010446359.1, XP_010416837.1, XP_019085062.1, XP_010471750.1, XP_010416510.1, XP_010428650.1, XP_010498460.1, XP_010459708.1, XP_010477259.1
OG0000831	As007G156620, As007G156630	XP_010459732.1, XP_019094958.1, XP_010477290.1, XP_010498481.1, XP_010440913.1
OG0000832	As008G195870	XP_010468694.1, XP_019084319.1, XP_010513340.1, XP_010495230.1, XP_010507064.1, XP_010445346.1, XP_010456530.1, XP_010513339.1, XP_010421147.1, XP_010418903.1
OG0000833	As011G246960	XP_010465400.1, XP_010487294.1, XP_010502195.1, XP_010487293.1, XP_010465401.1, XP_010502720.1, XP_010431689.1, XP_010418194.1, XP_019089139.1, XP_019086266.1
OG0000834	As011G250710	XP_010489916.1, XP_010465970.1, XP_010507028.1, XP_019082350.1, XP_019097119.1
OG0000834	As012G273380	XP_010471409.1
OG0000835	As011G251220	XP_019092700.1, XP_010507446.1, XP_010487839.1
OG0000835	As012G272760	XP_010500505.1, XP_010479396.1, XP_010461802.1
OG0000836	As012G283770, As012G283780, As012G283790	XP_010516340.1
OG0000841	As001G017330	XP_010440064.1
OG0000842	As001G025250	XP_010514267.1, XP_010430757.2, XP_010502532.1, XP_010514266.1, XP_010425318.1, XP_010425327.1, XP_010514268.1, XP_010502533.1, XP_010425326.2, XP_010425328.1, XP_019100068.1, XP_010430758.1
OG0000843	As001G029790, As001G029800	XP_010481794.1, XP_010441928.1, XP_010494388.1, XP_010442231.1, XP_010482059.1, XP_010439394.1, XP_010443949.1, XP_019095786.1, XP_019093301.1
OG0000844	As002G034430	XP_010474807.1, XP_010464613.1, XP_010486534.1
OG0000844	As005G107840	XP_010452149.1, XP_010490757.1
OG0000845	As002G042280	XP_019095856.1
OG0000845	As010G222560	XP_019084812.1
OG0000846	As004G079020, As002G046530, As006G146430	XP_010437822.1, XP_010447303.1, XP_010437786.1, XP_010432586.1, XP_010447264.1, XP_010437783.1, XP_010449766.1
OG0000847	As002G053580	XP_010422950.1, XP_010491610.1, XP_010452969.1, XP_010491609.1
OG0000847	As005G117570	XP_010461983.1, XP_010444394.1, XP_010484241.1
OG0000849	As006G122200	XP_010428079.1, XP_010422739.1, XP_010456179.1
OG0000849	As005G100320	XP_010469007.1, XP_010413332.1, XP_010512568.1
OG0000850	As012G287330	XP_010413435.1, XP_010512463.1, XP_010473803.1
OG0000851	As005G105540	XP_010508667.1, XP_010505976.1, XP_010427626.1, XP_010472492.1, XP_010429468.1, XP_010516363.1, XP_010427625.1
OG0000852	As010G227460, As010G227470, As005G111370	XP_010420854.1, XP_010454319.1, XP_010493123.1
OG0000853	As006G123840	XP_010455020.1, XP_019089078.1
OG0000854	As008G191240	XP_010510637.1, XP_010470099.1, XP_010414542.1, XP_010513287.1, XP_010414541.1, XP_019101474.1, XP_010470098.1, XP_010510639.1, XP_010414545.1, XP_010470100.1, XP_010458021.1, XP_019098895.1, XP_010475585.1
OG0000855	As010G223210	XP_010426267.1, XP_019102279.1, XP_010503417.1
OG0000855	As009G219120	XP_010459209.1, XP_010483980.1, XP_010444119.1
OG0000856	As010G224290	XP_010496538.1, XP_010438543.1
OG0000857	As010G227430, As010G227420	XP_010495875.1, XP_010514693.2, XP_010425797.1
OG0000858	As011G255880, As011G255860	XP_010513031.1, XP_019092226.1, XP_010468443.1, XP_010468445.1
OG0000867	As007G161960, As001G028870	XP_019093300.1, XP_019082921.1
OG0000868	As009G211830	XP_010452599.1, XP_010423318.1, XP_010491234.1
OG0000868	As006G130700, As002G037910	XP_010498224.1, XP_010464921.1, XP_010486858.1
OG0000869	As003G055880	XP_010434651.1, XP_010439989.1, XP_010449599.1
OG0000870	As003G068700	XP_010478191.1, XP_010460601.1, XP_010499327.1, XP_019099246.1
OG0000870	As004G081540	XP_019082903.1, XP_010413821.1, XP_010509841.1, XP_010509840.1, XP_010509839.1, XP_010469434.1, XP_010413817.2
OG0000871	As006G135520	XP_010463663.1, XP_010485561.1, XP_010498313.1
OG0000871	As009G201940	XP_010420282.1, XP_010453757.1, XP_010492477.1
OG0000871	As004G077790	XP_010450904.1, XP_019088791.1
OG0000872	As006G126250	XP_010413984.1, XP_010510001.1, XP_010469576.1, XP_010469575.1, XP_019101350.1
OG0000873	As010G233530, As006G137440, As009G204210	XP_010485793.1, XP_010463899.1, XP_010413060.1
OG0000875	As008G193510	XP_019091435.1, XP_010486415.1, XP_010475400.1
OG0000876	As009G217470, As009G217500, As009G217530	XP_010421098.1, XP_010493409.1, XP_010454580.1, XP_010421099.1, XP_010454581.1, XP_010493410.1
OG0000883	As001G014390	XP_010437575.1, XP_010432386.1, XP_010447045.1
OG0000883	As006G138050	XP_010463973.1, XP_010485869.1, XP_010419205.1
OG0000884	As007G162220, As002G033790, As007G161390, As007G162230, As007G161400	XP_010460392.1, XP_010499118.1, XP_010477941.1
OG0000885	As007G158480	XP_010477504.1, XP_010498713.1, XP_010459999.1
OG0000885	As002G049480	XP_010483320.1, XP_010448036.1, XP_010438509.1, XP_010433266.1
OG0000886	As004G082110	XP_010494266.1, XP_010442089.1, XP_010481916.1, XP_010461468.1
OG0000887	As005G099860	XP_010507926.1, XP_010506737.1, XP_010518404.1
OG0000888	As012G284780	XP_010504806.1, XP_010516501.1, XP_010427757.1
OG0000888	As005G104850	XP_010506078.1, XP_010517775.1
OG0000889	As005G114990	XP_010427307.1, XP_010516106.1, XP_010504391.1
OG0000889	As010G224550	XP_010426077.1, XP_010514967.1, XP_010503255.1
OG0000890	As012G277560	XP_010427021.1, XP_010504136.1, XP_010515864.1
OG0000890	As006G146240	XP_010509329.1, XP_010517018.1, XP_010505337.1
OG0000891	As007G158460, As007G158450, As007G158470, As007G158440	XP_019098468.1, XP_019087366.1, XP_010448937.1, XP_010477502.1, XP_010459996.1, XP_010477503.1, XP_010459997.1, XP_010498712.1
OG0000892	As009G215030, As009G215020	XP_010454875.1, XP_010493803.1, XP_010421396.1, XP_010421401.1, XP_010454877.1
OG0000894	As010G223940, As010G223960	XP_010412601.1, XP_010507257.1, XP_010426125.1, XP_019085729.1
OG0000894	As010G224240	XP_019098327.1
OG0000895	As011G258420	XP_010466967.1, XP_010514235.1, XP_010488657.1
OG0000896	As011G259310	XP_019097422.1, XP_019087540.1, XP_019097469.1, XP_019097466.1, XP_019082624.1, XP_019097825.1, XP_019087422.1, XP_019088095.1, XP_019084302.1, XP_019097525.1, XP_019086324.1, XP_019097555.1, XP_019097788.1, XP_019090042.1, XP_019098136.1, XP_019092689.1, XP_019092690.1, XP_019085426.1, XP_019092692.1, XP_019088485.1, XP_019089549.1, XP_019084713.1, XP_019089548.1, XP_019088487.1, XP_019088484.1, XP_019093814.1, XP_019086109.1, XP_019082591.1, XP_019099953.1, XP_019082672.1, XP_019092337.1, XP_019089538.1, XP_019082620.1, XP_019096421.1, XP_019092687.1, XP_019098115.1, XP_019085498.1, XP_019094969.1, XP_019097805.1, XP_019092688.1, XP_019092691.1, XP_019093298.1, XP_019093296.1, XP_019093297.1, XP_019093299.1, XP_019094142.1, XP_019097803.1, XP_019095883.1, XP_019083073.1, XP_019084255.1, XP_019097802.1, XP_019097804.1, XP_019091622.1, XP_019087431.1, XP_019092686.1, XP_019097585.1, XP_019084706.1, XP_019097821.1, XP_019083003.1, XP_019091278.1, XP_019084273.1, XP_019083993.1, XP_019097820.1, XP_019083072.1, XP_019093813.1, XP_019097806.1, XP_019095882.1, XP_019084289.1, XP_019082632.1, XP_019097468.1, XP_019093815.1, XP_019086312.1
OG0000897	As012G277910, As012G277930	XP_010504182.1, XP_010427058.1, XP_010515904.1, XP_010427059.1, XP_010504184.1, XP_010515905.1, XP_010517068.1, XP_010505388.1, XP_010509262.1
OG0000900	As001G016830, As001G016840	XP_010476346.1, XP_010458799.1, XP_010476352.1, XP_010476347.1, XP_010476348.1, XP_019098980.1
OG0000901	As001G017960, As001G018000, As001G017970, As001G017990, As001G017980	XP_010434812.1, XP_010440147.1, XP_010449778.1, XP_010434811.1, XP_010440146.1, XP_010449777.1
OG0000902	As002G036680, As002G036460	XP_019096835.1, XP_019101139.1, XP_019092786.1
OG0000903	As002G052040	XP_010453164.1, XP_010491837.1
OG0000904	As005G118380, As002G052940	XP_010432832.1, XP_010447531.1, XP_010438012.1
OG0000905	As002G053040	XP_010491686.1, XP_010422863.1
OG0000905	As005G118090	XP_010444457.1, XP_010484293.1
OG0000906	As002G053300	XP_010495128.1, XP_010422907.1, XP_010453019.1
OG0000907	As003G057070	XP_010496255.1, XP_010439832.1
OG0000907	As004G088350	XP_010441660.1, XP_010481521.1, XP_010494740.1
OG0000908	As003G075600, As010G234720	XP_010446460.1
OG0000909	As007G159890	XP_010460178.1, XP_010498927.1, XP_010477728.1
OG0000909	As004G083080	XP_010435266.1, XP_010440584.1, XP_010450207.1
OG0000910	As005G114500	XP_019095666.1
OG0000911	As005G119970	XP_010444750.1, XP_010465026.1, XP_010484597.1
OG0000911	As010G220810	XP_019085560.1, XP_010431225.1, XP_010431228.1, XP_010431224.1, XP_010412701.1, XP_010503739.1, XP_010515441.1, XP_019085562.1, XP_019101900.1, XP_010431223.1
OG0000912	As006G123380	XP_010422573.1, XP_019088954.1, XP_010456013.1, XP_019096794.1, XP_019090945.1
OG0000913	As007G159440, As010G233540, As006G125620	XP_010477625.1
OG0000915	As012G276470	XP_010504040.1, XP_010515769.1, XP_010426922.1
OG0000915	As006G145010	XP_010516861.1, XP_010509475.1, XP_010505186.1
OG0000917	As008G184260, As008G184270	XP_010494931.1, XP_010476295.1, XP_019094305.1
OG0000918	As009G205850	XP_010451614.1, XP_010435291.1
OG0000919	As011G249370	XP_010468229.1, XP_019096390.1, XP_019096389.1, XP_019101257.1, XP_010465753.1, XP_010505165.1, XP_010489885.1, XP_019092236.1, XP_010487594.2, XP_010505154.1, XP_010468228.1, XP_010465750.1, XP_019099024.1, XP_010487598.1
OG0000920	As012G269310	XP_019090841.1, XP_010501058.1, XP_010479972.1
OG0000920	As012G269320, As012G269300	XP_010436851.1, XP_019094882.1, XP_010501060.1
OG0000921	As012G272730	XP_010500509.1, XP_010479456.1, XP_010461808.1, XP_010500510.1
OG0000930	As011G266460	XP_010489131.1, XP_010495948.1, XP_010416663.1
OG0000930	As001G001170	XP_010438310.1, XP_010447865.1, XP_010433106.1
OG0000931	As002G036870	XP_010464809.1, XP_010486756.1, XP_010488269.1
OG0000932	As004G079170, As002G037970	XP_010509358.1
OG0000933	As002G044170, As007G165200	XP_010442763.1, XP_010482597.1, XP_010444761.1
OG0000934	As003G057830	XP_019087970.1, XP_010449344.1, XP_010481624.1
OG0000935	As004G086290	XP_010431492.1, XP_010422420.1, XP_010455859.1
OG0000935	As003G059060	XP_010449110.1, XP_010434225.1, XP_010439508.1
OG0000936	As003G059620	XP_010449031.1, XP_010434156.1, XP_019087795.1
OG0000936	As003G059640	XP_010439452.1, XP_019089731.1, XP_019086610.1
OG0000937	As003G062060	XP_010448628.1, XP_010433826.1
OG0000938	As003G075080	XP_019089345.1, XP_010431940.1, XP_019087979.1, XP_010446520.1, XP_010446517.1, XP_010431938.1, XP_010437081.1
OG0000939	As007G181030, As007G181020, As003G075790	XP_010472129.2, XP_010416888.1, XP_010429041.1, XP_010429048.1
OG0000940	As004G092040	XP_010467089.1, XP_019084404.1, XP_010488774.1
OG0000940	As004G090050	XP_010432222.1, XP_010437416.1, XP_010446873.1, XP_010440740.1, XP_010450391.1
OG0000941	As004G095180	XP_010440522.1, XP_010435181.1, XP_010450096.1
OG0000941	As008G194780	XP_010457641.1, XP_010475248.1, XP_010485034.1
OG0000943	As006G138940	XP_010486014.1, XP_010464086.1, XP_010429374.1
OG0000943	As009G205930	XP_010421566.1, XP_010455077.1
OG0000945	As005G105590	XP_010417807.1, XP_010468023.1
OG0000946	As005G106490, As005G106480	XP_010423966.1, XP_010490540.1
OG0000947	As006G135230	XP_010485464.1, XP_010463051.1, XP_010463620.1
OG0000950	As009G205820	XP_010493943.1, XP_010455047.2, XP_010421543.1, XP_010417865.1, XP_010489687.1, XP_010468030.1, XP_019093400.1, XP_019096327.1, XP_019092470.1
OG0000953	As010G221250	XP_010503684.1, XP_010426554.1, XP_010426560.1, XP_010503688.1, XP_010426559.1, XP_010503687.1
OG0000954	As011G251450	XP_010507701.1, XP_010466084.1
OG0000961	As002G047500, As010G227170, As010G227150, As010G227180, As010G227140, As009G213740, As001G020280, As001G020290, As001G020270, As001G020260, As010G243570, As001G014010, As001G014040, As001G013950	XP_010511490.1, XP_010470533.1
OG0000962	As001G027150	XP_010435966.1, XP_010450752.1, XP_010441108.1, XP_010425638.1, XP_010514564.1, XP_010502856.1, XP_010430850.2
OG0000963	As002G034260	XP_010423873.1, XP_010452072.1, XP_010490652.1
OG0000964	As002G040430	XP_019095888.1, XP_010441071.1, XP_010442444.1, XP_010442446.1, XP_010441081.1, XP_010482272.1, XP_019090687.1, XP_010442449.2, XP_019088505.1, XP_010482269.1
OG0000965	As011G245590, As011G255900	XP_010511564.1, XP_010465883.1, XP_010465207.1, XP_010487122.1, XP_010500812.1
OG0000965	As003G057680	XP_010449372.1, XP_019086242.1, XP_010439735.1
OG0000966	As003G057820	XP_010434398.1, XP_019088674.1, XP_010434405.1, XP_010451365.2, XP_010449342.1, XP_019096050.1, XP_010434410.1, XP_010449349.1, XP_010439692.1, XP_010451366.1
OG0000967	As003G064080	XP_010461342.1, XP_010496064.1, XP_010500058.1
OG0000967	As007G158200	XP_010459961.1, XP_010498683.1, XP_010477480.1
OG0000968	As004G077430	XP_010440890.1, XP_010435691.1
OG0000969	As004G086960, As004G086930, As004G086940, As004G086920	XP_010441859.1, XP_010481676.1, XP_010494491.1, XP_019097491.1
OG0000969	As004G086790, As004G086800	XP_019097244.1, XP_010481693.1, XP_010441862.1
OG0000970	As005G119400	XP_010444677.1, XP_010484526.1, XP_010464322.1, XP_019085553.1, XP_019085552.1, XP_010503681.1, XP_010515378.1, XP_010426553.1
OG0000971	As006G137320	XP_010427378.1, XP_010427376.1, XP_010427343.1, XP_010427374.1, XP_010504451.1, XP_010516169.1, XP_010517952.2, XP_010489665.1, XP_010485774.1, XP_010463877.1
OG0000972	As009G205570	XP_019098728.1, XP_019097711.1, XP_019084657.1, XP_019084663.1, XP_019090035.1
OG0000972	As006G139250	XP_010433011.1, XP_010464141.1, XP_010486063.1
OG0000973	As009G204830	XP_010454160.1, XP_010420684.1, XP_010496738.1
OG0000973	As006G139760	XP_019092861.1, XP_019097033.1, XP_019100237.1
OG0000974	As006G144950	XP_019087528.1, XP_010509485.1, XP_010516846.1, XP_010505166.1, XP_010436055.1, XP_010450559.1, XP_019089206.1, XP_019086366.1, XP_010436863.1
OG0000975	As007G155990	XP_010498399.1, XP_010459652.1, XP_019095112.1
OG0000975	As010G238030	XP_010459653.1, XP_010477200.1, XP_010501527.1, XP_010498400.1, XP_010471661.1, XP_010416438.1, XP_010428576.2
OG0000977	As010G224030	XP_010426159.1, XP_010515030.1
OG0000977	As010G224040	XP_019084787.1
OG0000977	As010G224050	XP_010426157.1
OG0000978	As010G225030, As010G225040, As010G225050	XP_010425993.1
OG0000979	As012G274790	XP_019087415.1, XP_010451487.1, XP_010461788.1, XP_010481053.1, XP_010451489.1, XP_010436562.1, XP_010445373.1, XP_010445375.1, XP_010451491.1
OG0000986	As004G094360, As001G003430	XP_010438070.1, XP_010432896.1, XP_010447608.1, XP_010431338.1
OG0000987	As001G016180	XP_010499714.2, XP_010478588.1
OG0000988	As009G212980	XP_010491117.1, XP_010423422.1, XP_010452487.1
OG0000988	As002G037150	XP_010468804.1, XP_010490413.1, XP_010418761.1, XP_010464837.1, XP_010467200.1, XP_010518348.1, XP_010488864.1, XP_019092361.1, XP_010464833.1, XP_010486779.1, XP_010494792.1
OG0000989	As002G043930	XP_010442730.1, XP_019095618.1, XP_010444369.1, XP_019095617.1, XP_010473628.1, XP_010494207.1, XP_010481968.1, XP_019087232.1
OG0000990	As004G088950, As003G056480, As006G141100	XP_010441580.1
OG0000991	As003G062520	XP_010461130.2, XP_010499855.1, XP_010478723.1
OG0000992	As003G075530	XP_010437050.1, XP_010436203.1, XP_010450995.1
OG0000993	As004G092920	XP_010488654.1, XP_010514215.1, XP_010466965.1, XP_010435855.1, XP_010441086.1, XP_010450776.1
OG0000994	As005G113560	XP_010469887.1, XP_010510398.1, XP_010414297.1, XP_010414299.1, XP_010510401.1
OG0000994	As006G128340, As006G128350, As006G128360	XP_010510403.1, XP_010469889.1, XP_010414300.1
OG0000995	As006G127150	XP_010469715.1, XP_010414116.1, XP_010510190.1
OG0000995	As008G194310	XP_010485488.1, XP_019091891.1, XP_010475310.1, XP_010459990.1
OG0000996	As008G193450	XP_019098865.1, XP_010457811.1
OG0000996	As006G127870	XP_010510296.1, XP_019082545.1
OG0000997	As006G137380	XP_010463885.1, XP_010485781.1, XP_010518444.1
OG0000997	As008G184100	XP_010495303.1, XP_010458793.1, XP_010476339.1
OG0000998	As006G143360	XP_010505648.1, XP_010508990.1, XP_010517323.1, XP_010516124.1, XP_010504408.1, XP_010427324.1
OG0000999	As007G160930	XP_010499064.1, XP_010460330.1, XP_019094448.1
OG0001000	As009G200600	XP_010516020.2, XP_010489291.2, XP_010489287.1, XP_010516008.1, XP_010467417.1, XP_010489288.1, XP_019083845.1, XP_010489475.1, XP_010492304.2, XP_010420136.2
OG0001002	As011G245250	XP_010487086.1, XP_010500372.1, XP_010465166.1
OG0001003	As011G247910	XP_010465551.1, XP_010503362.1, XP_010465552.1, XP_010487409.1, XP_010487408.1
OG0001003	As012G270560	XP_010479774.1, XP_010500869.1, XP_010462105.1
OG0001004	As011G266800, As011G266810, As011G266820, As011G266860, As011G266830, As011G266870	XP_019100735.1, XP_010505731.1
OG0001008	As001G001100	XP_010438315.1, XP_010447870.1, XP_010433111.1, XP_010433112.1, XP_010438316.1
OG0001008	As001G001090	XP_010433115.1, XP_010447874.1, XP_010438317.1
OG0001009	As001G001490	XP_010438276.1, XP_010447822.1
OG0001009	As001G001470	XP_010447823.1, XP_010438277.1
OG0001010	As003G068260, As001G016390	XP_019099334.1, XP_010461012.1, XP_010478610.1
OG0001010	As004G079320	XP_010516737.1, XP_010505067.1, XP_010509592.1
OG0001011	As001G016600, As001G016620, As001G016630, As001G016640, As001G016610, As001G016590, As001G016580, As001G016560	XP_010440554.1, XP_010461029.1, XP_010478629.1, XP_010478630.1, XP_010499755.1
OG0001011	As004G079380	XP_010440550.1, XP_010450179.1, XP_010435236.1
OG0001012	As001G019280	XP_010480298.1, XP_010415036.1
OG0001012	As008G188200	XP_010490155.1, XP_010458250.1, XP_010475799.1
OG0001013	As001G029630, As001G029620	XP_019098579.1, XP_010513791.1, XP_019082604.1, XP_019097414.1, XP_019093289.1, XP_010470410.1, XP_019082605.1, XP_010512635.1, XP_019101021.1, XP_010512408.1, XP_010495309.1, XP_010470411.1
OG0001015	As007G165030	XP_010433609.1, XP_010438848.1, XP_010448403.1
OG0001015	As002G044280	XP_010444885.1, XP_010482608.1, XP_010442773.1
OG0001016	As002G052140	XP_010419664.1, XP_010491804.1, XP_010456484.1
OG0001017	As002G052670, As002G052700	XP_019087950.1, XP_010463405.1, XP_010446208.1, XP_010474348.1, XP_010491726.1, XP_019089840.1
OG0001018	As002G054290	XP_010452859.1, XP_010423067.1, XP_010495118.2, XP_010424253.1, XP_010456658.1, XP_010495403.2
OG0001019	As003G056000	XP_010449583.1, XP_019088182.1, XP_010434635.1
OG0001020	As003G056290	XP_010449541.1, XP_010439927.1, XP_010434604.1
OG0001020	As004G089150	XP_010481423.1, XP_010494852.1, XP_010441556.1
OG0001021	As012G288810	XP_010468902.1, XP_010413216.1, XP_010512694.1
OG0001021	As005G098840	XP_010497805.1, XP_010506828.1, XP_010507838.1, XP_010518505.1
OG0001022	As012G288250	XP_010413288.1, XP_010468967.1, XP_010512619.1
OG0001023	As005G113850, As005G114020	XP_010424242.1, XP_019097810.1
OG0001024	As006G127250, As006G127210, As006G127200	XP_010469710.1, XP_010414128.1, XP_010510197.1
OG0001026	As006G134780	XP_010513594.1, XP_010463548.1, XP_010485518.1
OG0001026	As009G200810	XP_010492335.1, XP_010453638.1, XP_010420165.1
OG0001027	As006G142630, As006G142620	XP_010501456.1, XP_010476344.1, XP_010462691.1
OG0001028	As006G143850	XP_010509024.1, XP_010517282.1, XP_010505607.1
OG0001028	As012G281510	XP_019102365.1, XP_010427273.1, XP_010504360.1
OG0001029	As006G146260, As007G157960	XP_010498650.1, XP_010459915.1, XP_010477441.1
OG0001029	As010G235770	XP_010471961.1, XP_010416721.1, XP_010428849.1
OG0001030	As007G156040	XP_010498406.1, XP_010477209.1, XP_019091345.1
OG0001030	As010G237920	XP_010428584.1, XP_010416449.1, XP_010471672.1
OG0001031	As007G156170	XP_010459677.1, XP_010477222.1, XP_010498425.1
OG0001031	As010G237740	XP_010416471.1, XP_010428612.1, XP_010471704.1
OG0001032	As010G236850	XP_010416580.1, XP_010471815.1, XP_010428724.1
OG0001032	As007G157060	XP_010477361.1, XP_010459795.1, XP_010498556.2
OG0001033	As007G161440	XP_019091245.1, XP_010496996.1
OG0001034	As010G233610	XP_010477616.1, XP_019091225.1, XP_010427852.1, XP_010474261.1, XP_010415753.2, XP_010415752.1, XP_010471067.1, XP_010427851.1
OG0001036	As010G242060	XP_010417473.1, XP_010472700.1, XP_010429695.1
OG0001037	As010G243190	XP_019088732.1, XP_010441342.1, XP_010485003.1, XP_010431014.1
OG0001038	As011G244860	XP_010465096.1, XP_010499809.1
OG0001039	As011G249640	XP_010465805.1, XP_010487644.1, XP_010505557.1
OG0001040	As012G271380	XP_010479657.1, XP_010462000.1, XP_010500743.1
OG0001040	As011G253350	XP_010509943.1, XP_010466354.1, XP_010488113.1
OG0001041	As011G266160	XP_010426205.1, XP_010515066.1, XP_010503363.1
OG0001042	As012G270980	XP_010451654.1, XP_019087458.1, XP_010435477.1
OG0001043	As012G271170	XP_010500781.1, XP_010462029.1, XP_010479692.1
OG0001043	As012G271100, As012G271110	XP_010479693.1, XP_010500779.2, XP_010479694.1, XP_019099485.1, XP_019091489.1
OG0001044	As012G281870	XP_010427314.1, XP_010516112.1, XP_010504397.1
OG0001051	As011G263630, As005G110590	XP_010489260.1, XP_010516149.1, XP_010467405.1
OG0001051	As001G014830	XP_010432347.1, XP_010437532.1, XP_010447005.1
OG0001052	As001G015110, As001G015130, As001G015150	XP_010446976.1, XP_010432314.1, XP_010437507.1, XP_010446964.1
OG0001053	As001G019720	XP_010414747.1, XP_010470268.1, XP_010511106.1
OG0001054	As001G021960, As001G021950	XP_019093851.1, XP_019083643.1, XP_010430203.1, XP_010418158.1, XP_010418157.1, XP_010430204.1, XP_010473402.1
OG0001056	As002G035820	XP_010468099.1, XP_010468098.2, XP_010486658.1, XP_010484714.1
OG0001056	As009G214650	XP_010423586.1, XP_010452334.1, XP_010490947.1
OG0001057	As002G045470	XP_010438569.1, XP_010433330.1, XP_010448094.1, XP_010482823.1, XP_010446514.1, XP_010442990.1, XP_010474417.1, XP_010485116.1
OG0001058	As003G055590	XP_010440047.1, XP_010434708.1
OG0001058	As003G072150	XP_019086864.1, XP_010446870.1
OG0001059	As004G087590	XP_010481656.1, XP_010441789.1, XP_010494572.1
OG0001060	As004G094900	XP_010450125.1, XP_010450146.1, XP_010435212.1
OG0001060	As011G255760	XP_010488460.1, XP_010466740.1, XP_010512939.1
OG0001061	As011G254950	XP_010488338.1, XP_010511996.1, XP_010466597.1
OG0001061	As004G095690	XP_010450022.1, XP_010435107.1, XP_010440445.1
OG0001062	As005G119250	XP_010484510.1, XP_010444655.1
OG0001063	As006G139260	XP_010513274.1, XP_010414491.2
OG0001064	As006G145650	XP_010505261.1, XP_010509401.1, XP_010516949.1, XP_010515816.1, XP_010504083.1, XP_010426963.1
OG0001065	As006G145860	XP_010516980.1, XP_010509365.1, XP_010505298.1
OG0001065	As012G277190	XP_010515835.1, XP_010504107.1, XP_010426991.1
OG0001066	As006G145870	XP_010516981.1, XP_010509364.1, XP_010505299.1
OG0001066	As012G277200	XP_010515836.1, XP_010504108.1, XP_010426996.1
OG0001067	As010G242380	XP_010429770.1, XP_010419365.1, XP_019098625.1, XP_010474485.1
OG0001067	As007G153140	XP_010462743.1, XP_019098666.1, XP_010476789.1, XP_010497994.1
OG0001068	As007G153800	XP_010463964.1, XP_010485861.1
OG0001068	As010G241390	XP_010428118.2, XP_010415982.1, XP_010471264.1
OG0001069	As010G238510	XP_010428512.1, XP_010471609.1, XP_010474344.1, XP_010416372.1
OG0001069	As007G155720	XP_010498350.1, XP_010477145.1, XP_010459601.1
OG0001070	As007G161250	XP_010460370.1, XP_010499104.1, XP_010477920.1
OG0001070	As010G231200	XP_010474207.1, XP_010415488.1, XP_010511868.1, XP_010511869.1, XP_010489374.1, XP_019092463.1, XP_010514996.1
OG0001071	As008G183320	XP_010495763.1, XP_010458888.1, XP_010476442.1
OG0001072	As009G216760	XP_019097774.1, XP_010421197.1, XP_010454674.1
OG0001072	As010G222230	XP_010426404.1, XP_010515238.1, XP_010503548.1
OG0001073	As011G250190	XP_010414801.1, XP_010470313.1, XP_010463707.1, XP_010470476.1, XP_010415146.1, XP_019100925.1, XP_019083703.1, XP_010430570.1, XP_010470959.1
OG0001074	As011G252670	XP_010474189.1, XP_010475845.1, XP_010513639.1, XP_010419050.1, XP_010470625.1, XP_010496860.1, XP_010513628.1, XP_010513602.1, XP_010418540.1, XP_010415295.1
OG0001075	As012G270490	XP_010479786.1, XP_010462119.1, XP_019099513.1, XP_010465537.1, XP_010503256.1, XP_010487394.1, XP_010421709.1
OG0001084	As011G267200	XP_010467801.1, XP_010415562.1, XP_010489021.1, XP_010415583.1, XP_010489020.1, XP_010467799.1
OG0001084	As001G000360	XP_010438448.1, XP_010447974.1, XP_010433214.1
OG0001085	As011G266420	XP_010416733.1, XP_010489135.1, XP_010495941.1
OG0001085	As001G001230	XP_010433099.1, XP_010447856.1, XP_010438303.1
OG0001086	As001G010350	XP_010447243.1, XP_010437764.1, XP_010432564.1
OG0001086	As006G139850, As011G262030	XP_010467203.1, XP_010488867.1
OG0001087	As001G014350	XP_010437579.1, XP_010447048.1, XP_010432389.1
OG0001087	As001G014360	XP_010447047.1, XP_010432387.1, XP_010437577.1
OG0001088	As001G026740	XP_010425562.1
OG0001088	As004G097170	XP_010514492.1, XP_010514494.1, XP_010502788.1, XP_010425563.1, XP_010502789.1, XP_010425561.1, XP_010514493.1
OG0001089	As001G027320	XP_010514596.1, XP_010425659.1, XP_010502879.1
OG0001090	As001G027490, As001G027520, As001G027510	XP_010488883.1, XP_010482055.1, XP_010439299.1, XP_010495898.1
OG0001091	As010G222350	XP_010515218.1, XP_010503529.1, XP_010426385.1
OG0001091	As002G042730	XP_010482409.1, XP_019088042.1, XP_010442575.1
OG0001091	As009G207490	XP_010472984.1
OG0001092	As002G047560	XP_019084485.1, XP_019097725.1, XP_019090351.1
OG0001092	As009G210680	XP_019097790.1, XP_019090268.1, XP_019084486.1
OG0001093	As005G109890	XP_010454209.1, XP_010420737.1, XP_010492994.1
OG0001093	As002G051090	XP_019090702.1, XP_010491975.1, XP_010419806.1
OG0001094	As002G053280	XP_010453021.1, XP_010422904.1, XP_010491653.1
OG0001094	As005G118310	XP_010484330.1, XP_010462108.1, XP_010444501.1
OG0001095	As004G093100, As004G093080, As004G093090	XP_010450255.1, XP_010435334.1, XP_010450253.1, XP_010450045.1, XP_010440630.1, XP_010435337.1, XP_010435333.1, XP_010450256.1
OG0001096	As012G284440	XP_010504741.1, XP_010516444.1, XP_010427701.1
OG0001096	As005G105060	XP_010505999.1, XP_010517704.1, XP_010508635.1
OG0001097	As010G224310	XP_010470636.1
OG0001098	As010G221570	XP_010515330.1, XP_010426494.1, XP_010503635.1
OG0001098	As005G118860	XP_010444599.1, XP_010463583.1, XP_010484425.1
OG0001099	As006G122020	XP_010457132.1, XP_019100747.1, XP_010427832.1, XP_010456210.1
OG0001100	As006G125750	XP_019082990.1, XP_019093511.1, XP_019101362.1, XP_010414027.1
OG0001100	As008G195360, As008G194940	XP_019091761.1, XP_019098841.1, XP_019094784.1
OG0001101	As009G200370	XP_010453588.1, XP_010420108.1, XP_010492275.1
OG0001101	As006G133080	XP_010453672.1, XP_010492370.1, XP_010420192.1, XP_010505856.1
OG0001102	As006G135240	XP_010463624.1, XP_010485466.1, XP_010464948.1
OG0001102	As009G201520	XP_010453715.1, XP_010492420.1, XP_010420248.1
OG0001103	As009G207010	XP_010494094.1, XP_010421690.1, XP_010455174.1
OG0001103	As006G137690	XP_010415659.1, XP_010463929.1, XP_010485828.1
OG0001104	As006G138120, As009G206960	XP_010455165.1, XP_010494076.1, XP_010421674.1
OG0001105	As010G243540	XP_010472902.1, XP_010429933.1, XP_010419388.1
OG0001105	As007G152280	XP_010476676.1, XP_010497407.1, XP_010459116.1
OG0001106	As007G153300	XP_010459243.1, XP_010476824.1, XP_010498020.1
OG0001106	As010G242200	XP_010417495.1, XP_010429746.1
OG0001107	As007G154350	XP_010459403.1, XP_010498162.1, XP_010476951.1
OG0001107	As010G240470	XP_010416115.1, XP_010471382.1, XP_010428234.1
OG0001108	As007G155300	XP_010498294.1, XP_010477089.1, XP_010459534.1
OG0001109	As010G235960	XP_010471945.1, XP_010428829.1, XP_010416695.1
OG0001109	As007G157790	XP_010498632.1, XP_010459897.1, XP_010477422.1
OG0001110	As010G232990	XP_010470995.1
OG0001110	As007G160150	XP_010477765.1, XP_010460212.1
OG0001111	As010G228810	XP_010470648.1, XP_010415319.1, XP_019101597.1
OG0001111	As007G162030	XP_010499218.1, XP_010478075.1, XP_010460497.2
OG0001112	As009G207970	XP_010429957.1, XP_010417708.1, XP_010482195.1, XP_010442374.1, XP_010440260.1
OG0001113	As009G210730	XP_010452631.1
OG0001114	As009G211960	XP_010423334.1, XP_019097705.1, XP_010452582.1
OG0001115	As010G241340	XP_010415990.1, XP_010428127.1, XP_010471272.1, XP_010476878.1, XP_010498077.1, XP_010459312.1
OG0001116	As012G271470	XP_010500733.1, XP_010479642.1, XP_010461989.1
OG0001116	As011G253270	XP_010466336.1, XP_010488098.1, XP_010509736.1
OG0001117	As012G274810, As012G274800	XP_010445378.1
OG0001124	As011G265980	XP_010467817.1, XP_010489035.1
OG0001124	As012G276130, As001G000460	XP_010442088.1, XP_010481915.1, XP_019097262.1, XP_010448177.1, XP_010433406.1, XP_010438658.1
OG0001125	As001G015980	XP_019091502.1, XP_010480892.1, XP_010499694.1
OG0001125	As002G043210, As004G079080	XP_010507561.1, XP_010516745.1, XP_010412885.1, XP_010513038.1
OG0001126	As003G070440, As011G256560, As003G070420, As003G070430, As003G070400, As001G020030	XP_010511053.1, XP_010470233.1, XP_010414724.1, XP_010470243.1, XP_010511065.1
OG0001127	As008G182820	XP_019098995.1, XP_010476515.1, XP_019090749.1
OG0001127	As001G023280	XP_010495967.1, XP_010513966.1, XP_010502224.1
OG0001128	As001G024510	XP_010514166.1, XP_010502422.1, XP_010425193.1
OG0001128	As008G183850	XP_010495411.1, XP_010458808.1, XP_010476364.1
OG0001129	As001G027480	XP_019099836.1, XP_010425686.1, XP_010514610.1, XP_010463192.1, XP_010514611.1, XP_010425685.2, XP_019096051.1, XP_010480958.1
OG0001130	As001G028120	XP_010425778.1, XP_010514683.1, XP_010503010.1
OG0001130	As004G077980	XP_019086335.1, XP_010445624.1, XP_010496568.1
OG0001131	As002G032550	XP_010438826.1
OG0001131	As002G048950	XP_010451899.1, XP_010483227.1, XP_010443403.1
OG0001132	As005G107970	XP_010423782.1, XP_010452164.1, XP_010490770.1
OG0001132	As002G034660	XP_010486541.1, XP_010475817.1, XP_010464624.1
OG0001133	As002G047010	XP_010443127.1, XP_010482938.1, XP_010449187.1
OG0001134	As002G050280, As002G050290	XP_010453416.1, XP_010492095.1, XP_010419921.1, XP_010492093.1, XP_010453415.1, XP_010419920.1
OG0001135	As005G117880	XP_010462651.1, XP_010484283.1, XP_010444441.1
OG0001135	As002G053400	XP_010422916.1, XP_019097624.1, XP_010491641.1, XP_010453009.1
OG0001136	As003G056250	XP_010434610.1, XP_010439933.1, XP_010449548.1
OG0001136	As004G089250	XP_010441547.1, XP_010494860.1
OG0001137	As004G087840	XP_010441747.1, XP_010481600.1, XP_010494633.1
OG0001137	As003G057700	XP_010439733.1, XP_010451369.1, XP_010434431.1
OG0001138	As003G060280	XP_010439357.1, XP_010448922.1, XP_010434069.1, XP_010425450.1, XP_010463592.1, XP_010437677.1, XP_010485436.1
OG0001139	As003G067410	XP_010478149.1, XP_010499291.1, XP_010460565.1
OG0001139	As007G162130	XP_010478053.1, XP_010499203.1, XP_019091731.1
OG0001140	As003G072340	XP_010446825.1, XP_010437388.1, XP_010446837.1
OG0001140	As011G264830	XP_010413346.1, XP_010467587.1, XP_010489427.1
OG0001141	As010G224380	XP_010514994.1, XP_010426367.1, XP_010426111.1, XP_010426106.1
OG0001141	As004G077490	XP_010448031.1, XP_010450965.1, XP_010440903.1
OG0001142	As004G095910	XP_010435064.1, XP_010440387.1, XP_010449988.1
OG0001143	As005G102010	XP_010512387.1, XP_010413542.1, XP_010469165.1
OG0001144	As012G286050	XP_010512317.1, XP_010413601.1
OG0001146	As005G105940	XP_010505948.1, XP_010508696.1, XP_010517653.1
OG0001147	As005G110350	XP_010454237.1, XP_010493028.1, XP_010420761.1, XP_010418279.1, XP_010473503.1, XP_010430356.1
OG0001148	As005G117560	XP_010461972.1, XP_010484240.1, XP_010444392.1
OG0001149	As010G220420	XP_010503801.1, XP_010426661.1, XP_010515507.1
OG0001149	As005G120550	XP_010444816.1, XP_010484666.1, XP_010465701.1
OG0001150	As009G202000	XP_010492490.1, XP_010453764.1
OG0001150	As006G135560	XP_010463668.1, XP_010485566.1, XP_010498751.1
OG0001151	As006G140390	XP_010486204.1, XP_010444475.1, XP_010464262.1
OG0001151	As009G208040	XP_010482206.1, XP_010442388.1, XP_010440413.1
OG0001152	As012G282810	XP_010431397.1, XP_010516237.1, XP_010504531.1
OG0001152	As006G142300	XP_010517493.1, XP_010508846.1, XP_010505802.1
OG0001153	As012G276310	XP_010516844.1, XP_010505169.1, XP_010509487.1
OG0001154	As010G238340	XP_010416389.1, XP_010428530.1, XP_010471628.1
OG0001154	As007G155790	XP_010459616.1, XP_010477164.1, XP_010498363.1
OG0001155	As007G156380	XP_010498456.1, XP_010459704.1, XP_010477253.1
OG0001156	As007G159660	XP_010477647.1, XP_010460140.1, XP_010498864.1
OG0001156	As010G233350	XP_010427822.1, XP_010415725.1, XP_010471037.1
OG0001157	As008G186030	XP_010492761.1, XP_019094832.1, XP_010458537.1
OG0001157	As008G186040	XP_010476054.1, XP_019091457.1
OG0001158	As010G233690	XP_019095499.1, XP_019083649.1, XP_010430242.1, XP_019093416.1, XP_019093415.1, XP_010471078.1, XP_010427867.1, XP_010415766.1, XP_010477606.1, XP_010460098.1, XP_010498822.1
OG0001159	As010G236770, As010G236800, As010G236780, As010G236790	XP_010416589.1, XP_010471823.1, XP_010428729.1, XP_010416584.1, XP_010428728.1, XP_010471819.1
OG0001160	As011G245380	XP_010462402.1, XP_010501160.1, XP_010480085.1, XP_010501165.1, XP_010480087.1
OG0001160	As012G268400	XP_010487103.1, XP_010465186.1, XP_010500569.1
OG0001161	As011G253310	XP_019082801.1, XP_010488108.1, XP_010466346.1
OG0001161	As012G271410	XP_010461997.1, XP_010500742.1
OG0001169	As002G045450, As002G045480	XP_010446534.1, XP_010442991.1, XP_010482824.1
OG0001170	As022G292050, As022G292140, As048G294600, As012G279330, As012G280590, As009G206290, As001G015180	XP_019092717.1, XP_019097023.1, XP_010425682.1
OG0001171	As001G021220	XP_019098737.1, XP_010473291.1, XP_010418043.1, XP_010430084.1
OG0001172	As001G024140	XP_010514119.1, XP_010425143.1, XP_010502365.1
OG0001172	As008G183530	XP_010458847.1, XP_019091942.1, XP_019094267.1
OG0001173	As002G032750	XP_010448322.1, XP_010438799.1, XP_010433547.1, XP_019096145.1, XP_010418483.1, XP_010473687.1, XP_010430550.1
OG0001174	As002G036310	XP_010486688.1, XP_010464752.1, XP_010493226.1
OG0001174	As009G214250	XP_019089919.1, XP_010421485.1, XP_010493871.1
OG0001175	As002G047920	XP_010483085.1, XP_010443262.1, XP_010450737.1
OG0001176	As005G118510	XP_010484367.1, XP_010444527.1, XP_010497733.2, XP_010463089.1
OG0001176	As002G052820	XP_010453069.1, XP_010491713.1, XP_010422840.1
OG0001177	As002G054880	XP_010423156.1, XP_010491414.1, XP_010452762.1, XP_010452761.1, XP_010423155.1, XP_010491415.1, XP_010452768.1, XP_010491420.1, XP_010423153.1
OG0001178	As002G055020	XP_010423170.1, XP_010452746.1, XP_010491397.1
OG0001178	As009G217930	XP_010457150.1, XP_010443946.1, XP_010457182.1, XP_010443947.1, XP_010483795.1
OG0001179	As003G057140	XP_019088562.1, XP_010449482.1, XP_019086804.1
OG0001179	As011G256550	XP_010488556.2, XP_019092801.1, XP_019085305.1
OG0001180	As003G057900	XP_019086847.1, XP_019088192.1, XP_019089623.1
OG0001180	As004G087660	XP_010494600.1, XP_010441765.1, XP_019095969.1
OG0001181	As003G059790	XP_010434132.1, XP_010439429.1, XP_010449009.1
OG0001181	As004G085930	XP_010432053.1, XP_010455798.1, XP_010422328.1
OG0001182	As004G081230	XP_010413780.1, XP_010469399.1, XP_010509796.1
OG0001182	As003G069510	XP_010499424.1, XP_010480710.1, XP_010460674.1
OG0001183	As003G072080	XP_010450969.1, XP_010437425.1, XP_019089454.1
OG0001183	As011G264670, As010G236540	XP_010489396.1, XP_019083696.1, XP_010467561.1
OG0001184	As012G287840	XP_010413339.1, XP_010512558.1, XP_010469027.1
OG0001184	As005G100420	XP_010507995.1, XP_010506672.1, XP_010413087.1
OG0001185	As012G287600	XP_010512520.1, XP_010469106.1, XP_010418586.1
OG0001185	As005G100800	XP_010508039.1, XP_010497474.1, XP_010506631.1, XP_010518301.1
OG0001186	As012G285360	XP_010512180.1, XP_010413719.1, XP_010473839.1
OG0001187	As006G126100	XP_010469606.1, XP_010510035.1, XP_010414008.1
OG0001187	As008G195000	XP_010484858.1, XP_010457609.1, XP_010475210.1
OG0001188	As006G128390	XP_019093827.1, XP_010510409.1
OG0001189	As006G132950	XP_010496283.1, XP_010435648.1, XP_010485387.1
OG0001189	As009G200010	XP_010453560.1, XP_010492244.1, XP_010420077.1
OG0001190	As006G137230	XP_010463863.1, XP_010485760.1, XP_010516062.1
OG0001190	As009G204060	XP_010492820.1, XP_010454044.1
OG0001191	As009G206340	XP_010455126.1, XP_010421612.1, XP_010494010.1
OG0001191	As006G138540	XP_010485954.1, XP_010464042.1, XP_010424829.1
OG0001192	As012G274380	XP_010440203.1, XP_010449846.1, XP_010434881.1
OG0001192	As006G140360	XP_010464259.1, XP_010444089.1, XP_010486198.1
OG0001193	As012G282070	XP_010427346.1, XP_010516141.1, XP_010504420.1
OG0001193	As006G143230	XP_010508967.1, XP_010505668.1, XP_010517343.1
OG0001194	As012G282360	XP_010516185.1, XP_010427395.1
OG0001194	As006G143580	XP_010461812.1, XP_010464460.1, XP_010486391.1
OG0001195	As007G153910	XP_019095327.1, XP_010459327.1, XP_010476888.1
OG0001195	As010G241270	XP_010428135.1, XP_010415999.1
OG0001196	As010G238520	XP_010416370.1, XP_010428510.2
OG0001196	As007G155700	XP_010477139.1, XP_010459596.1, XP_010498346.1, XP_010477141.1
OG0001197	As008G186880	XP_010515990.1, XP_010504266.1, XP_010427161.1
OG0001200	As009G212830	XP_010420806.1, XP_010493068.1
OG0001201	As009G216930	XP_010493487.1, XP_010454652.1, XP_010421173.1
OG0001201	As010G222450	XP_010503515.1, XP_010426372.1
OG0001202	As010G221230	XP_010515381.1, XP_019084825.1, XP_010503689.1, XP_019102297.1, XP_010507358.1, XP_010426486.2, XP_019099848.1
OG0001203	As010G226280	XP_010514769.1, XP_010425847.1, XP_010503081.1, XP_010495899.1, XP_010425848.1, XP_010514771.1, XP_010503083.1
OG0001204	As010G226550	XP_010429376.1
OG0001205	As012G269930	XP_010462184.1, XP_010500952.1, XP_010479863.1
OG0001205	As011G247320	XP_010465471.1, XP_010487341.1, XP_010502620.1
OG0001206	As011G248610, As011G248600	XP_010504227.1, XP_010465663.1, XP_010487496.1, XP_010487503.1, XP_010487501.1, XP_010465665.1
OG0001207	As012G274390	XP_010449847.1, XP_010434882.1
OG0001207	As011G249080	XP_010465713.1, XP_010504756.1, XP_010487559.1
OG0001208	As012G273020	XP_010479363.1, XP_010461768.1, XP_010500472.1
OG0001208	As011G250940	XP_010487803.1, XP_010507165.1
OG0001209	As011G251200	XP_010466044.1, XP_010507434.1, XP_019096873.1
OG0001210	As012G272240	XP_010508299.1, XP_010461883.1, XP_010500597.1, XP_010479490.1
OG0001211	As012G268580	XP_019089363.1
OG0001222	As001G003410	XP_010438071.1, XP_010447611.1, XP_010432897.1
OG0001222	As007G178150	XP_010472442.1, XP_019083729.1, XP_010429415.1
OG0001223	As011G262960	XP_019096719.1, XP_019092497.1, XP_019084151.1
OG0001223	As001G013780	XP_019086628.1, XP_019088159.1, XP_019089292.1
OG0001224	As001G019000	XP_010480241.1, XP_019101544.1, XP_010511274.1, XP_010511272.1, XP_010414978.1, XP_010418940.1
OG0001225	As001G025730	XP_010425411.1, XP_010514353.2, XP_010502627.1, XP_010425410.1, XP_019101816.1, XP_010502630.1, XP_010514350.1, XP_010425409.1, XP_010425405.1, XP_010502632.1, XP_010514347.1
OG0001226	As001G026900	XP_010412422.1, XP_019100114.1, XP_010425593.1, XP_010425592.1, XP_010502814.1, XP_010514521.1, XP_010514520.1, XP_010425595.1, XP_010514523.1
OG0001227	As002G034420	XP_010474487.1, XP_010486533.1, XP_010464609.1
OG0001227	As005G107870	XP_010490751.1, XP_019090224.1, XP_010452137.1, XP_010452132.1, XP_010456368.1, XP_019089976.1, XP_019084571.1
OG0001228	As002G036230, As002G036270, As002G036250, As002G036610, As002G034750, As002G034740, As002G034770, As002G034600, As002G034530, As002G036820, As002G036590, As002G036810	XP_010503170.1, XP_010425945.1, XP_010514862.1
OG0001228	As002G036800, As010G228140	XP_010417431.1, XP_010472670.1, XP_010429663.1
OG0001229	As002G049770, As002G049710, As002G049750, As002G047650, As002G047640, As002G048550, As002G048440, As002G048410, As002G048430	XP_010451587.1
OG0001230	As009G218340	XP_010483859.1, XP_010457713.1, XP_010444003.1
OG0001230	As002G055400	XP_010452696.1, XP_010423217.1, XP_010491343.1
OG0001231	As009G218430	XP_010457918.1, XP_010483875.1, XP_010444024.1
OG0001231	As002G055440	XP_010452687.1, XP_010423229.1, XP_010491335.1
OG0001232	As003G057340	XP_010439794.1, XP_019089457.1, XP_010434481.1, XP_010449447.1, XP_010439793.1, XP_019092378.1
OG0001233	As003G060920	XP_010439264.1
OG0001233	As004G084810	XP_010434020.1, XP_010422148.1, XP_010455611.1
OG0001234	As010G238140	XP_010428570.1, XP_010416433.1, XP_010471658.1
OG0001234	As004G082120	XP_010481918.1, XP_010442090.1, XP_010494265.1
OG0001235	As010G228510, As011G264390	XP_010515096.1, XP_010467510.1, XP_010489365.1
OG0001235	As003G071710	XP_019089628.1, XP_019089629.1, XP_010437471.1, XP_019086762.1
OG0001236	As004G096250	XP_010449959.1, XP_010440324.1, XP_010435035.1
OG0001236	As006G125660	XP_010414016.1, XP_010469618.1, XP_010510054.1
OG0001237	As005G101170	XP_010518235.1, XP_010506570.1, XP_010508096.1
OG0001237	As012G287400	XP_010413420.1, XP_010469064.1, XP_010512478.1
OG0001238	As012G287280	XP_010508108.1, XP_010506557.1, XP_010518219.1
OG0001238	As005G101270	XP_010413441.1, XP_010469046.1, XP_010512456.1
OG0001239	As012G285940	XP_010512291.1, XP_010413613.1, XP_010469245.1
OG0001239	As005G103030	XP_010506329.1, XP_010508329.1, XP_010518008.1
OG0001240	As005G103570	XP_019102081.1
OG0001240	As005G103560	XP_010512871.2, XP_010507723.2
OG0001241	As005G103630	XP_010506254.2, XP_010517940.1, XP_010508398.1
OG0001242	As005G108180	XP_010490798.1, XP_019084555.1, XP_010452201.1
OG0001243	As005G110180	XP_010454240.1, XP_010493033.1, XP_010420764.1, XP_010424026.2, XP_010470630.1, XP_010511646.1
OG0001244	As005G111140	XP_010446319.1, XP_010442974.1, XP_010482809.1
OG0001245	As010G220630	XP_010424887.1
OG0001245	As005G120340	XP_010444794.1, XP_019094693.1, XP_010484642.1
OG0001246	As006G122500	XP_010428573.1, XP_010422703.1, XP_010456139.1
OG0001247	As006G123620	XP_010455933.1, XP_010430473.1, XP_010422527.1
OG0001247	As006G141330	XP_010486326.1, XP_010455618.1, XP_010464394.1
OG0001248	As006G129030, As006G129020, As008G192650	XP_010414430.1, XP_010473984.2, XP_010510528.1, XP_010469982.1, XP_010414418.1, XP_010469980.1, XP_019082569.1
OG0001249	As006G130480, As006G148330, As006G148320	XP_010517136.1, XP_010509115.1
OG0001250	As009G201070	XP_010420207.1, XP_010492387.1, XP_010453684.1
OG0001250	As006G135030	XP_010485434.1, XP_019092946.1, XP_019099313.1
OG0001251	As006G135310	XP_010463632.1, XP_010470619.1, XP_010485469.1
OG0001251	As009G201580	XP_010492428.1, XP_010453727.1, XP_010420253.1
OG0001252	As009G202070	XP_019096315.1, XP_010463676.1
OG0001252	As006G135600	XP_010499152.1, XP_010463673.1, XP_010485571.1
OG0001253	As006G138960	XP_010429701.1, XP_010464089.1
OG0001253	As009G205910, As007G182060	XP_019090018.1, XP_010495536.1
OG0001254	As012G271900	XP_010461973.1, XP_010479625.1, XP_010500718.1
OG0001254	As006G148850	XP_010516654.1, XP_010509550.1, XP_010516791.1, XP_010505109.1
OG0001255	As010G241660	XP_010428967.1, XP_010416822.1, XP_010472057.1
OG0001255	As007G153580	XP_010498060.1, XP_010476855.1, XP_010462747.1
OG0001256	As010G241030	XP_010428172.1, XP_010471305.1, XP_010416037.1
OG0001256	As007G153970	XP_010476905.1, XP_010498110.1, XP_010459348.1
OG0001257	As010G240510	XP_010471374.1, XP_010416107.1, XP_010428229.1
OG0001257	As007G154290	XP_010498157.1, XP_010476946.1, XP_010459395.1
OG0001258	As007G155250	XP_010459528.1, XP_010477083.1, XP_010498288.1
OG0001258	As010G238870	XP_010471556.1, XP_010416323.1
OG0001259	As007G155870	XP_010459627.1, XP_010477175.1, XP_010498378.1
OG0001259	As010G238270	XP_010416397.1, XP_010471635.1, XP_010428538.1
OG0001261	As008G183080	XP_010495946.1, XP_010458926.1, XP_010476482.1, XP_010514056.1, XP_010425058.1
OG0001262	As008G183230	XP_010476471.1, XP_010476528.1, XP_010458912.1, XP_010476473.2, XP_010462697.1
OG0001263	As008G185060	XP_010493951.1, XP_010476187.1, XP_010458650.1, XP_010473488.1, XP_010430328.1, XP_010418267.1
OG0001264	As011G245280	XP_010500423.1, XP_010465172.1, XP_010487091.1
OG0001264	As012G268320	XP_010480098.1, XP_010501175.1, XP_010462412.1
OG0001265	As012G271440	XP_010479646.1, XP_010461992.1, XP_010500736.1
OG0001265	As011G253290	XP_010466337.1, XP_010509758.1
OG0001274	As007G178240	XP_010417185.1, XP_010429408.1
OG0001274	As001G003270	XP_010447625.1, XP_010432909.1, XP_010438088.1
OG0001275	As007G156730	XP_010477308.1, XP_010459749.1, XP_010498497.1
OG0001275	As001G014870	XP_019089559.1, XP_010432341.1, XP_010437527.1
OG0001276	As001G021540	XP_010473507.1, XP_010473322.1, XP_010418073.1, XP_010430112.1
OG0001276	As008G186480	XP_010476009.1, XP_010458495.1, XP_010492381.1
OG0001277	As001G021700	XP_019083636.1, XP_019093598.1
OG0001278	As001G026660, As001G026620	XP_010412501.1, XP_010467054.1, XP_010488741.1
OG0001279	As009G200780	XP_010492331.1, XP_010420160.1
OG0001279	As006G134750	XP_010463545.1, XP_010485515.1, XP_019099222.1
OG0001280	As001G027620	XP_010495864.1, XP_010425710.1, XP_010502930.1, XP_010502933.1, XP_010502932.1
OG0001280	As004G078400	XP_010450798.2
OG0001281	As003G061850	XP_019085721.1, XP_019083698.1, XP_019093521.1
OG0001281	As004G098150	XP_019087154.1, XP_019091800.1, XP_019086018.1
OG0001282	As002G032810	XP_010433543.1, XP_010438794.1, XP_010448318.1
OG0001283	As012G283460	XP_010516300.1, XP_010504608.1, XP_010427550.1
OG0001283	As002G033170	XP_010517609.1, XP_010505886.1, XP_010508746.1
OG0001284	As002G040880	XP_010482302.2, XP_010442477.1
OG0001284	As009G219310	XP_010444153.1, XP_010459419.1, XP_010484002.1
OG0001285	As002G046220	XP_010448153.1, XP_010482852.1, XP_010443018.1
OG0001285	As006G132440	XP_010433382.1, XP_010448151.1, XP_010438630.1
OG0001286	As002G046800, As002G046810	XP_010448960.1, XP_010482926.1, XP_010443103.1
OG0001287	As006G134550	XP_010433442.1, XP_010438700.1, XP_010448214.1
OG0001287	As002G047070	XP_010443144.1, XP_010449298.1, XP_010482956.1
OG0001288	As002G051870	XP_010453190.1, XP_010419712.1, XP_010491872.1
OG0001289	As003G055830	XP_010439994.1, XP_010449605.1, XP_010434657.1
OG0001289	As004G090340	XP_010441484.1, XP_010494954.1, XP_010481345.1
OG0001290	As004G084370	XP_010455527.1, XP_010422067.1, XP_010435260.1
OG0001290	As003G061690	XP_010509305.1, XP_010439152.1, XP_010433883.1
OG0001291	As003G062380	XP_010499842.1, XP_010461114.1, XP_010478681.1
OG0001291	As003G062370	XP_019091270.1, XP_019099347.1, XP_019094772.1
OG0001292	As006G128480	XP_010469902.1, XP_010414320.1, XP_010510416.1
OG0001292	As003G068450, As006G132720	XP_010500953.1, XP_010485502.1, XP_010463534.1
OG0001293	As012G285310, As003G069570	XP_010473836.1, XP_019100971.1, XP_010413729.1, XP_010512156.1, XP_010437518.1, XP_010456832.1, XP_010497050.1
OG0001294	As007G180370	XP_010472222.1, XP_010416994.1
OG0001294	As003G074750	XP_010446562.1, XP_010446588.1, XP_010437120.1, XP_010431975.1
OG0001295	As004G077550, As004G077530, As004G077540, As004G077570	XP_010435713.1, XP_010440906.1, XP_010496097.2
OG0001296	As004G079870	XP_010417031.1, XP_010472267.1, XP_010429206.1, XP_010412879.1, XP_010505017.1, XP_010516686.1, XP_010509646.1
OG0001297	As004G085780	XP_010422296.1, XP_010422298.1, XP_010455776.1, XP_010432317.1, XP_010422297.1, XP_010455777.1, XP_010432328.1, XP_019089378.1
OG0001298	As004G095930	XP_010511517.1, XP_010488293.1, XP_010435062.1, XP_010449986.1, XP_010440386.1
OG0001298	As011G254560	XP_010468378.2, XP_010421059.1
OG0001299	As005G100270	XP_019082431.1, XP_010507976.1, XP_010507977.1, XP_010512820.1
OG0001300	As012G284530	XP_010504763.1, XP_010427719.1, XP_010516459.1
OG0001300	As005G104930	XP_010508583.1, XP_019100580.1
OG0001301	As012G284300	XP_010516427.1, XP_010427682.1
OG0001301	As005G105210	XP_010517737.1, XP_010508603.1, XP_010506033.1
OG0001302	As005G119060	XP_010444625.1, XP_010463874.1
OG0001302	As010G221410	XP_010515353.1, XP_010426516.1, XP_010503655.1
OG0001303	As006G121100	XP_010419541.1, XP_010456322.1, XP_010426564.1
OG0001303	As008G199380	XP_010506472.1, XP_010508183.1
OG0001304	As006G129740	XP_010475567.1, XP_010488117.1, XP_010458003.1, XP_010414515.1, XP_010470075.1, XP_010510616.1
OG0001305	As006G138870	XP_010464067.1, XP_010485985.1, XP_010417784.1
OG0001305	As009G206160	XP_010493994.1, XP_010421591.1
OG0001306	As006G138930	XP_010464085.1, XP_010486013.1, XP_010429190.1
OG0001308	As006G144870	XP_019099869.1, XP_019101001.1, XP_019102488.1
OG0001309	As006G147030	XP_010517074.1, XP_010505395.1, XP_010509254.1
OG0001309	As012G278060	XP_010427066.1, XP_010515915.1, XP_010504191.1
OG0001310	As007G153270	XP_010459238.1, XP_010498016.1, XP_010476818.1
OG0001310	As010G242210	XP_010417496.1, XP_019085157.1
OG0001311	As009G206930	XP_010494070.1, XP_010421668.1
OG0001312	As009G209520	XP_010442308.1, XP_010482119.1, XP_010493702.1
OG0001314	As011G245230	XP_010487084.1, XP_010465163.1, XP_010500362.1
OG0001314	As012G268220, As012G268230	XP_019095295.1, XP_010462423.1, XP_010501187.2
OG0001315	As011G247950	XP_010465563.1, XP_010503392.1, XP_010487412.1, XP_010479770.1, XP_010462102.1, XP_019099496.1
OG0001316	As012G273940	XP_010479236.1, XP_010461625.1, XP_010500340.1
OG0001316	As011G249510	XP_010465789.1, XP_010505348.1, XP_010487622.1
OG0001317	As012G272280	XP_010479485.1, XP_010461877.1, XP_010500594.1, XP_010508245.1, XP_010489959.1
OG0001318	As012G274540	XP_010434898.1, XP_010449866.1, XP_010440219.1, XP_010449864.1
OG0001328	As001G003730	XP_010438039.1, XP_010447555.1, XP_010432863.1, XP_010419311.1, XP_010472462.1, XP_010429434.1
OG0001330	As011G264300	XP_010489356.1, XP_010467489.1, XP_010515321.1
OG0001330	As001G015630	XP_010437488.1, XP_019086539.1, XP_010446939.1
OG0001331	As001G019080	XP_010480257.1, XP_010414992.1, XP_010511289.1, XP_019100910.1, XP_019093278.1
OG0001332	As001G019570	XP_010470291.2, XP_010511383.1, XP_010414779.1
OG0001332	As008G187940	XP_010475828.1, XP_010490336.1, XP_019091611.1
OG0001333	As008G186610	XP_010475983.1, XP_010458475.1, XP_010492178.1
OG0001334	As008G182480	XP_010476568.1, XP_010496638.1, XP_010459007.1, XP_010459008.1
OG0001334	As001G022740	XP_010513887.1, XP_010424932.1
OG0001335	As009G214520	XP_010452352.1, XP_010423566.1, XP_010490968.1
OG0001335	As002G035960	XP_010489752.1, XP_010485735.1, XP_010464732.1
OG0001336	As002G037540	XP_010486838.1, XP_010497995.1, XP_010464900.1, XP_010452564.1, XP_010491197.1, XP_010423345.1
OG0001337	As002G045530	XP_010442984.1, XP_010482818.1
OG0001338	As002G045540	XP_019089472.1, XP_010448117.1, XP_010451160.1, XP_010433350.1, XP_019098768.1, XP_010446409.1, XP_010442983.1, XP_010482816.1
OG0001339	As002G047440	XP_010483023.1, XP_010443207.1, XP_019086704.1
OG0001339	As006G134360	XP_010481064.1, XP_010448238.1, XP_010438723.1, XP_010436371.1
OG0001341	As009G215560	XP_010421358.1, XP_010493756.1, XP_010454833.1
OG0001341	As002G052360	XP_010419638.1, XP_010491765.1, XP_010453116.1
OG0001342	As002G053260	XP_010422902.1, XP_010422901.1, XP_010453024.1, XP_010491659.1
OG0001342	As005G118290	XP_010444500.1, XP_010462137.1
OG0001343	As002G054600	XP_010452813.1, XP_010423114.1, XP_010491456.1
OG0001343	As009G217260	XP_010421123.1, XP_010493442.1, XP_010454606.1
OG0001344	As003G056040	XP_010434629.1, XP_010449575.1, XP_010445310.1
OG0001344	As004G089590	XP_010494908.1, XP_010441516.1, XP_010481387.1
OG0001345	As003G057260	XP_010434495.1, XP_010449467.1, XP_010439810.1
OG0001345	As004G088210	XP_010494700.1, XP_010481535.1, XP_010441673.1
OG0001346	As003G058800	XP_010434267.1, XP_010449152.1, XP_010439562.1, XP_010449155.1
OG0001347	As003G061790	XP_010439141.1, XP_010433869.1, XP_010448667.1
OG0001347	As006G132770	XP_010463529.1, XP_010477171.1, XP_010485547.1, XP_010485546.1
OG0001348	As011G264720	XP_010514697.1, XP_010489402.1, XP_010467565.1
OG0001348	As003G072120	XP_010432223.1, XP_010446875.1, XP_010437419.1
OG0001349	As011G265000	XP_010467610.1, XP_010489501.1
OG0001349	As003G072460	XP_010432192.1, XP_010432191.1, XP_010437367.1
OG0001350	As003G074310	XP_010437164.1, XP_010432012.1, XP_010446607.1
OG0001351	As004G076770	XP_010440678.1, XP_010435383.1, XP_010496761.1, XP_010449037.2
OG0001352	As004G080580	XP_010500068.1, XP_010461352.1, XP_019100883.1, XP_010513435.1
OG0001353	As004G087990	XP_010481576.1, XP_010441719.1, XP_019097582.1, XP_010436486.2, XP_010449414.1, XP_010441707.1, XP_010481568.1, XP_010494657.1
OG0001354	As012G288470	XP_010468933.1, XP_010512661.1
OG0001354	As005G099420	XP_010507886.1, XP_010518449.1, XP_010506784.1
OG0001355	As012G287310	XP_010473801.1, XP_010413437.1, XP_010469049.1, XP_010512460.1
OG0001355	As005G101250	XP_010518225.1, XP_010506561.1, XP_010508104.1
OG0001356	As005G104680	XP_010508538.1, XP_010506104.1, XP_010517808.1
OG0001356	As012G284960	XP_010516518.1, XP_010427773.1, XP_010504825.1
OG0001357	As005G105170	XP_010506025.1, XP_010517731.1, XP_010508608.1
OG0001358	As005G105450	XP_010505967.1, XP_010517669.1, XP_010508676.1
OG0001358	As012G284050	XP_010504682.1, XP_010516369.1, XP_010427632.1
OG0001359	As010G224750	XP_010514937.1, XP_010426042.1, XP_010503226.1, XP_010497505.2
OG0001359	As005G114870	XP_010455510.1, XP_010483622.1, XP_010443755.1
OG0001360	As006G125720	XP_019093223.1, XP_019101358.1, XP_010414021.1
OG0001361	As006G125770	XP_010413959.1, XP_010469561.1, XP_010509988.1
OG0001361	As008G195770	XP_010484275.1, XP_010484253.1, XP_010457541.1, XP_010475146.1
OG0001362	As011G253020	XP_010466283.1, XP_010488063.1, XP_010509323.1
OG0001362	As006G130570	XP_010417849.1, XP_010473094.1, XP_010510821.1
OG0001363	As006G132630, As006G132640	XP_010448181.1, XP_010438664.1, XP_010433413.1, XP_010417048.1, XP_010429223.1, XP_010472287.1, XP_010430256.1
OG0001364	As009G200770	XP_010420155.1, XP_010492329.1
OG0001364	As006G134740	XP_010507326.1, XP_010463544.1, XP_010485512.1
OG0001365	As006G134810	XP_010516613.1, XP_010485524.1, XP_010463554.1
OG0001365	As009G201450	XP_010420169.1, XP_010492339.1, XP_010453644.1
OG0001366	As009G201800	XP_010492454.1, XP_010420276.1
OG0001366	As006G135460	XP_010463656.2, XP_019096902.1, XP_019099426.1
OG0001367	As009G207270	XP_010482240.1, XP_010440825.1, XP_010442426.1
OG0001368	As006G147840	XP_019083809.1, XP_019097944.1
OG0001369	As006G148700	XP_019085631.1, XP_010431398.1, XP_019100850.1
OG0001370	As007G157050	XP_010477359.1, XP_010477360.1, XP_010459794.1
OG0001370	As010G236860	XP_010428723.1, XP_010416579.1, XP_010471813.1
OG0001371	As007G160120, As007G160130	XP_019095480.1, XP_010477755.1
OG0001372	As009G202990	XP_010506498.1, XP_010485646.1, XP_010420412.1, XP_010453882.1, XP_010492635.1
OG0001373	As012G273140	XP_010461705.1, XP_010479306.1, XP_010500418.1
OG0001373	As011G250390, As010G231610	XP_010487745.1, XP_010506750.1, XP_010465919.1
OG0001374	As010G238300	XP_010471632.1, XP_010428536.1, XP_010416394.1, XP_010477169.1, XP_010498374.1, XP_010459622.1
OG0001375	As010G243020	XP_010472824.1, XP_010417628.1, XP_010429855.1
OG0001376	As011G246000	XP_010501492.1, XP_010465275.1, XP_010487181.1
OG0001376	As012G269100	XP_010462327.1, XP_010501091.1, XP_010501090.1, XP_010480013.1
OG0001377	As011G248870	XP_010504523.1, XP_019096695.1
OG0001378	As012G273750	XP_010461666.1, XP_010479267.1, XP_010500370.1
OG0001378	As011G249840	XP_010487673.1, XP_010465836.1, XP_010505894.1
OG0001379	As011G252120	XP_010466175.1, XP_010508345.1, XP_010487963.1
OG0001379	As012G272210	XP_010500602.1, XP_010479492.1, XP_010461891.1
OG0001380	As011G252170	XP_010487970.1, XP_010466181.1, XP_010508407.1
OG0001381	As012G274100	XP_010494163.1, XP_010473038.1, XP_010473026.1, XP_019086320.1, XP_019094901.1
OG0001391	As004G095000, As004G094980, As004G095020, As001G001800, As004G095040, As004G094950, As004G094970, As004G094990	XP_010465794.1
OG0001392	As001G014820	XP_010447011.1, XP_010437540.1, XP_010432357.1
OG0001392	As011G263580	XP_010489252.1, XP_010516339.1
OG0001393	As011G264210	XP_010489333.1, XP_010515531.1, XP_010467467.1
OG0001393	As001G015550	XP_010432303.1, XP_010437496.1, XP_010446946.1
OG0001396	As001G019470, As001G019500	XP_010445989.1, XP_010471460.1, XP_010439636.1, XP_010445957.1
OG0001397	As008G187330	XP_010475889.1, XP_010490897.1, XP_010458366.1
OG0001397	As001G020160	XP_010511034.1, XP_010414698.1
OG0001398	As001G022600	XP_010513871.1, XP_010424919.1, XP_010502128.1, XP_010476572.1, XP_010459015.1, XP_010496695.1
OG0001399	As001G023670	XP_010502285.1, XP_010425050.1, XP_019102142.1, XP_010476488.1, XP_010495984.1, XP_010458932.1
OG0001400	As001G024770	XP_010425223.1, XP_010502448.1, XP_010514193.1
OG0001400	As008G183950	XP_010476321.1, XP_010495155.1, XP_010458777.1
OG0001401	As001G027400	XP_010435836.1, XP_010450759.1, XP_010441098.1
OG0001401	As009G201390, As009G201400	XP_010453649.1, XP_010492346.1
OG0001402	As004G078470	XP_010441082.1, XP_010435866.1, XP_010450785.1
OG0001402	As001G027550	XP_010502905.1, XP_010514617.1, XP_010425692.1
OG0001403	As001G031800	XP_010418293.1, XP_010473516.1, XP_010430366.1
OG0001403	As008G184840	XP_019090852.1, XP_010476211.1, XP_019098962.1
OG0001404	As001G032050	XP_019098712.1, XP_010418243.1, XP_010473467.1, XP_010430305.1
OG0001404	As008G185230	XP_010493725.1, XP_010458632.1, XP_010476165.1, XP_019098956.1, XP_010476166.1, XP_010458633.1
OG0001405	As002G036110	XP_010423525.1, XP_010452389.1, XP_010491015.1
OG0001406	As003G074300	XP_010446608.1, XP_010437163.1, XP_010432013.1
OG0001406	As002G039650	XP_010421535.1
OG0001407	As002G044620	XP_010445330.1, XP_010482665.1, XP_010442834.1
OG0001407	As007G166220	XP_010433278.1, XP_019088521.1
OG0001409	As002G054220	XP_010484121.1, XP_019093959.1, XP_010444283.1, XP_010491502.1, XP_010452870.1, XP_010423047.1
OG0001410	As004G089220	XP_010494856.1, XP_010481419.1, XP_010441551.1
OG0001410	As003G056270	XP_010449545.1, XP_010439931.1
OG0001411	As003G056550	XP_019088219.1, XP_010412989.1
OG0001411	As003G056560, As003G056570	XP_019082301.1, XP_010439890.1
OG0001412	As003G057920	XP_010439673.1, XP_010449322.1, XP_010434378.1
OG0001412	As004G087620	XP_010481643.1, XP_010494585.1, XP_010441778.1, XP_019089008.1
OG0001413	As003G059970	XP_010434104.1, XP_019087802.1, XP_010448968.1
OG0001414	As003G062700, As003G062680, As003G062690	XP_019099357.1, XP_010461165.1, XP_019094733.1, XP_010478761.1, XP_019091268.1, XP_019099354.1, XP_019094201.1
OG0001415	As004G081370	XP_010469414.1, XP_010413796.1, XP_010497641.1, XP_010509819.1
OG0001415	As003G069080	XP_010499369.1, XP_010460635.1, XP_010478215.1
OG0001416	As003G070070	XP_010460732.1, XP_019099267.1, XP_010478322.1
OG0001417	As003G073020	XP_010446738.1, XP_010432132.1, XP_010437300.1
OG0001417	As007G179140	XP_010417123.1, XP_010429332.1, XP_010472374.1
OG0001418	As003G075660	XP_010437032.1, XP_010431884.1, XP_010446450.1
OG0001418	As007G180870	XP_010472150.1, XP_010416909.1, XP_010429075.1
OG0001419	As007G162430, As007G154420, As004G077990	XP_010435791.1, XP_010441011.1, XP_010496569.1, XP_010450095.1, XP_010504529.1, XP_019084918.1, XP_019084897.1, XP_010450599.1
OG0001420	As004G085760	XP_019089386.1, XP_010455773.1, XP_010434101.1, XP_010439398.1, XP_010448965.1
OG0001421	As004G095760	XP_010435099.1, XP_010440420.1, XP_010450019.1, XP_010421985.1, XP_010466587.1, XP_010511906.1, XP_010488327.1
OG0001422	As006G138250	XP_019099954.1, XP_010464004.1, XP_010485901.1
OG0001422	As009G206810, As005G098800	XP_010455152.1, XP_010421653.1, XP_010494039.1
OG0001423	As005G102370	XP_019101177.1, XP_010506412.1, XP_010518081.1
OG0001423	As012G286180	XP_010512335.1, XP_010469207.1, XP_010413581.1
OG0001424	As005G108730	XP_010495061.1, XP_010424789.1, XP_010456386.1
OG0001425	As010G227210	XP_010503020.1, XP_010514707.1, XP_010425800.1
OG0001425	As005G112160	XP_010493179.1, XP_010454374.2, XP_010420914.1, XP_010454375.1
OG0001426	As005G116420	XP_019101115.1, XP_019093780.1, XP_019093320.1, XP_019083254.1, XP_019093321.1, XP_019100960.1
OG0001426	As010G231740, As010G231750, As010G231760	XP_019082641.1, XP_019088223.1, XP_019093706.1, XP_019101105.1
OG0001427	As006G122030	XP_010427843.1, XP_010422763.1, XP_010456208.1
OG0001427	As008G198950	XP_010457133.1, XP_010480328.1, XP_010474735.1
OG0001428	As008G197620	XP_010481284.1, XP_010474870.1
OG0001428	As006G123250	XP_010457281.1, XP_010429707.1, XP_010456028.1, XP_010422586.1
OG0001429	As006G123290	XP_010429788.1, XP_010422579.1, XP_010456021.1
OG0001429	As012G288690	XP_010468926.1, XP_019082833.1, XP_010512668.1
OG0001430	As006G125000	XP_010475082.1, XP_010457473.1, XP_010483396.1
OG0001431	As008G195730	XP_010484287.1, XP_010475149.1, XP_010462562.1
OG0001432	As006G127090	XP_019083009.1, XP_010510182.1, XP_010469692.1, XP_019082538.1
OG0001433	As008G193560	XP_010486299.1, XP_010475389.1, XP_010457783.1
OG0001433	As006G127740	XP_010414200.1, XP_010469783.1, XP_010510269.1
OG0001434	As006G128970	XP_010469976.1, XP_010510518.1
OG0001434	As009G212670	XP_010452516.1, XP_010423394.1, XP_010423393.2, XP_010491151.1, XP_010452515.1
OG0001435	As006G129550	XP_010510591.1, XP_010470054.1
OG0001436	As009G203670	XP_010492732.1
OG0001436	As009G203660, As006G136680	XP_010485708.1, XP_010463816.1
OG0001437	As009G203910	XP_010420526.2, XP_010492770.1
OG0001437	As006G136920	XP_010463840.1, XP_010485733.1, XP_010514202.1
OG0001438	As009G206980	XP_010455167.1, XP_010421680.1, XP_010494083.1
OG0001438	As006G138070	XP_010485871.1, XP_010463974.1, XP_010419519.1
OG0001439	As010G239570	XP_010416224.1, XP_010428349.1, XP_010471478.1
OG0001439	As007G154870	XP_010459465.1, XP_010498236.1, XP_010477026.1
OG0001440	As007G157740	XP_010498627.1, XP_010477418.1, XP_010459893.1
OG0001441	As010G235030	XP_010471233.1, XP_010414836.1, XP_010415949.1, XP_010428078.1
OG0001441	As007G158560	XP_010477513.1, XP_010498725.1, XP_010460011.1
OG0001442	As007G159300	XP_010427873.1, XP_010471082.1, XP_010415768.1, XP_010415769.1, XP_010427874.1, XP_010471084.1, XP_010415770.1, XP_010460095.1, XP_010477602.1, XP_010498819.1
OG0001443	As007G160370	XP_010460245.1, XP_010498984.1, XP_010477794.1
OG0001443	As010G232820	XP_010415635.1, XP_010470976.1, XP_010512032.1
OG0001444	As007G165570, As007G165610, As007G165550, As007G165560, As007G165580	XP_010438877.1, XP_010433632.1, XP_010433631.1, XP_010448428.1, XP_010448427.1, XP_010438876.1, XP_010433630.1
OG0001445	As009G214910, As009G214890, As009G214900	XP_019096804.1, XP_019087910.1, XP_019085927.1
OG0001446	As009G217780	XP_010423150.1, XP_010452771.1, XP_010491422.1, XP_010456983.1, XP_010483776.1, XP_010443929.2
OG0001448	As012G268930	XP_010462351.1, XP_010480027.1, XP_010501117.1
OG0001448	As011G245790	XP_019101700.1, XP_010465251.1, XP_010487157.1
OG0001449	As011G246410	XP_010501837.1, XP_010487229.1, XP_010465322.1
OG0001449	As012G269390	XP_010462290.1, XP_010501046.1, XP_010479962.1
OG0001450	As011G246430, As012G269400	XP_010479961.1, XP_010501045.1, XP_010462289.1
OG0001451	As012G270080	XP_010462159.1, XP_010479836.1, XP_010500932.1
OG0001451	As011G247470	XP_010502827.1, XP_010465496.1, XP_019096657.1
OG0001452	As012G270190	XP_019090834.1, XP_010500912.1, XP_010479815.1
OG0001452	As011G247680	XP_010465520.1, XP_010487377.1, XP_010503061.1
OG0001453	As012G270500	XP_010462117.1, XP_010500881.1, XP_010479784.1
OG0001453	As011G247830	XP_010465540.2, XP_010487396.1
OG0001454	As011G248090	XP_010465583.1, XP_010487433.1, XP_010503552.1
OG0001454	As012G270620	XP_010500854.1, XP_010462090.1, XP_010479762.1
OG0001455	As011G248920	XP_010465690.1, XP_010487533.1, XP_010504546.1
OG0001455	As012G274630	XP_010434908.1, XP_010440232.1, XP_010449877.1
OG0001456	As011G252110	XP_010508334.1, XP_010487959.1, XP_010466172.1
OG0001456	As012G272220	XP_010500600.1, XP_010461885.1, XP_010479491.1
OG0001457	As011G252570	XP_010488002.1, XP_019092429.1
OG0001457	As012G272010	XP_010479529.2, XP_010479528.1, XP_010461919.1, XP_010500641.1
OG0001464	As001G001740	XP_010438252.1, XP_010433057.1, XP_010447803.1
OG0001465	As011G265880	XP_010415086.1, XP_010467868.1, XP_010489462.1
OG0001465	As001G001900	XP_010438228.1, XP_010433037.1, XP_010447778.1
OG0001466	As001G003810	XP_010432848.1, XP_010438023.1, XP_010447510.1
OG0001466	As007G177820	XP_010429439.1, XP_010417213.1, XP_010472466.1
OG0001467	As004G084230	XP_010435535.1, XP_010455509.1, XP_010422048.1
OG0001469	As001G016070	XP_010478909.1, XP_010460985.1, XP_010499711.1
OG0001470	As004G083140	XP_010505090.1, XP_010516772.1, XP_010509574.1
OG0001471	As001G021200	XP_010430082.1, XP_010418041.1, XP_010473290.1
OG0001471	As008G186620	XP_010492159.1, XP_019091978.1, XP_010475982.1
OG0001472	As008G182540	XP_010459002.1, XP_010496591.1, XP_010476561.1
OG0001472	As001G022810	XP_010502149.1, XP_010424941.1, XP_010513896.1
OG0001473	As001G023680	XP_010502291.1, XP_019102146.1, XP_010425051.1, XP_010476492.1, XP_019098986.1, XP_019095267.1, XP_019098988.1, XP_010458935.1
OG0001475	As008G185330	XP_010493627.1, XP_019094311.1
OG0001475	As001G032140	XP_010430292.1, XP_010418231.1, XP_010473457.1
OG0001476	As002G032390	XP_010473408.1, XP_010464594.1, XP_010486519.1, XP_010490711.1, XP_010423852.1, XP_010452095.1, XP_010486981.1, XP_010465033.1, XP_010499196.1
OG0001477	As002G032720, As002G032730, As002G032710	XP_010456431.1, XP_010423241.1, XP_010491324.1
OG0001478	As002G034580, As002G034650, As002G034510	XP_010486540.1, XP_010475713.1, XP_010464623.1
OG0001478	As005G107960	XP_010452163.1, XP_010423783.1, XP_010490768.1
OG0001479	As004G079850, As009G213750, As002G036770, As005G102490	XP_010452436.1, XP_010464788.1
OG0001480	As002G042560	XP_010438942.1, XP_010448490.1, XP_010433698.1
OG0001481	As002G050450	XP_010513748.1, XP_010468469.1, XP_010513659.1, XP_010492056.1, XP_010488591.1, XP_010510250.1, XP_010490121.1
OG0001482	As002G052160	XP_010491801.1, XP_010419661.1, XP_010453146.1
OG0001482	As009G215450	XP_010454842.1
OG0001483	As009G215740	XP_010493736.1, XP_010454817.1, XP_010421336.1
OG0001483	As002G052570	XP_010422821.1, XP_010491744.1, XP_010453101.1
OG0001484	As002G052590	XP_010491739.1, XP_010453098.1, XP_010422823.1
OG0001485	As002G054040	XP_010423021.1, XP_010491540.1, XP_010452897.1
OG0001486	As002G054240	XP_010491500.1, XP_010423053.1
OG0001487	As002G054670	XP_010454593.1, XP_010421112.1, XP_010493427.1
OG0001488	As003G055970	XP_010434638.1, XP_010449589.1, XP_010439978.1
OG0001488	As004G089810	XP_010441500.1, XP_010494932.1, XP_010481366.1
OG0001489	As004G085500	XP_010433071.1, XP_010496158.1, XP_010422246.1
OG0001489	As003G060290	XP_010448921.1, XP_010434068.1
OG0001490	As003G069830	XP_010478281.1, XP_010460695.1, XP_010499438.1
OG0001490	As004G081110	XP_010469393.1, XP_010413770.1, XP_010509790.1
OG0001491	As003G070370	XP_019095986.1, XP_010480919.1, XP_010480918.1, XP_019091102.1, XP_010480901.1, XP_010418992.1, XP_010474126.1, XP_010463147.1, XP_010501794.1, XP_010513573.1, XP_010513574.1, XP_010460774.1, XP_010478370.1, XP_010499514.1
OG0001492	As007G180810	XP_010472158.1, XP_010429083.1, XP_010416918.1
OG0001493	As008G195740, As004G082080	XP_010481911.1, XP_010494270.1, XP_010442084.1
OG0001494	As004G085100	XP_010455670.1, XP_010422199.1, XP_019089626.1, XP_010455668.1, XP_010434250.1
OG0001495	As004G090990	XP_019087542.1, XP_019098595.1, XP_010481315.1, XP_010495820.1, XP_010497126.2, XP_010441448.1, XP_010481317.1, XP_010494985.1
OG0001496	As004G094470, As011G256240	XP_010466800.1, XP_010513281.1, XP_010488507.1, XP_010440560.1, XP_010450187.1, XP_010435243.1
OG0001497	As004G096260	XP_010435039.1, XP_010449957.1, XP_010435036.1, XP_010440322.1
OG0001498	As004G098070	XP_010483158.1, XP_010475060.1, XP_010457451.1, XP_010414604.1, XP_019096829.1
OG0001499	As012G288560, As005G099220	XP_010507866.1, XP_010506804.1, XP_019101756.1, XP_010413230.1
OG0001500	As005G099790	XP_010518409.1, XP_010506744.1, XP_010507922.1
OG0001500	As012G288210	XP_010468972.1
OG0001501	As005G100230	XP_010518360.1, XP_019100665.1, XP_010507970.1
OG0001502	As005G102480	XP_010508265.1, XP_010506396.1, XP_010518072.1
OG0001502	As012G286170	XP_010512333.1, XP_010413582.1
OG0001503	As012G285910	XP_010413620.1, XP_010512285.1, XP_010469257.1
OG0001503	As005G103110	XP_010517995.1, XP_010506315.1, XP_010508340.1
OG0001504	As005G103840	XP_019100602.1, XP_019101204.1, XP_019082368.1
OG0001505	As012G285480	XP_010469361.1, XP_010512205.1
OG0001505	As005G103960	XP_010508448.1, XP_010517888.1, XP_010506196.1
OG0001506	As006G142150	XP_010466312.1, XP_010464506.1, XP_010486436.1
OG0001506	As005G106410	XP_019090515.1, XP_019097746.1, XP_010423972.1
OG0001507	As010G224170	XP_019102267.1, XP_010503301.1, XP_010426138.1
OG0001507	As005G115720	XP_010483542.1, XP_010443673.1, XP_010454777.1
OG0001508	As010G222610	XP_010426348.1, XP_010515172.1, XP_010503490.1
OG0001508	As005G116340	XP_010460278.1, XP_010444242.1, XP_010484081.1
OG0001509	As010G221530	XP_010503636.1, XP_010426495.1, XP_010515331.1
OG0001509	As005G118870	XP_010444600.1, XP_010484426.1, XP_010463595.1
OG0001510	As006G127110	XP_010510186.1, XP_010469720.1, XP_010414113.1
OG0001510	As008G194330	XP_010485468.1, XP_010475308.1, XP_010457696.1
OG0001511	As008G191800	XP_019095167.1, XP_010457991.1, XP_010488050.1
OG0001511	As006G129670	XP_010510607.1, XP_010470065.1, XP_010414502.1
OG0001512	As006G130250	XP_010473183.2, XP_010510718.1, XP_010417938.1
OG0001513	As006G134800	XP_010463552.1, XP_010514495.1, XP_010485522.1
OG0001514	As006G137350	XP_010485779.1, XP_010463882.1, XP_010518233.1, XP_010420574.1, XP_010454056.1, XP_010492830.1
OG0001515	As006G139150, As006G139160	XP_010486053.1, XP_019092153.1, XP_019096326.1, XP_019092152.1, XP_010417855.1, XP_019099625.1
OG0001516	As006G140260	XP_010442460.1, XP_010464239.1, XP_010486178.1
OG0001517	As012G282480	XP_010516193.1, XP_010504473.1, XP_010427402.1
OG0001517	As006G142810	XP_010505737.1, XP_010508901.1, XP_010517427.1
OG0001518	As006G142890	XP_010508916.1, XP_019100541.1, XP_010517405.1, XP_010516177.1, XP_010504460.1, XP_010427389.1
OG0001519	As010G239600	XP_010428344.1, XP_010416219.1, XP_010471474.1
OG0001519	As007G154860	XP_019091734.1, XP_010477024.1, XP_010498234.1
OG0001520	As010G223010	XP_019100234.1, XP_019102289.1, XP_019084807.1, XP_019084808.1
OG0001520	As007G155440	XP_019091339.1, XP_019097107.1, XP_019094857.1
OG0001521	As007G157310	XP_010477399.1, XP_010459845.1, XP_010507744.1, XP_010498591.1
OG0001522	As007G159210	XP_010498809.1, XP_019091033.1, XP_010477589.1
OG0001522	As010G233860	XP_010415790.1, XP_019094044.1, XP_010427902.1
OG0001523	As007G159770, As007G159760	XP_010427802.1, XP_010415708.1, XP_010471027.1
OG0001524	As007G162280	XP_010499222.1, XP_010478083.1
OG0001524	As009G218400	XP_010457848.1, XP_010483870.1, XP_010444018.1
OG0001526	As007G177880, As012G287270	XP_010474804.1, XP_010457077.1, XP_019098079.1, XP_010429382.1
OG0001527	As009G200200	XP_010492219.1, XP_010453537.1, XP_010420047.1
OG0001527	As010G243610	XP_010472534.1, XP_010429527.1, XP_010417301.1
OG0001528	As009G200660	XP_010453620.1
OG0001530	As009G208130, As009G208140	XP_019088111.1, XP_019086740.1, XP_010449643.1, XP_019100890.1, XP_019089161.1, XP_019095551.1
OG0001531	As009G212540	XP_010452535.1, XP_010491169.1, XP_010423379.1
OG0001531	As009G212530	XP_010497100.1, XP_010486824.1, XP_010464871.1
OG0001533	As010G220990, As010G221000	XP_019090154.1
OG0001534	As010G242340, As010G242330	XP_010417510.1, XP_010429765.1, XP_010472733.1
OG0001535	As012G268330	XP_010501174.1, XP_010462411.1, XP_010480096.1
OG0001535	As011G245290	XP_010487093.1, XP_010465173.1, XP_010500435.1
OG0001536	As012G268830	XP_010440811.1, XP_010501127.1, XP_010480038.1
OG0001537	As012G270460	XP_010479795.1, XP_010462129.1, XP_010500891.1
OG0001537	As011G247790	XP_010465530.1, XP_010503198.1, XP_010487385.1
OG0001538	As011G248690	XP_010504356.1, XP_010487509.1, XP_010465671.1
OG0001538	As012G271020	XP_010479701.1, XP_010500794.1, XP_010462039.1
OG0001539	As011G257640	XP_019092675.1, XP_019096710.1
OG0001540	As012G275340	XP_010509743.1, XP_010504911.1, XP_010516597.1, XP_010470040.1, XP_010513271.1, XP_010412869.1, XP_010504909.1, XP_010516596.1, XP_010509744.1, XP_010412870.1
OG0001541	As012G288500	XP_010413258.1, XP_010413255.1, XP_010413256.1, XP_010512663.1, XP_010468930.1
OG0001549	As008G189360, As001G000350	XP_010415513.1, XP_010467797.1, XP_010489018.1, XP_010433215.1
OG0001550	As001G002750	XP_010419184.1, XP_010438145.1
OG0001551	As001G003600	XP_010438054.1, XP_010447581.1, XP_010432874.1
OG0001551	As007G178090	XP_010429421.1, XP_010472451.1, XP_010417201.1
OG0001552	As001G004530	XP_010447442.1, XP_010445015.1, XP_010432775.1, XP_010429524.1, XP_019083497.1, XP_010472528.1
OG0001553	As001G020960	XP_010510936.1, XP_010417992.1, XP_010473235.1
OG0001553	As008G186960	XP_010458422.1, XP_010491600.1, XP_010475939.1
OG0001554	As008G185750	XP_010493132.1, XP_010458574.1, XP_010476100.1
OG0001554	As001G022010	XP_010473410.1, XP_010418166.1, XP_010430215.1
OG0001555	As008G183910	XP_010458769.1, XP_010476314.1, XP_010495090.1
OG0001555	As001G024630	XP_010502437.1, XP_010425207.1, XP_010514179.1
OG0001556	As006G145370	XP_010509432.1, XP_010505228.1, XP_010516909.1
OG0001556	As001G025430	XP_010514297.1, XP_010502579.1, XP_010425366.1
OG0001557	As002G034230	XP_010464577.1, XP_010486501.1, XP_010502109.1, XP_010424877.1, XP_010424871.1, XP_010502108.1, XP_010513850.1
OG0001558	As002G035840	XP_010423582.1, XP_010490948.1, XP_010452336.1, XP_010464726.1, XP_010486664.1, XP_010485001.1, XP_010485171.1
OG0001559	As002G040240	XP_010441020.1, XP_010442441.1, XP_010482263.1
OG0001560	As002G040690	XP_010482292.1, XP_010445994.1, XP_010441309.1
OG0001560	As007G162800	XP_010448576.1, XP_010433782.1, XP_010439053.1
OG0001561	As002G044310	XP_010448396.1, XP_019086689.1, XP_010438846.1
OG0001562	As002G047830	XP_010483074.1, XP_010450614.1
OG0001562	As006G134190, As004G089470, As006G134210	XP_010452397.1, XP_010491026.1, XP_010423513.1
OG0001563	As002G050910	XP_010454214.1, XP_019083887.1, XP_010493003.1, XP_010491996.1, XP_010453304.1, XP_019084180.1
OG0001564	As002G051580	XP_010509340.1, XP_010517012.1, XP_010505326.1, XP_019094854.1, XP_019091445.1, XP_010498468.1
OG0001565	As002G054950	XP_010423160.1, XP_010491406.1, XP_010452752.1
OG0001565	As009G217850	XP_010483785.1, XP_010457045.1, XP_010443936.2
OG0001566	As004G087940	XP_010484805.2, XP_010494646.1
OG0001566	As003G057540	XP_010434453.1, XP_010439763.1, XP_010449398.1
OG0001567	As003G063270	XP_010499959.1, XP_010461248.1, XP_010478849.1, XP_010499958.1, XP_010480881.1, XP_010461247.1
OG0001568	As003G069320	XP_010478243.2, XP_010478242.1, XP_010499397.1, XP_010460659.1
OG0001569	As004G081080	XP_010509773.1, XP_010469377.1, XP_010413759.1
OG0001569	As003G070040	XP_010460728.1, XP_010478312.1
OG0001570	As012G285530	XP_010482880.1, XP_010469310.1, XP_010413686.1, XP_010512211.1
OG0001570	As004G078650, As003G071580	XP_010460906.1, XP_010478531.1, XP_010499643.1
OG0001571	As011G264410	XP_010467512.1, XP_010515076.2, XP_010489368.1
OG0001571	As003G071720	XP_010446922.1, XP_010432279.1, XP_010437469.1
OG0001572	As003G074600	XP_010431992.1, XP_010437140.1, XP_010446568.1
OG0001572	As007G180280	XP_010472232.1, XP_010429165.1, XP_010417002.1
OG0001573	As003G074940	XP_010431963.1, XP_010446535.1, XP_010437099.1
OG0001573	As007G180450	XP_010429136.1, XP_019093502.1, XP_010416975.1
OG0001574	As003G075700	XP_010446434.1, XP_010437018.1, XP_010431873.1
OG0001574	As007G180920	XP_010472146.1, XP_010416901.1, XP_010429066.1
OG0001575	As003G075900	XP_010431846.1, XP_010446416.1, XP_010436993.1
OG0001576	As004G078100	XP_010435807.1, XP_010450844.1, XP_010441028.1, XP_010450843.1, XP_019086810.1
OG0001577	As004G078360	XP_010435888.1, XP_010441065.1, XP_010450807.1
OG0001578	As004G090820	XP_010494993.1, XP_010441439.1, XP_010481310.1
OG0001581	As012G288550	XP_010413226.1, XP_010468913.1, XP_010512681.1
OG0001581	As005G099240	XP_010506800.1, XP_010518470.1, XP_010507868.1
OG0001582	As012G285890	XP_010469259.1, XP_010512282.1, XP_010413622.1
OG0001582	As005G103130	XP_010517992.1, XP_010506314.1, XP_019101190.1
OG0001583	As005G105260	XP_010506043.1, XP_010508593.1, XP_010517746.1
OG0001583	As012G284240	XP_010504720.1, XP_019102423.1, XP_010427669.1
OG0001584	As012G284070, As005G105400	XP_010517683.1, XP_010505985.1
OG0001585	As012G283760	XP_010504649.1, XP_010516334.1, XP_010427590.1
OG0001585	As005G106110	XP_010505933.1, XP_010517642.1, XP_010508713.1
OG0001586	As005G109770, As005G109730, As005G109810	XP_010417190.1, XP_010472444.1, XP_019085644.1, XP_010454234.1, XP_010493023.1
OG0001587	As005G113630, As005G113750, As005G113720	XP_010424236.1, XP_010454563.1, XP_010493394.1, XP_010421083.1, XP_010493391.1, XP_010497694.1
OG0001588	As010G223930	XP_010503298.1, XP_010426126.1, XP_010515006.1
OG0001589	As005G116400	XP_010444249.1, XP_010460502.1, XP_010484091.1
OG0001589	As010G222490	XP_010515185.1, XP_010503507.1, XP_010426362.1
OG0001590	As012G281820	XP_010516108.1, XP_010427311.1, XP_010504395.1
OG0001590	As006G143440, As005G118810	XP_010484418.1, XP_010444593.1, XP_010463520.1
OG0001591	As006G123270	XP_010457286.1, XP_019098372.1, XP_010474879.1, XP_010429750.1, XP_010422582.1, XP_010456024.1
OG0001592	As008G197260	XP_010474942.1, XP_010474941.1, XP_010457329.1
OG0001592	As006G123590, As006G123580	XP_019089026.1, XP_010422524.1, XP_010455935.1
OG0001593	As006G125280	XP_010509891.1, XP_010473856.1, XP_010413867.1
OG0001593	As008G196140	XP_010475106.1, XP_010457494.1
OG0001594	As006G126140	XP_010414005.1, XP_010510027.1, XP_010469599.1
OG0001595	As006G136270, As006G136260, As006G136250	XP_010463772.1, XP_010507797.1, XP_010485660.1, XP_010507732.1
OG0001596	As009G204010	XP_010454040.1, XP_010492812.1, XP_010420556.1
OG0001596	As006G137150	XP_010485746.1, XP_010463852.1, XP_010515325.1
OG0001597	As009G205500, As006G139340	XP_010493919.1, XP_010455015.1, XP_010421519.1, XP_010464149.1, XP_019100183.1, XP_010489689.2
OG0001598	As006G139870	XP_010486127.1, XP_010437904.1, XP_010464199.1
OG0001598	As009G204700	XP_010454140.1, XP_010420665.1, XP_010492924.1
OG0001599	As006G141340, As006G141350	XP_010493641.1, XP_010482075.1, XP_010442247.1, XP_010455734.1, XP_010486324.1, XP_010464391.1
OG0001600	As006G145110	XP_010516879.1, XP_010505199.1, XP_010509461.1, XP_010426928.1, XP_010515776.1, XP_010504049.1
OG0001601	As007G154270	XP_019090817.1, XP_010476943.1, XP_010498155.1
OG0001601	As010G240560	XP_010428220.1, XP_010416102.1, XP_010471369.1
OG0001602	As007G157510	XP_010459862.1, XP_010498606.1, XP_010496337.1, XP_010428792.1, XP_010416654.1, XP_010471911.1
OG0001603	As010G233600	XP_010427850.1, XP_010471066.1, XP_010415751.1
OG0001603	As007G159420	XP_010460115.1, XP_010477617.1, XP_010498835.1
OG0001604	As007G159450	XP_010498838.1, XP_010477627.1, XP_010460118.1
OG0001605	As007G159480	XP_010498842.1, XP_010460121.1, XP_010477629.1
OG0001605	As010G233470	XP_010427834.1
OG0001606	As007G179370	XP_010472356.1, XP_010429312.1, XP_010417105.1
OG0001606	As007G179310, As007G179300, As007G179340, As007G179380	XP_010472355.1, XP_010417104.1, XP_010429311.1
OG0001607	As008G184640	XP_010458688.1, XP_010494384.1, XP_010476231.1, XP_010476230.2, XP_010473531.1, XP_010430380.1, XP_010418309.1
OG0001608	As008G186120, As008G186140	XP_019098942.1, XP_010476053.1, XP_010458532.1
OG0001609	As009G204900	XP_010492947.1, XP_010454171.1, XP_010420693.1
OG0001609	As008G197240	XP_010474945.1, XP_010457332.1, XP_010501299.2
OG0001610	As009G214300	XP_010423537.1, XP_010490999.1, XP_010452379.1
OG0001611	As010G238260	XP_010416398.1, XP_010428539.1, XP_010471636.1
OG0001612	As011G245190	XP_010500324.1, XP_010465161.1
OG0001612	As012G268200	XP_019094607.1, XP_019091356.1
OG0001613	As012G270010	XP_010479843.1
OG0001613	As011G247430	XP_010502768.1, XP_010487354.1, XP_010465488.1
OG0001614	As012G271870	XP_010500714.1, XP_010479622.1, XP_010461968.1
OG0001614	As011G253200	XP_010509620.1, XP_010466320.1
OG0001615	As011G261220	XP_010469686.1, XP_010414100.1, XP_010510173.1
OG0001616	As011G264510	XP_019098376.1, XP_019096590.1, XP_010467528.1, XP_010432274.1, XP_010446917.1, XP_010437460.1
OG0001617	As011G266230	XP_010416991.1, XP_010489166.1, XP_010467900.1, XP_010447816.1, XP_010433073.1, XP_010438274.1
OG0001618	As012G267820	XP_010480124.1, XP_010480123.1, XP_010480175.1, XP_010462480.1, XP_010501245.1
OG0001619	As012G276530	XP_010504047.1, XP_010426927.1, XP_010515774.1, XP_010509462.1, XP_010516875.1, XP_010505198.1
OG0001642	As011G262450	XP_010467271.1, XP_010517857.1, XP_010488928.1
OG0001642	As001G012500	XP_010432501.1, XP_010447181.1, XP_019087131.1, XP_010437706.1
OG0001643	As011G263530	XP_010516479.1, XP_010489237.1, XP_010467394.1
OG0001643	As001G014740	XP_010437548.1, XP_010447017.1
OG0001644	As001G021040	XP_010473257.1, XP_010510910.1, XP_010418020.1
OG0001644	As008G186840	XP_010491832.1, XP_010458434.1, XP_010475954.1
OG0001645	As001G024450	XP_010425188.1, XP_010502413.1
OG0001646	As001G025330	XP_010502556.1, XP_010514281.1, XP_010425339.1
OG0001646	As008G184320	XP_010494877.1, XP_019095355.1, XP_010458743.2, XP_019090932.1
OG0001647	As005G112760	XP_010436030.1, XP_010450591.1, XP_010441254.1
OG0001647	As001G026040	XP_010425454.1, XP_010502677.1, XP_010514406.1
OG0001648	As004G097600	XP_010436012.1, XP_010441235.1, XP_010450622.1
OG0001648	As001G026180	XP_010425473.1
OG0001649	As004G078610	XP_010441099.1, XP_010450758.1, XP_010435835.1
OG0001649	As001G027380	XP_010502885.1, XP_010425666.1, XP_010514602.1
OG0001650	As001G028040	XP_010425768.1, XP_010502995.1
OG0001650	As004G078090	XP_010450845.1, XP_010435805.1, XP_010441026.1
OG0001651	As002G032930	XP_010451175.1, XP_010438777.1, XP_010433524.1
OG0001651	As002G048310	XP_010483140.1, XP_010483141.1, XP_010443317.1
OG0001652	As002G034080	XP_010486485.1, XP_010470399.1, XP_010464562.1
OG0001652	As005G107010	XP_010452031.1, XP_010490610.1, XP_010423909.1
OG0001653	As002G034830	XP_010477207.1, XP_010486553.1
OG0001653	As004G080660	XP_019089813.1, XP_010455276.1, XP_010421770.1
OG0001654	As005G108360	XP_010452229.1, XP_010423705.1, XP_010497141.1, XP_010490830.1
OG0001654	As002G034960	XP_010478286.1, XP_010464647.1, XP_010486565.1
OG0001655	As009G213200	XP_010423464.1, XP_010452455.1, XP_010491083.1
OG0001655	As002G036620	XP_010464803.1, XP_010486750.1, XP_010488822.1
OG0001656	As002G039040	XP_010498983.1, XP_010486941.1
OG0001657	As006G132670	XP_010448184.1, XP_010438672.1, XP_010433418.1
OG0001657	As002G046680	XP_010448802.1, XP_010482899.1, XP_010443072.1
OG0001658	As002G047020	XP_010443128.1, XP_010482941.1, XP_010449211.1, XP_010438690.1, XP_010433433.1, XP_019089614.1
OG0001659	As002G055320	XP_010423208.1, XP_010452708.1, XP_010491359.1, XP_010491360.1, XP_010423211.1, XP_010452709.1
OG0001660	As003G058550	XP_010439586.1, XP_010449182.1, XP_010434291.1
OG0001660	As004G086970	XP_010494495.1, XP_010481677.1, XP_010441858.1
OG0001661	As004G084980	XP_010455642.1, XP_010433776.1, XP_010422177.1
OG0001661	As003G060770	XP_010433994.1, XP_010448837.1, XP_010439283.1
OG0001662	As003G060900	XP_010448812.1, XP_010433975.1, XP_010439270.1
OG0001662	As004G084850	XP_010433977.1, XP_010455613.1, XP_010422149.1
OG0001663	As003G062880, As004G083340	XP_010421920.1, XP_010437668.1, XP_010455399.1
OG0001663	As007G158950	XP_010460049.1, XP_010498769.1, XP_010477555.1
OG0001664	As012G275120	XP_010509724.1, XP_010516618.1, XP_010504937.2
OG0001664	As003G070920	XP_010478431.1, XP_010499570.1
OG0001665	As012G274990	XP_010499598.1, XP_010478481.1, XP_019090860.1, XP_010516632.1, XP_010504951.1, XP_010509710.1
OG0001666	As003G072130	XP_010432221.1, XP_010446871.1, XP_010437415.1
OG0001666	As011G264730	XP_010514687.1, XP_010467567.1, XP_010489403.1
OG0001667	As007G179670	XP_010417079.1, XP_010429276.1, XP_010472328.1
OG0001667	As003G073520	XP_010446679.1, XP_010437241.1
OG0001668	As003G073870	XP_010451018.1, XP_010432047.1, XP_010437208.1
OG0001668	As007G179790	XP_010429249.1, XP_010472304.1, XP_010417061.1
OG0001669	As007G180470	XP_010429133.1, XP_010472211.1, XP_019083470.1
OG0001669	As003G074980	XP_010446531.1, XP_010431950.1, XP_010437092.1
OG0001670	As003G075970	XP_010444881.1
OG0001670	As007G181810	XP_010416867.1, XP_010472104.1, XP_010429023.1
OG0001671	As004G080500	XP_019096008.1, XP_019094953.1, XP_010455295.1, XP_010421795.1, XP_010436287.1
OG0001672	As009G214760	XP_010499266.1, XP_010478125.1, XP_010460533.1
OG0001674	As004G095240	XP_010440510.1, XP_010450080.1, XP_010435172.1, XP_010440509.1, XP_010435168.1, XP_010450079.1
OG0001675	As005G100000	XP_010507944.1, XP_010518386.1, XP_010506721.1
OG0001676	As005G102620	XP_010512853.1
OG0001677	As012G285380	XP_010413702.1, XP_010512189.1, XP_010469346.1
OG0001677	As005G104070	XP_010506185.1, XP_010517875.1, XP_010508453.1
OG0001678	As012G285040	XP_010516534.1, XP_010427788.1
OG0001678	As005G104530	XP_010517826.1, XP_010506124.1, XP_010508520.1
OG0001679	As012G284790	XP_010504808.1
OG0001679	As005G104840	XP_010508560.1, XP_010506080.1, XP_019082344.1
OG0001680	As005G108210	XP_019091053.1, XP_019085210.1, XP_019082711.1, XP_019082572.1, XP_019093642.1, XP_010489994.1, XP_010496240.1, XP_010478581.1, XP_010506880.1, XP_019102055.1, XP_010512036.1, XP_010494876.1, XP_010511218.1, XP_010428566.1, XP_019094522.1
OG0001681	As005G120190	XP_010484624.1, XP_010444775.1, XP_010465252.1
OG0001681	As010G220710	XP_010424899.1, XP_010503753.1, XP_010515458.1
OG0001682	As006G123800	XP_010422507.1, XP_010455961.1, XP_010430633.1
OG0001682	As008G197100	XP_010457352.1, XP_010482019.1, XP_010474965.1
OG0001683	As008G196540	XP_010475045.1, XP_010457433.1, XP_010483014.1
OG0001683	As006G124600	XP_010481791.1, XP_010494392.1, XP_010441932.1, XP_010481790.1
OG0001684	As006G125200	XP_010442035.1, XP_010481872.1
OG0001684	As008G196190	XP_010483753.1, XP_010475096.1, XP_010457484.1
OG0001685	As008G196160	XP_010457489.1, XP_010483792.1, XP_010475101.1
OG0001685	As006G125210	XP_010442036.1, XP_010494312.1, XP_010481873.1
OG0001686	As006G125380	XP_010413886.1, XP_010509903.1, XP_010469490.2
OG0001686	As008G196070	XP_010475111.1, XP_010483893.1, XP_010457499.1
OG0001687	As006G125460	XP_010413914.1, XP_010469514.1, XP_010509924.1
OG0001688	As008G193980	XP_010485830.1, XP_010457744.1, XP_010475346.1
OG0001688	As006G127480	XP_010469752.1, XP_010414171.1, XP_010510229.1
OG0001689	As006G127840	XP_010486454.1, XP_010457808.1, XP_010475408.1
OG0001689	As008G193490	XP_010414217.1, XP_010469798.1
OG0001690	As006G128090	XP_010469853.1, XP_010414265.1, XP_010491643.1
OG0001690	As008G193250	XP_010475438.1, XP_010457838.1, XP_010486791.1
OG0001691	As008G193060	XP_010475462.1, XP_010457872.1, XP_010487116.1
OG0001691	As006G128380	XP_010510405.1, XP_010469892.1, XP_010414310.1
OG0001692	As006G128520	XP_019091255.1, XP_010414325.1, XP_010469906.1, XP_010510420.1, XP_019094844.1, XP_019098876.1
OG0001693	As008G192240	XP_010475518.1, XP_010457947.1, XP_010487664.1
OG0001694	As009G202860	XP_010420398.1, XP_010492624.1
OG0001694	As006G136060	XP_010485639.1, XP_019092765.1
OG0001695	As008G190150	XP_010458106.1, XP_010489194.1, XP_010475669.1
OG0001695	As006G137700	XP_010415759.1, XP_010463930.1, XP_010485829.1
OG0001696	As009G206860, As006G138230	XP_010494044.1, XP_010455156.1, XP_010421656.1, XP_010485906.1, XP_010422824.1
OG0001697	As006G140340	XP_010464255.1, XP_010443616.1, XP_010486193.1
OG0001697	As009G207580	XP_019090593.1, XP_019087116.1
OG0001698	As006G143090	XP_010508950.1, XP_019102549.1
OG0001698	As012G282250	XP_010427370.1, XP_010504446.1, XP_010516165.1
OG0001699	As012G277290	XP_010427008.1, XP_010515851.1, XP_010504124.1
OG0001699	As006G146140	XP_010505323.1, XP_010509341.1, XP_010517010.1
OG0001700	As010G242590	XP_010417543.1, XP_010429794.1, XP_010472766.1
OG0001700	As007G152930	XP_010476757.1, XP_010459188.1, XP_010497860.1
OG0001701	As007G156550	XP_010498470.1, XP_010459719.1
OG0001701	As010G237360	XP_010471763.1, XP_019083396.1, XP_010428665.1
OG0001702	As010G236450	XP_010471863.1, XP_010416623.1, XP_010428766.1
OG0001702	As007G157320	XP_010477403.1, XP_010459850.1, XP_010498595.1
OG0001703	As007G157920	XP_010459913.1, XP_010498649.1, XP_010477440.1
OG0001703	As010G235780	XP_010428846.1, XP_010416718.1, XP_010471960.1
OG0001704	As007G158980	XP_010498773.1, XP_010460052.1, XP_019095000.1
OG0001704	As010G234260	XP_010471155.1, XP_010415850.1, XP_010427973.1
OG0001705	As007G159350	XP_010477619.1, XP_010498828.1, XP_010460110.2, XP_010477610.1, XP_010427856.1, XP_010471074.2, XP_010415758.1
OG0001706	As010G227390	XP_019099226.1, XP_019095038.1, XP_019094349.1, XP_019091678.1, XP_019099225.1, XP_019091969.1
OG0001707	As008G182520	XP_019088663.1, XP_010450296.2, XP_010440655.1, XP_010491514.1, XP_010495983.1, XP_019088665.1, XP_010468097.1
OG0001708	As009G205470	XP_010493917.1, XP_010421517.1, XP_010455012.1, XP_010433691.1, XP_010464150.1, XP_010486068.1
OG0001709	As009G219330	XP_010444155.1, XP_010484005.1, XP_010459447.1
OG0001709	As010G223090	XP_010426278.1, XP_019102284.1, XP_010503431.1
OG0001710	As010G236530	XP_010428759.1, XP_010416618.1
OG0001711	As011G248830	XP_010487517.1, XP_010487519.1, XP_010465683.1, XP_010504445.1
OG0001711	As012G274730	XP_010434917.1, XP_010449887.1, XP_010440247.1
OG0001712	As012G272750	XP_019091442.1, XP_010500507.1, XP_010479459.1
OG0001712	As011G251230	XP_010507472.1, XP_010487841.1
OG0001713	As012G272600	XP_010461836.1, XP_010500536.1, XP_010479428.1
OG0001713	As011G251610	XP_010466103.1, XP_010507798.1, XP_010487899.1
OG0001714	As011G252860	XP_010509100.1, XP_010488042.1, XP_010500668.1, XP_010479555.1
OG0001715	As011G256690	XP_010513600.1, XP_010466870.1, XP_010488565.1, XP_010466843.1, XP_010513421.1, XP_010490110.2
OG0001730	As001G000160	XP_010447139.1, XP_010436173.1, XP_010441396.1, XP_010438483.1, XP_010433240.1, XP_010448001.1
OG0001731	As001G002090	NP_001289917.1, NP_001289919.1
OG0001731	As001G002080	XP_010438218.1, XP_019086036.1, XP_019089551.1
OG0001732	As001G002180	XP_010447756.1, XP_010433018.1, XP_010438208.1, XP_010414930.1, XP_010467736.1, XP_010489447.1
OG0001733	As001G002610	XP_010447699.1, XP_010438163.1, XP_019086677.1
OG0001733	As007G178980	XP_010429350.1, XP_010472393.1, XP_010417136.1
OG0001734	As001G003070	XP_010432926.1, XP_010447643.1, XP_010438109.1
OG0001734	As001G003060	XP_010472421.1, XP_010429381.1
OG0001735	As011G262440	XP_010517867.1, XP_010488929.1, XP_010467268.1
OG0001735	As001G012490	XP_010437705.1, XP_010447182.1, XP_010432502.1
OG0001736	As001G015660	XP_010437482.1, XP_010432289.1, XP_010446932.1
OG0001736	As011G264330	XP_010467504.1
OG0001737	As004G078750	XP_010504992.1, XP_010509675.1, XP_010516671.1
OG0001737	As001G015720	XP_010460915.1, XP_010499657.1
OG0001738	As001G016990, As004G079600	XP_010509623.1, XP_010505041.1, XP_010516715.1
OG0001739	As001G019330	XP_010470318.1, XP_010511351.1
OG0001739	As008G188120	XP_010458260.1, XP_010475804.1, XP_010490215.1
OG0001740	As001G019770	XP_010414739.1, XP_010470263.1, XP_010511081.1
OG0001740	As008G187740	XP_010458322.1, XP_010480403.2, XP_010490575.1
OG0001741	As001G020250	XP_010462621.1, XP_010491057.1, XP_019094384.1, XP_019093263.1, XP_019093965.1, XP_010414681.1, XP_010511021.1
OG0001742	As001G020840	XP_010510948.1
OG0001743	As001G021590	XP_010458504.1, XP_010492493.1, XP_010476025.1
OG0001743	As008G186310	XP_010473333.1, XP_010418095.1, XP_010430139.1
OG0001744	As001G025880	XP_010450573.1, XP_010441267.1, XP_010436044.1, XP_010425434.1, XP_010502657.1, XP_010514380.1
OG0001745	As001G026390	XP_010514452.1, XP_010502733.1, XP_019084849.1
OG0001745	As004G097440	XP_010435989.1, XP_010441208.1, XP_010450641.1
OG0001746	As004G096870, As001G027100, As001G027120	XP_010425630.1, XP_010514554.1
OG0001747	As001G027980, As001G027730, As008G195410	XP_010425764.1, XP_010502987.1, XP_010514668.1
OG0001748	As004G077690	XP_010440930.1, XP_010435727.1, XP_010450941.1
OG0001748	As001G028450	XP_010511617.1, XP_010470595.2, XP_010415249.1
OG0001749	As001G030640	XP_010430558.1, XP_010418488.1, XP_010473691.1
OG0001749	As004G098210	XP_010436132.1, XP_010441353.1, XP_019091834.1, XP_019086618.1
OG0001750	As001G031300	XP_010418369.1, XP_010473585.1, XP_010430443.1, XP_010418367.1, XP_010473594.1, XP_010430442.1
OG0001751	As002G037600	XP_010498089.1, XP_010486848.1, XP_010464891.1
OG0001751	As009G212190	XP_010423338.1, XP_010491207.1, XP_010452575.1
OG0001752	As002G038710	XP_010451624.1
OG0001753	As002G038810	XP_010498804.1, XP_010486922.1, XP_010464987.1
OG0001753	As009G211390	XP_010452643.1, XP_010491277.1, XP_010423270.1
OG0001754	As002G042850	XP_010442849.1, XP_010482435.1, XP_010442586.1, XP_010433689.1, XP_010448480.1
OG0001755	As007G165920, As002G044370	XP_010448386.1, XP_010433597.1, XP_010438839.1, XP_010482624.1, XP_010442795.1, XP_010445052.1
OG0001756	As002G045020	XP_010485092.1, XP_010442852.1, XP_010445434.1, XP_010433299.1, XP_010438542.1, XP_010448072.1
OG0001757	As006G134330	XP_010438725.1, XP_010433468.1, XP_010448241.1
OG0001758	As002G050810	XP_010493012.1, XP_019083891.1, XP_010454221.1, XP_010492013.1, XP_010419839.1, XP_010453327.1
OG0001759	As002G054860	XP_010495106.2, XP_010452772.1, XP_010423147.1, XP_010483773.1, XP_019086949.1
OG0001760	As003G055950	XP_010439981.1, XP_010434643.1, XP_010449591.1
OG0001760	As004G089920	XP_010481365.1, XP_010494934.1, XP_010441499.1
OG0001762	As003G057400	XP_010434476.1, XP_010439787.1, XP_010449440.1
OG0001762	As004G088150	XP_010441685.1, XP_010481545.1, XP_010494685.1
OG0001763	As003G058120	XP_010449274.1, XP_010439633.1, XP_010434345.1, XP_019089356.1
OG0001764	As004G085570	XP_010422257.1, XP_010432932.1, XP_010496171.1
OG0001764	As003G060240	XP_010434075.1, XP_010439361.1, XP_010448927.1
OG0001765	As003G061750	XP_010455523.1, XP_010435326.1, XP_010435306.1, XP_010455526.1, XP_010455525.1, XP_010422064.1, XP_010435284.1, XP_010435272.1
OG0001766	As004G083700	XP_010421959.1, XP_010437116.1, XP_010455439.1
OG0001767	As010G234740	XP_010471206.1, XP_019083299.1, XP_010428039.1
OG0001768	As004G081770, As003G068330	XP_010413850.1, XP_010469460.1, XP_010509873.1, XP_010478160.1, XP_010499300.1, XP_010460578.1
OG0001769	As011G264820	XP_010489425.1, XP_010413357.1, XP_010467585.1
OG0001769	As003G072320	NP_001306212.1, XP_010437390.1, XP_010432203.1
OG0001770	As003G073930	XP_010463961.1, XP_010444637.1, XP_010484487.1
OG0001770	As010G221370	XP_010515358.1, XP_010503659.1, XP_010426520.1
OG0001771	As007G179930	XP_010472278.1, XP_010417037.1, XP_010429213.1
OG0001771	As003G074120	XP_010446617.1, XP_010432023.1, XP_019088835.1
OG0001772	As003G076250	XP_010436948.1, XP_010446361.1, XP_010431797.1
OG0001773	As004G081020	XP_010444869.1, XP_019096093.1, XP_010509762.1, XP_010516582.1
OG0001774	As004G082040	XP_010484874.1, XP_019088007.1, XP_019095789.1, XP_019097677.1, XP_010462931.1
OG0001775	As004G085690	XP_010434096.1, XP_010448955.1, XP_010439388.1, XP_010422286.1, XP_010432555.1, XP_010455752.1
OG0001776	As004G087730	XP_010494628.1, XP_010481607.1
OG0001777	As004G097230	XP_019088864.1, XP_010422664.1, XP_010456099.1, XP_010466434.1, XP_010450673.1, XP_010441177.1, XP_010435905.1
OG0001778	As005G099210	XP_010506806.1, XP_010518480.1, XP_010507865.1, XP_010468914.1, XP_010413227.1, XP_010512678.1
OG0001779	As012G288510	XP_010512664.1, XP_010413254.1, XP_010468929.1
OG0001779	As005G099320	XP_010413108.1, XP_010512806.1, XP_010506794.1
OG0001780	As005G102040	XP_010506446.1, XP_010518122.1, XP_010508213.1
OG0001780	As012G286670	XP_010469167.1, XP_010512385.1, XP_010413544.1
OG0001781	As012G286010	XP_010469234.1, XP_010512315.2, XP_019082508.1
OG0001781	As005G102880	XP_010518033.1, XP_010508305.1
OG0001782	As005G104290	XP_010506156.1, XP_010508481.1
OG0001784	As005G119200	XP_010444649.1
OG0001784	As010G221340	XP_010426525.1, XP_010515360.1, XP_010503663.1
OG0001785	As006G121560	XP_010456291.1, XP_010419580.1, XP_010426994.1
OG0001785	As008G198980	XP_010457105.1, XP_010480074.1, XP_010474768.1
OG0001786	As008G198930	XP_010457128.1, XP_010480300.1, XP_010474740.1
OG0001786	As006G122000	XP_010422766.1, XP_010427803.1, XP_010456212.1
OG0001787	As006G122800	XP_010456100.1, XP_010428986.1, XP_010422667.1
OG0001787	As008G197950	XP_010474651.1, XP_010457212.1
OG0001788	As006G123000	XP_010456070.1, XP_010429296.1, XP_010422630.1, XP_010481170.1, XP_010474846.1, XP_010457253.1
OG0001789	As006G123310	XP_019084163.1, XP_010429797.1, XP_010456018.1
OG0001790	As006G127300	XP_010414133.1, XP_010469701.1, XP_010510204.1
OG0001791	As006G127700	XP_010510266.1, XP_010414195.1, XP_010469780.1
OG0001792	As006G128330	XP_010414293.1, XP_010469883.1, XP_010510397.1
OG0001792	As008G193120	XP_010487033.1, XP_010457865.1, XP_010475455.1
OG0001793	As008G193020	XP_010475471.1, XP_010487207.1, XP_010457885.1
OG0001793	As006G128540	XP_010469907.1, XP_010510421.1
OG0001794	As008G192750	XP_010501353.1, XP_010475499.1, XP_010457920.1
OG0001794	As006G128910	XP_010510496.1, XP_010414390.1, XP_010469958.1
OG0001795	As006G135530, As009G201960	XP_010498426.1, XP_010463665.1, XP_010485563.1, XP_010453759.1, XP_010492479.1
OG0001796	As006G136170	XP_010463764.1, XP_010485652.1, XP_010507048.1
OG0001796	As009G203040	XP_010420425.1, XP_010453901.1, XP_010492659.1
OG0001797	As009G203550	XP_010420490.2, XP_010453960.1, XP_010492720.1
OG0001797	As006G136600	XP_010463804.1, XP_010485695.1, XP_010511717.1
OG0001798	As009G205220	XP_010454979.1
OG0001798	As006G139450	XP_010434418.1, XP_019096853.1, XP_019092486.1
OG0001799	As009G206190	XP_010493998.1, XP_010455110.1, XP_010421596.1
OG0001799	As006G139460	XP_010434527.1, XP_010486078.1, XP_010464161.1
OG0001800	As006G140000	XP_010439511.1, XP_010486148.1, XP_010464212.1, XP_010468044.1
OG0001800	As009G204500	XP_010454114.1, XP_010420638.1, XP_010492878.1
OG0001801	As009G208280	XP_010442341.1, XP_010482158.1, XP_010439830.1
OG0001801	As006G140650	XP_010447044.1, XP_010464311.1, XP_010486231.1
OG0001802	As006G142180	XP_010470547.1, XP_010415208.1, XP_010470546.1, XP_010415206.1, XP_010512124.1, XP_010511500.1, XP_010415207.1, XP_010496729.1
OG0001803	As006G145030	XP_010505187.1, XP_010516862.1, XP_010509472.1
OG0001803	As012G276500	XP_010426923.1, XP_010515770.1
OG0001804	As010G243090	XP_010472842.1, XP_019085168.1, XP_010417635.1
OG0001804	As007G152670	XP_010476716.1, XP_010497686.1, XP_010459151.1, XP_019099478.1
OG0001805	As010G242220	XP_010429748.1, XP_010472719.1, XP_010417497.1
OG0001805	As007G153250	XP_010459236.1, XP_010476816.1, XP_010498013.1
OG0001806	As010G241430	XP_010428116.1, XP_010471259.1, XP_010415979.1
OG0001806	As007G153740	XP_010498073.1, XP_010459304.1, XP_010476874.1
OG0001807	As007G155820	XP_019100459.1, XP_019101002.1, XP_010516780.1, XP_019094906.1, XP_019097778.1, XP_019098733.1, XP_019091498.1
OG0001808	As010G237420	XP_010471759.1, XP_010416520.1, XP_010428661.1
OG0001808	As007G156490	XP_019099107.1, XP_010459714.1, XP_010477265.1
OG0001809	As010G233120	XP_010415686.1, XP_010471007.1, XP_010512080.1
OG0001809	As007G160050	XP_010498944.1, XP_010477742.1, XP_010460195.1
OG0001810	As007G160680	XP_010499022.1, XP_010460289.1, XP_010477842.1
OG0001811	As007G161490	XP_010474199.1, XP_010415424.1, XP_010511798.1, XP_010477954.1, XP_010460403.1, XP_010499130.1
OG0001812	As007G161600	XP_010477983.1, XP_010499143.1, XP_019091233.1
OG0001814	As007G180770	XP_010472163.1, XP_010497645.1, XP_010429089.1, XP_010416923.1
OG0001815	As009G204510	XP_019083878.1, XP_010492882.1
OG0001816	As009G206600	XP_010455138.2, XP_019085393.1, XP_010494026.1, XP_010421642.1
OG0001817	As009G213110	XP_010423451.1, XP_010491092.1, XP_010452466.1, XP_010464819.1, XP_010487452.1
OG0001818	As010G221840	XP_010426446.1
OG0001818	As009G216230	XP_010493602.1, XP_010454753.1, XP_010421271.1
OG0001819	As010G220640	XP_010465395.1, XP_010444791.1, XP_010484637.1, XP_010446298.1, XP_010497379.1, XP_010503765.1, XP_019085945.1, XP_010515472.1
OG0001820	As010G222410	XP_010515202.1, XP_010426376.1, XP_010503519.1
OG0001821	As012G270690	XP_010479746.1, XP_010462079.1, XP_010500844.1
OG0001821	As011G248150	XP_010487441.1, XP_010503629.1, XP_010468199.1, XP_010468198.1
OG0001822	As011G253570	XP_019096243.1, XP_019092534.1, XP_019082863.1
OG0001823	As011G267030	XP_010467844.1, XP_010489054.1, XP_010415917.1, XP_010470705.1, XP_010467842.1, XP_010425844.1, XP_019097105.1
OG0001824	As012G277520	XP_010505344.1, XP_010517025.1, XP_019101268.1, XP_010504141.1, XP_010515873.1, XP_010427029.1
OG0001825	As012G282110	XP_010504426.1, XP_010516150.1, XP_010427353.1
OG0001826	As012G283200	XP_010516279.1, XP_010504583.1
OG0001827	As012G283480, As012G283450	XP_010504610.1, XP_010412809.1, XP_010431420.1
OG0001828	As012G286120	XP_010506387.1, XP_010518059.1, XP_010508278.1, XP_010512326.1, XP_010469224.1, XP_010413596.1
OG0001844	As001G001080	XP_010433116.1, XP_010438319.1, XP_010447875.1
OG0001844	As011G266470	XP_010467927.1, XP_010416652.1, XP_010489130.1
OG0001846	As011G264180	XP_010489328.1, XP_010515592.1, XP_010467463.1
OG0001846	As001G015540	XP_010446952.1, XP_010432306.1
OG0001847	As001G017560	XP_010434771.1, XP_010449719.1
OG0001847	As001G017570	XP_010449721.1, XP_010440100.1
OG0001848	As001G020410	XP_010510988.1, XP_010414625.1
OG0001848	As008G187140	XP_010475909.1, XP_010458393.1, XP_010491281.1
OG0001849	As001G021660	XP_019093650.1, XP_010430150.1, XP_010418110.1, XP_019085667.1, XP_010473358.1
OG0001850	As001G025970	XP_010425446.1, XP_010514391.1, XP_010502667.1, XP_019097518.1
OG0001850	As005G112810	XP_019088661.1, XP_010436031.1, XP_010450580.1
OG0001851	As001G026330, As004G097510	XP_010436005.1, XP_010441224.1, XP_010450634.1, XP_010425489.1, XP_010514444.1
OG0001852	As004G078430	XP_010451817.1, XP_010441076.1, XP_010435873.1
OG0001852	As001G027590	XP_010502913.1, XP_010514621.1, XP_010425698.1
OG0001854	As001G029220, As001G029200, As001G029210, As012G276250	XP_010513562.1, XP_010474116.1, XP_019101584.1, XP_010470480.1
OG0001855	As001G029430	XP_010511444.1, XP_010415085.1, XP_010470415.1, XP_010439584.1, XP_010451336.1
OG0001856	As001G032090	XP_010418239.1, XP_010473462.1, XP_019085792.1
OG0001856	As008G185290	XP_019095220.1, XP_019091627.1
OG0001857	As002G032760	XP_010448325.1, XP_010438803.1, XP_010433551.1
OG0001857	As002G048690	XP_010443365.1, XP_010451725.1, XP_010483192.1
OG0001858	As005G109210	XP_010490922.1, XP_010452313.1, XP_010423616.1
OG0001858	As002G035530	XP_010482462.1, XP_010486631.1, XP_010464701.1
OG0001859	As002G035950	XP_010464731.1, XP_010485966.1, XP_010486668.1
OG0001859	As009G214550	XP_010452349.1, XP_010423568.1, XP_010490963.1
OG0001860	As009G213100	XP_010423449.1, XP_010491093.1, XP_010452468.1
OG0001861	As002G037140	XP_010464838.1, XP_010494961.1, XP_010486783.1
OG0001861	As009G212960	XP_010491127.1, XP_010423420.1, XP_010452490.1
OG0001862	As009G211910	XP_010491226.1, XP_010452595.1, XP_010423322.1
OG0001862	As002G046460, As002G037820	XP_010498177.1, XP_010486853.1, XP_010464916.1
OG0001863	As007G164570	XP_010438904.1, XP_010433669.1, XP_010448456.1
OG0001863	As002G043410	XP_010442654.1, XP_010482484.1, XP_010443342.1
OG0001864	As002G046260	XP_010443024.1, XP_010482855.1, XP_010448224.1, XP_010438642.1, XP_010433388.1, XP_010448159.1
OG0001865	As002G046430	XP_010443046.1, XP_010448473.1, XP_010482874.1, XP_019085998.1
OG0001865	As006G132520	XP_010438647.1
OG0001866	As002G046650	XP_010448765.1, XP_010482896.1
OG0001866	As006G132650	XP_019088846.1, XP_010433417.1, XP_010438669.1
OG0001867	As002G049160	XP_010483268.1, XP_010443434.1, XP_010452147.1, XP_010448362.1, XP_010438828.1, XP_010433585.1
OG0001868	As002G051160, As005G109830	XP_019083894.1, XP_019097340.1, XP_010454231.1, XP_010453273.1, XP_010419794.1
OG0001869	As005G118670	XP_010444572.1, XP_010463409.1, XP_010484397.1
OG0001869	As002G052660	XP_010491732.1, XP_010422832.1
OG0001870	As002G052840	XP_010463135.1, XP_010444533.1, XP_010484372.1
OG0001870	As005G118470	XP_010453067.1, XP_010491711.1, XP_010422844.1
OG0001871	As005G118300	XP_019094184.1, XP_019095978.1, XP_019088581.1
OG0001871	As002G053270	XP_019097789.1
OG0001872	As002G053430	XP_019098066.1, XP_010422927.1
OG0001873	As004G079370, As010G237170, As002G053740	XP_010452946.1, XP_010491583.1, XP_010422974.1, XP_010452944.1, XP_010491582.1, XP_010422975.1
OG0001874	As002G054100	XP_010424576.1, XP_010491528.1, XP_019097682.1, XP_010423026.1, XP_010452891.1
OG0001875	As002G054680	XP_010491444.1, XP_010423124.1, XP_010452796.1
OG0001875	As009G217400	XP_010454589.1, XP_010421107.1, XP_010493421.1
OG0001876	As002G054840	XP_010443916.1, XP_010483760.1, XP_010456895.1, XP_010452776.1, XP_010423144.1
OG0001877	As002G055330	XP_010483849.1, XP_010423212.1, XP_010452707.1, XP_010491358.1
OG0001878	As003G055820	XP_010445315.1, XP_010445314.1, XP_010439995.1, XP_010449606.1, XP_010434658.1
OG0001878	As004G091220	XP_010441478.1, XP_010494962.1, XP_019096002.1
OG0001879	As004G089290, As003G056220	XP_010449539.1, XP_010439925.1, XP_010436506.1
OG0001879	As003G056320, As012G271310	XP_010495770.1, XP_010484763.1, XP_010445785.1
OG0001880	As003G056580, As003G056590	XP_010434561.1, XP_010439889.1, XP_010517569.1, XP_010439888.1, XP_010517571.1, XP_010434560.1
OG0001881	As010G228130, As003G064030, As003G058940	XP_010449136.1, XP_010439534.1, XP_010434246.1, XP_010434249.1, XP_010439535.1, XP_019089086.1
OG0001882	As004G086070	XP_010431885.1, XP_010455835.1, XP_010422371.1
OG0001882	As003G059590	XP_010439460.1, XP_010449038.1, XP_010434160.1
OG0001883	As004G085890	XP_010422320.1, XP_010455792.1, XP_010432120.1
OG0001883	As003G059860	XP_010439423.1, XP_010434125.1, XP_010449003.1
OG0001884	As007G151870	XP_010476601.1, XP_010496920.1, XP_010459040.1
OG0001884	As003G060870	XP_010414635.1, XP_010510997.1, XP_010470178.1
OG0001885	As003G062560	XP_010478718.1, XP_010461135.1
OG0001885	As004G083710	XP_010455441.1, XP_010421961.1
OG0001886	As003G063880	XP_010461321.1, XP_010500040.1, XP_010478951.1
OG0001886	As004G080230	XP_010455341.1, XP_010438400.1, XP_010496150.1
OG0001887	As003G064240	XP_019090709.1, XP_010421768.1, XP_010436602.1, XP_010478965.1, XP_010500087.1, XP_010461367.1
OG0001888	As003G069790, As004G081190	XP_010469397.1, XP_010413775.1
OG0001889	As011G265390	XP_010467645.1, XP_010414215.1, XP_010489537.1
OG0001889	As003G072760, As003G072740	XP_010446776.1, XP_010437332.1
OG0001890	As003G074350	XP_010432010.1, XP_010446601.1
OG0001891	As004G079520	XP_019089566.1, XP_019086818.1, XP_019088784.1, XP_010458427.1, XP_010491749.1, XP_010475946.1
OG0001892	As004G082000	XP_010442067.1, XP_010495627.1, XP_019095380.1, XP_019094318.1, XP_010497300.1, XP_010460530.1, XP_010499259.1
OG0001893	As004G083780, As004G083830	XP_010437070.1, XP_010455445.1
OG0001894	As006G143010, As004G085550	XP_010508939.1, XP_010505698.1, XP_010517379.1, XP_010496166.1, XP_010432999.1, XP_010422253.1
OG0001895	As004G091210	XP_010494964.1, XP_010441474.1, XP_010481340.1
OG0001896	As004G093180	XP_010433280.1, XP_010438522.1, XP_010448050.1, XP_010438523.1
OG0001896	As006G141160	XP_010486296.1, XP_010451956.1, XP_010464364.1
OG0001897	As011G255780	XP_010488462.1, XP_010488463.1, XP_010512958.1, XP_010466745.1
OG0001897	As004G094870	XP_010495842.1, XP_010435219.1, XP_010450153.1
OG0001898	As011G254720	XP_019098518.1, XP_010488311.1, XP_010511689.1, XP_019098503.1, XP_010466569.1
OG0001898	As004G095870	XP_010435071.1, XP_010440394.1, XP_010449991.1
OG0001899	As004G096220	XP_010435030.1, XP_010440328.1
OG0001899	As011G254110	XP_010488227.1, XP_010466477.1, XP_010510930.1
OG0001900	As004G098200	XP_010436127.1, XP_010441350.1, XP_010447957.1
OG0001901	As005G099020	XP_010506818.1, XP_010518496.1, XP_010507852.1
OG0001901	As012G288710	XP_010413253.1, XP_010468928.1, XP_010512665.1
OG0001902	As012G288050	XP_019093081.1
OG0001902	As005G100030	XP_010506718.1, XP_019082436.1, XP_019100995.1
OG0001903	As012G286750	XP_010469159.1, XP_010413536.1, XP_010512394.1
OG0001903	As005G101970	XP_010518129.1, XP_010506453.1, XP_010508207.1
OG0001904	As005G102050	XP_010508214.1, XP_010518117.1, XP_010506445.1
OG0001905	As012G285960	XP_010512293.1, XP_010413612.1, XP_010469247.1
OG0001905	As005G103020	XP_010508327.1, XP_010506330.1
OG0001906	As012G285370	XP_010512186.1, XP_010413706.1, XP_010469344.1
OG0001906	As005G104090	XP_010506183.1, XP_010517880.1, XP_010508455.1
OG0001907	As010G222720	XP_010515163.1, XP_010503476.1, XP_010426340.1
OG0001907	As005G116190	XP_010444210.1, XP_010460051.1, XP_010484052.1
OG0001909	As006G122730	XP_010428797.1, XP_019084619.1
OG0001909	As008G198070	XP_010481058.1, XP_010457237.2, XP_010474667.1
OG0001910	As006G124200	XP_010422454.1, XP_010431129.1, XP_010455884.1
OG0001910	As008G196870	XP_010474996.1, XP_010482382.1, XP_010457378.1
OG0001911	As006G125080	XP_010442022.1, XP_010481863.1, XP_010494326.1
OG0001911	As008G196240	XP_010457478.1, XP_010475088.1, XP_010475087.1, XP_010483557.1
OG0001912	As006G126470	XP_010510113.1, XP_019082994.1, XP_010469640.1
OG0001912	As008G194820	XP_010485008.1, XP_010475240.1, XP_010457636.1
OG0001913	As008G194510	XP_010485251.1, XP_010457664.1, XP_010475285.1
OG0001913	As006G127010	XP_010469680.1, XP_010510164.1, XP_019098417.1
OG0001914	As006G127230	XP_010513162.1, XP_010473922.1, XP_010418729.1
OG0001915	As006G127440	XP_010414163.1, XP_010469745.1, XP_010510222.1
OG0001915	As008G194000	XP_010475345.1, XP_010457738.1
OG0001916	As006G128760	XP_010469939.1, XP_010414374.1, XP_010510478.1
OG0001917	As006G129560	XP_010414493.1, XP_010510592.1, XP_010470056.1
OG0001918	As006G131460, As006G131480	XP_010509131.1, XP_010503027.1, XP_010472600.1, XP_010417357.1, XP_010429587.1
OG0001919	As009G200030	XP_010456531.1, XP_010420072.1
OG0001920	As006G135730	XP_010453802.1, XP_010492539.1, XP_010420332.1, XP_010500707.1, XP_010463696.1, XP_010485595.1
OG0001921	As009G202390	XP_010420338.1, XP_010453803.1, XP_010492543.1
OG0001921	As006G135780	XP_010463703.1, XP_010485606.1, XP_010501405.1
OG0001922	As006G139010	XP_010430361.1, XP_010464095.1, XP_010486021.1
OG0001922	As009G205870	XP_010493963.1, XP_010421561.1, XP_010455072.1
OG0001923	As006G143780	XP_010509034.1, XP_010517268.1, XP_010505601.1
OG0001923	As012G281320	XP_010516061.1, XP_010427250.1, XP_010504348.1
OG0001924	As006G145930	XP_010515839.1, XP_010426998.1, XP_010509355.1, XP_010505309.1, XP_010516996.1
OG0001925	As006G147060	XP_010509242.2, XP_019102515.1, XP_010505404.1, XP_010505402.1
OG0001925	As012G278170	XP_019102108.1, XP_019084862.1, XP_019099856.1
OG0001926	As006G147410	XP_019101258.1, XP_010505433.1, XP_010517105.1
OG0001926	As012G278430	XP_010515623.1, XP_010503893.1, XP_010426765.1
OG0001927	As010G243720	XP_010429951.1, XP_010417704.1, XP_010472923.1
OG0001927	As007G152220	XP_010459106.1, XP_010497310.1, XP_010476656.1
OG0001928	As010G241680	XP_010428969.1, XP_010416825.1, XP_010472061.1
OG0001928	As007G153570	XP_010498055.1, XP_010459280.1, XP_010476850.1
OG0001929	As007G154160, As010G240740	XP_010471350.1
OG0001930	As007G155140	XP_010498276.1, XP_010459506.1, XP_010477059.1
OG0001930	As010G239150	XP_010471529.1, XP_010428421.1, XP_010416293.1
OG0001931	As010G238790	XP_010471564.1, XP_010416328.1, XP_010428465.1
OG0001931	As007G155320	XP_010459535.1, XP_010477091.1
OG0001932	As007G155730	XP_010498351.1, XP_010459603.1, XP_010477148.1
OG0001932	As010G238480	XP_019085007.1
OG0001933	As007G157160	XP_010477380.1, XP_010498569.1, XP_010459825.1
OG0001934	As007G158150	XP_010477471.1, XP_010498678.1, XP_010459957.1
OG0001934	As010G235460	XP_010471998.1, XP_010416766.1
OG0001935	As007G159310	XP_010477604.1, XP_010498820.1, XP_010460096.1
OG0001936	As007G160030	XP_010438357.2, XP_010447897.1
OG0001937	As007G160520	XP_010460264.1, XP_010498997.1, XP_010477817.1
OG0001937	As010G232650	XP_010470942.1, XP_010415602.1, XP_010511994.1
OG0001939	As007G180980	XP_010431556.1, XP_010472132.1
OG0001940	As009G200550	XP_010452274.1
OG0001941	As009G204950, As009G204960	XP_010492954.1, XP_010497167.1, XP_010492955.1, XP_010492951.1, XP_010456586.1, XP_010492950.1, XP_010420697.1, XP_010497267.1, XP_010456587.1, XP_010492952.1, XP_010492956.1, XP_010420698.1
OG0001942	As012G269080, As012G281590, As012G269060	XP_010436643.1, XP_010465270.1
OG0001944	As009G212500	XP_010496932.1, XP_010464872.1, XP_010486818.1, XP_010452537.1, XP_010491163.1, XP_010423378.1
OG0001945	As010G221720	XP_010515306.1, XP_010426470.1, XP_010503615.1
OG0001946	As010G222400	XP_010426377.1, XP_010503520.1, XP_010515203.1
OG0001947	As010G225810	XP_019102110.1, XP_010507189.1, XP_010430977.1, XP_010507190.2, XP_019101857.1, XP_010430978.1
OG0001948	As010G226330	XP_010430949.1, XP_010503079.1, XP_010514765.2, XP_010514764.1
OG0001949	As010G227300	XP_010443575.1, XP_010483428.1, XP_010496658.1
OG0001950	As011G245930	XP_010465268.1, XP_010487174.1, XP_010501447.1
OG0001950	As012G269040	XP_019094191.1, XP_010501097.1, XP_010462335.1
OG0001951	As011G247100	XP_010487310.1, XP_010502377.1, XP_010465428.1, XP_010462209.1, XP_010500968.1
OG0001952	As012G274580	XP_010436553.1, XP_010436555.1, XP_010436556.1, XP_010436554.1, XP_010449869.2
OG0001952	As011G248940	XP_010487538.1, XP_010504613.1, XP_010465696.1
OG0001953	As011G251400	XP_010487869.1, XP_010507626.1, XP_010466072.1
OG0001953	As012G272660	XP_010479447.1, XP_010500525.1, XP_010461823.1
OG0001954	As011G253050	XP_010509345.1, XP_010466285.1, XP_010488065.1
OG0001955	As011G253690	XP_010479664.1, XP_010462005.1, XP_010500752.1, XP_010466359.1, XP_010488129.1, XP_010510022.1
OG0001957	As012G275050	XP_010509720.1, XP_010516626.1, XP_010504942.1
OG0001958	As012G285290	XP_010467245.1, XP_010488899.1, XP_010517589.1, XP_010467244.1, XP_010488898.1, XP_010517582.1, XP_010488897.1, XP_010467241.1
OG0001959	As012G285720	XP_019082931.1, XP_010469285.1
OG0001971	As001G001000	XP_010447884.1, XP_010438334.1, XP_010433129.1
OG0001971	As011G266510	XP_010467924.1, XP_010416624.1, XP_010489126.1
OG0001972	As001G002350	XP_010432998.1, XP_010438190.1, XP_019088955.1
OG0001972	As011G265560	XP_010489588.1, XP_010414615.1
OG0001973	As001G003210	XP_010438099.1, XP_010432917.1, XP_010447636.1
OG0001973	As007G178320	XP_010429396.1, XP_010419295.1, XP_010472429.1
OG0001974	As007G178030	XP_010472454.1, XP_010429423.1, XP_010417203.1
OG0001974	As001G003630	XP_010438050.1, XP_010432872.1, XP_019088887.1
OG0001975	As011G262160	XP_019092812.1, XP_010488879.1, XP_010518214.1
OG0001976	As001G014460	XP_010447036.1, XP_010432377.1, XP_010437567.1
OG0001976	As011G263480	XP_010467386.1, XP_010497777.1, XP_010516567.1
OG0001977	As004G083090	XP_010505091.1, XP_010516774.1, XP_010509573.1
OG0001977	As001G017810	XP_010449753.1, XP_010440126.2, XP_010434798.1
OG0001978	As001G021620	XP_010473337.1, XP_010418104.1, XP_010430146.1
OG0001978	As008G186230	XP_010492556.1, XP_010458510.1, XP_010476034.1
OG0001979	As001G023520	XP_010514018.1, XP_010425025.1, XP_010502261.1
OG0001979	As008G182890	XP_010496112.1
OG0001980	As001G023690	XP_010514053.1, XP_010425052.1
OG0001980	As008G183040	XP_010495978.1, XP_010458930.1, XP_010476486.1
OG0001981	As008G184280	XP_010458748.1, XP_010476293.1, XP_010494920.1
OG0001981	As001G025280	XP_010425347.1, XP_010502548.1, XP_010514289.1
OG0001982	As001G025560	XP_010502601.1, XP_010514328.1, XP_010425380.1, XP_010502602.1
OG0001982	As008G184440	XP_019096959.1, XP_010458729.1, XP_010476266.1
OG0001983	As001G026070	XP_010502681.1, XP_010425457.1, XP_010514407.1
OG0001983	As005G112750	XP_010450604.1, XP_010436027.1
OG0001984	As001G026200	XP_010514422.1, XP_010502697.1, XP_010425474.1
OG0001984	As004G097590	XP_010436011.1, XP_010441234.1, XP_010450623.1
OG0001985	As003G060640, As001G031850	XP_010494060.1, XP_010458661.1, XP_010476202.1
OG0001986	As012G283190	XP_010427513.1, XP_010504582.1
OG0001986	As002G033250	XP_010508755.1, XP_010517598.1, XP_010505878.1
OG0001987	As005G109150	XP_010490916.1, XP_010423625.1, XP_010452308.1
OG0001987	As002G035510	XP_010464700.1, XP_010482152.1, XP_010486628.1
OG0001988	As002G037170, As012G276490	XP_010486479.1, XP_010486775.1
OG0001989	As002G037240, As002G037260	XP_010418806.1, XP_010486796.1, XP_010486798.1, XP_010486797.1, XP_010464848.1, XP_010491158.1, XP_010423388.1, XP_010452525.1, XP_019096360.1
OG0001990	As002G046030	XP_010446683.1, XP_010443000.1, XP_010482831.1
OG0001990	As006G132420	XP_010448148.1, XP_010433380.1, XP_010438626.1
OG0001991	As002G046910	XP_019089047.1, XP_010438638.1, XP_010448200.1, XP_010438686.1, XP_019089045.1
OG0001992	As002G047670, As006G134320	XP_010438726.1, XP_010433471.1, XP_010448243.1
OG0001993	As002G047890	XP_010483081.1, XP_010443253.1, XP_010450699.1
OG0001993	As006G134180	XP_010448266.1, XP_010438749.1, XP_010433498.1
OG0001994	As002G049230	XP_010483278.1, XP_010443442.1, XP_010452475.1, XP_010448365.1
OG0001995	As002G051030	XP_019098049.1, XP_010419811.1, XP_010453286.1, XP_010493019.1, XP_010420754.1, XP_010454226.1
OG0001996	As002G051550	XP_010491917.1, XP_010419754.1, XP_010453221.1, XP_010421452.1, XP_010493855.1
OG0001997	As002G053610	XP_010422957.1, XP_010491605.1, XP_010452963.1
OG0001997	As007G179950	XP_010417036.1, XP_010429212.1, XP_010472275.1
OG0001998	As002G053810	XP_010422983.1, XP_010491572.1, XP_010452934.1
OG0001998	As005G117250	XP_010484201.1
OG0001999	As002G055150	XP_010491380.1, XP_010452731.1, XP_010423188.1
OG0002000	As009G218350	XP_010483861.1, XP_010444005.1, XP_010457723.1
OG0002000	As002G055410	XP_010423220.1, XP_010491342.1, XP_010452695.1
OG0002001	As004G089230	XP_019097973.1, XP_010481417.1, XP_010441550.1
OG0002001	As003G056260	XP_010445298.1, XP_010449546.1, XP_010434608.1
OG0002002	As004G087210	XP_019087825.1, XP_010434343.1
OG0002003	As003G060220	XP_010448930.1, XP_010434078.1, XP_019087088.1
OG0002003	As004G085600	XP_019084100.1, XP_010496174.1
OG0002004	As004G084930	XP_010455635.1, XP_010422170.1, XP_010433847.1
OG0002004	As003G060850	XP_010448821.1, XP_010433982.1
OG0002005	As004G084290	XP_010435385.1, XP_010422056.1, XP_010455519.1
OG0002005	As003G061860	XP_010448662.1, XP_010433864.1, XP_010439138.1
OG0002006	As003G061930	XP_010439129.1, XP_010448651.1, XP_010433854.1
OG0002006	As004G084140	XP_010422032.1, XP_010435688.1
OG0002007	As004G084150	XP_010435702.1, XP_010455494.1, XP_010422031.1
OG0002007	As003G061950	XP_010439127.1, XP_010448648.1, XP_010433852.1
OG0002008	As004G083850	XP_010436895.1, XP_010421972.1, XP_010455453.1, XP_010421969.1, XP_010436896.1
OG0002008	As003G062340	XP_010478703.1, XP_019091271.1
OG0002009	As003G065730	XP_010500266.1, XP_010461540.1, XP_010479147.1, XP_010479146.1, XP_010461539.1, XP_010500265.1, XP_010479142.1, XP_010479144.1, XP_010479145.1, XP_010479143.1, XP_010461538.1, XP_010479148.1, XP_010500267.1, XP_010461541.1
OG0002010	As003G069440	XP_019094907.1
OG0002011	As003G069960	XP_010460713.1, XP_010499451.1, XP_010478295.1, XP_010413765.1, XP_019093210.1, XP_010509777.1
OG0002012	As011G264500	XP_010489382.1, XP_010467525.1, XP_010514864.1
OG0002012	As003G071790	XP_010446918.1, XP_010437462.1, XP_010432275.1
OG0002013	As011G264560	XP_010514789.1, XP_010467538.1, XP_010489391.1
OG0002013	As003G071910	XP_010437448.1, XP_010446902.1, XP_010432255.1
OG0002014	As003G072220	XP_010446852.1, XP_010432209.1, XP_010437400.1, XP_010489410.1, XP_010467573.1, XP_010413502.1
OG0002015	As003G073000	XP_010467689.1, XP_010446743.1, XP_010432135.1, XP_010437303.1
OG0002016	As007G179840	XP_010472288.1, XP_010429224.1, XP_010417049.1
OG0002016	As003G073990	XP_010446636.1, XP_010432039.1, XP_010437192.1
OG0002017	As003G074630	XP_019101800.1
OG0002017	As007G180300	XP_010472231.1, XP_010417001.1, XP_010429164.1
OG0002018	As007G180950	XP_010429059.1, XP_019083715.1, XP_019093909.1
OG0002018	As003G075740	XP_010437013.1, XP_010431866.1, XP_010446439.1
OG0002019	As004G079010, As004G079040	XP_010509584.1, XP_010505083.1, XP_010516760.1
OG0002020	As004G084030	XP_019084192.1, XP_010496366.1, XP_010453703.1, XP_010492848.1
OG0002021	As004G084130	XP_010439113.1, XP_010448638.1, XP_010433840.1, XP_010455490.1, XP_010422027.1, XP_010436619.1
OG0002022	As004G088650	XP_010476913.1, XP_010498127.1, XP_010497726.1, XP_010459353.1, XP_010481488.1, XP_010441617.1, XP_010494783.1
OG0002023	As011G254830	XP_010466583.1, XP_010488323.1, XP_010511855.1
OG0002023	As004G095790	XP_010450015.1, XP_010435091.1
OG0002024	As004G096090	XP_010496132.1, XP_010440363.1, XP_010435003.1
OG0002024	As011G254270	XP_019083034.1, XP_010488248.1, XP_010466506.1
OG0002026	As005G102350	XP_010506415.1, XP_010508250.1, XP_010518085.1
OG0002026	As012G286200	XP_010513744.1, XP_010469203.2, XP_010413576.2
OG0002027	As012G283860	XP_010427601.1, XP_010504659.1, XP_010516345.1
OG0002027	As005G105970	XP_010508700.1, XP_010517649.1, XP_010505940.1
OG0002028	As006G129780, As005G114290	XP_010514872.1, XP_010425962.1
OG0002029	As008G198670	XP_010480374.1, XP_010474732.1, XP_010457135.1
OG0002029	As006G122080	XP_010422757.1, XP_010427934.1, XP_010456196.1
OG0002030	As006G123400	XP_010456011.1, XP_010422571.1, XP_010429869.1
OG0002030	As008G197470	XP_010481495.2, XP_010457313.2, XP_010474907.1
OG0002031	As008G195950, As006G125520	XP_010413900.1, XP_010469502.1, XP_010509915.1, XP_010484001.1, XP_010457519.1, XP_010457518.1, XP_010475126.1, XP_010497689.2
OG0002032	As006G125680	XP_010414019.1, XP_010510059.1, XP_010469621.1
OG0002032	As008G194980	XP_010484879.1, XP_010457615.1, XP_010475216.1
OG0002033	As008G193380	XP_019098867.1, XP_010475420.1, XP_010457825.1
OG0002033	As006G127930	XP_010414238.1, XP_010510325.1
OG0002034	As006G129090	XP_010487541.1, XP_010475511.1, XP_010469994.1, XP_010414442.1, XP_010510537.1
OG0002035	As006G134600	XP_010449362.1, XP_010443151.1, XP_010482964.1
OG0002036	As009G201600	XP_010453729.1, XP_010492430.1, XP_010420258.1
OG0002036	As006G135320	XP_010485467.1, XP_010463634.1
OG0002037	As009G201610	XP_010420259.1, XP_010492431.1, XP_010453730.1
OG0002037	As006G135340	XP_010485476.1, XP_010463639.1, XP_010474409.1
OG0002038	As011G248890	XP_010465687.1, XP_010504500.1, XP_010487528.1
OG0002038	As006G138750	XP_010428569.1, XP_010486007.1, XP_019092551.1
OG0002039	As012G282060	XP_010427342.1, XP_010504418.1, XP_010516140.1
OG0002039	As006G143240	XP_010508969.1, XP_010505666.1, XP_010517342.1
OG0002040	As006G145140	XP_010516883.1, XP_010505203.1, XP_010509456.1
OG0002040	As012G276560	XP_010504054.1, XP_010515779.1, XP_010426930.1
OG0002041	As006G145740	XP_010509388.1, XP_010516959.1
OG0002041	As012G277090	XP_010504099.1, XP_010515826.1, XP_010426978.1
OG0002042	As006G148500	XP_010517132.1, XP_010505460.1, XP_010509181.1, XP_010505461.1, XP_010509180.1, XP_010517131.1
OG0002043	As007G151940	XP_019099437.1, XP_010461733.1, XP_010479315.1
OG0002044	As007G152130	XP_010476640.1, XP_010497204.1
OG0002044	As010G243920	XP_010417726.1, XP_010429982.1, XP_010472951.1
OG0002045	As007G152270	XP_010459110.1, XP_010497372.1, XP_010476667.1
OG0002045	As010G243670	XP_010474514.1
OG0002046	As007G152480	XP_010459136.1, XP_010497574.1, XP_010476702.1
OG0002046	As010G243220	XP_010429885.1, XP_010474504.2, XP_010417651.1
OG0002047	As007G152970	XP_010476761.1, XP_010459191.1, XP_010497920.1
OG0002047	As010G242530	XP_010472753.1, XP_010429786.1, XP_010417536.1
OG0002048	As007G153870	XP_010476895.1, XP_010459337.1, XP_010498097.1
OG0002048	As010G241130, As010G241120	XP_010471290.1, XP_010416016.1, XP_010428151.1
OG0002049	As010G240580	XP_010416097.1, XP_010471363.1, XP_010428218.1
OG0002049	As007G154260	XP_010476940.1, XP_010498150.1, XP_010459381.1
OG0002050	As007G156920	XP_010498531.1, XP_010459779.1, XP_010477345.1
OG0002050	As010G237010	XP_010474365.1, XP_019083401.1
OG0002051	As007G157010	XP_019094878.1, XP_010498549.1, XP_010459790.1, XP_019100572.1
OG0002052	As007G157110	XP_010477368.1, XP_010459811.1, XP_010498561.1
OG0002052	As010G236740	XP_010471827.1, XP_010416594.1, XP_010428734.1
OG0002053	As007G157350	XP_010498599.1, XP_010477405.1
OG0002053	As010G236420	XP_010471866.1, XP_010431541.1, XP_010416626.1
OG0002054	As007G159150	XP_010477579.1, XP_010460073.1, XP_010498790.1
OG0002054	As010G234050	XP_010471118.1, XP_010427931.1, XP_010415808.1
OG0002055	As007G159360	XP_010477612.1, XP_010460111.1, XP_010498829.1
OG0002055	As010G233640	XP_010427855.1, XP_010471073.1
OG0002056	As007G166910	XP_010423760.1, XP_010417324.1, XP_010472558.1
OG0002057	As007G167240	XP_010417288.1, XP_010472525.1, XP_010429516.1
OG0002059	As008G195200	XP_010484755.1, XP_019090757.1, XP_010475191.1
OG0002060	As010G233260	XP_010471026.1, XP_010427801.1, XP_010415707.1
OG0002060	As009G200610	XP_019083814.1, XP_010453618.1, XP_010492307.1
OG0002061	As009G216670	XP_010412653.1, XP_010480293.1
OG0002062	As009G217750	XP_010483771.1, XP_019088564.1, XP_010456940.1, XP_010443924.1, XP_010483770.1, XP_019093245.1, XP_019086943.1, XP_010443925.2
OG0002063	As009G220000	XP_010423258.1, XP_010452654.1, XP_010491305.1, XP_010483437.1, XP_010443564.1
OG0002064	As010G220250	XP_010503835.1, XP_010426697.1, XP_010426698.1, XP_010503836.1
OG0002065	As010G234940, As010G234930	XP_010415938.1, XP_010428073.1, XP_010428063.1, XP_010428065.1, XP_010471231.1, XP_010428071.1, XP_010427904.1, XP_010474267.1, XP_010415937.1
OG0002066	As010G236630	XP_010431538.1, XP_019083407.1, XP_019093786.1
OG0002067	As010G237600	XP_010428638.1, XP_010471734.1, XP_010471737.1, XP_010471731.1, XP_010416497.1
OG0002068	As010G242610	XP_010474500.1, XP_019085662.1, XP_010472818.1, XP_010429854.1, XP_010472817.1
OG0002069	As010G242720	XP_010472789.1, XP_010417598.1, XP_010429817.1
OG0002069	As010G242710	XP_010417596.1, XP_010472787.1, XP_010429814.1
OG0002070	As010G242940	XP_010494704.1, XP_010417619.2, XP_010476736.1, XP_010459168.1, XP_010429843.1, XP_010417618.1, XP_010472812.1
OG0002071	As011G245310	XP_010465175.1, XP_010500458.1, XP_010487095.1
OG0002071	As012G268370	XP_010462407.1, XP_010501168.1, XP_010480092.1
OG0002072	As012G268720	XP_010462377.1, XP_010480060.1, XP_010501143.1
OG0002072	As011G245540	XP_010465201.1, XP_010500739.1, XP_010487118.1
OG0002073	As012G269780	XP_019098779.1, XP_010500982.1, XP_010462224.1, XP_010479892.1
OG0002073	As011G247000	XP_010465405.1, XP_010487299.1, XP_010502231.1
OG0002074	As012G274260	XP_019089137.1, XP_010445354.1
OG0002074	As011G249220	XP_010516858.1, XP_010489198.1
OG0002075	As011G266590	XP_010467951.1, XP_010416514.1
OG0002075	As011G266600, As011G266610	XP_010489116.1, XP_010416525.1, XP_019092398.1, XP_010467952.1
OG0002076	As012G267730	XP_010501260.1, XP_010462485.1, XP_010480182.1
OG0002077	As012G271430	XP_010461994.1, XP_010479648.1, XP_010500738.1, XP_010488103.1, XP_010466341.1, XP_019082804.1
OG0002078	As012G282170	XP_010427361.1, XP_010516158.1, XP_010504434.1, XP_010427360.1, XP_010516156.1, XP_019100352.1, XP_010504432.1, XP_010516155.1, XP_010427359.1
OG0002079	As012G289110	XP_010437185.1, XP_010446623.1, XP_010448303.1
OG0002091	As007G165330	XP_010445653.1
OG0002092	As001G011000	XP_010450359.1, XP_010434319.1, XP_010435514.1, XP_010437176.1, XP_010420847.1, XP_010428268.1, XP_010426354.1, XP_010413972.1, XP_010454176.1, XP_010442371.1, XP_010447871.1, XP_010441304.1, XP_010448668.1, XP_010451892.1, XP_010447713.1, XP_010467222.1, XP_010480159.1, XP_010455524.1, XP_010494126.1, XP_010507569.1, XP_010511904.1, XP_019087045.1, XP_010493748.1, XP_010493848.1, XP_010453036.1, XP_010488149.1, XP_010495473.1, XP_010420772.1
OG0002093	As011G262560	XP_010467279.1, XP_010488936.1, XP_010517959.1
OG0002093	As001G012790	XP_010447110.1, XP_010432438.1, XP_010437642.1
OG0002094	As001G014220	XP_010437605.1, XP_010436266.2, XP_010437604.1, XP_010437603.1, XP_010432404.1, XP_010447066.1
OG0002094	As011G263260, As011G263270, As011G263250	XP_010516847.1, XP_019091991.1, XP_010489202.1
OG0002095	As011G264280	XP_019083776.1, XP_010467484.1, XP_019096951.1
OG0002095	As001G015590	XP_010446945.1, XP_010437494.1, XP_010432301.1
OG0002096	As001G019160	XP_010511303.1, XP_010480275.1, XP_010415009.2
OG0002096	As008G188390	XP_010489936.1, XP_010458217.1, XP_010475767.1
OG0002097	As001G020040	XP_010470231.1, XP_010414713.1, XP_010511051.1
OG0002097	As008G187890	XP_010475876.1, XP_010490760.1, XP_010458350.1
OG0002098	As001G021050, As001G020990	XP_010473265.1, XP_010418028.1, XP_010430071.1, XP_010450451.1, XP_010440796.1, XP_010435511.1, XP_010440795.1
OG0002099	As008G186590	XP_010475985.1, XP_010492201.1, XP_010458477.1
OG0002099	As001G021230	XP_010418042.1, XP_010430085.1, XP_010473295.1
OG0002100	As008G183510	XP_010495638.1, XP_010458851.1, XP_010476416.1
OG0002100	As001G024090	XP_010425137.1, XP_010502358.1
OG0002101	As004G097680	XP_010450615.1, XP_010436020.1, XP_010441239.1
OG0002101	As001G026130	XP_010514417.1, XP_010502688.1, XP_010425467.1
OG0002102	As008G193520	XP_019082396.1, XP_010506391.1, XP_010508274.1, XP_010486327.1, XP_019092080.1, XP_019098803.1
OG0002103	As001G030420	XP_010473721.1, XP_010430591.1, XP_010436160.1, XP_010446984.1, XP_010447007.1
OG0002104	As001G031080	XP_010418418.1, XP_010430492.1, XP_010473629.1
OG0002104	As004G097980	XP_010436860.1, XP_010445723.1, XP_010447458.1
OG0002105	As008G184590	XP_010458701.1, XP_010476250.1, XP_010494511.1
OG0002105	As001G031610	XP_010430388.1, XP_010473536.1, XP_019083666.1
OG0002106	As001G032220	XP_010418218.1, XP_010430277.1, XP_010473449.1
OG0002106	As008G185350	XP_019089146.1, XP_010476146.1, XP_010458617.1
OG0002107	As012G283100	XP_019100370.1, XP_019084904.1
OG0002107	As002G033430	XP_010508785.1, XP_010517576.1, XP_010505855.1
OG0002108	As005G106800	XP_010490586.1, XP_010452004.1, XP_010423931.2
OG0002108	As002G033880	XP_010464524.1, XP_010486450.1, XP_010467544.1
OG0002109	As002G034790	XP_019084399.1, XP_010490787.1, XP_010452189.1, XP_010464633.1, XP_010486550.1, XP_010476657.1
OG0002110	As002G034840	XP_010464637.1, XP_010486556.1, XP_010476987.1, XP_010452203.1, XP_010490800.1
OG0002111	As002G035520	XP_010482250.1
OG0002111	As005G109170	XP_010490920.1, XP_010423621.1, XP_010452312.1
OG0002112	As009G214170	XP_010423511.1, XP_010452398.1, XP_010491028.1
OG0002112	As002G036200	XP_019092752.1, XP_010489755.1, XP_010493501.1
OG0002113	As010G226410, As002G055080, As009G211550, As002G036950	XP_010451454.1, XP_010412981.1, XP_010440162.1, XP_010487931.2, XP_010431328.1, XP_010412491.1
OG0002114	As002G045310	XP_010442920.1, XP_010482754.1, XP_010445889.1
OG0002115	As006G134480	XP_010433431.1, XP_010438688.1, XP_010448203.1
OG0002115	As002G046920	XP_010449106.1, XP_010443119.1, XP_010482932.1
OG0002116	As002G047280	XP_010449724.1, XP_010482998.1, XP_010443182.1
OG0002116	As006G134680	XP_010438715.1, XP_010448230.1, XP_010433455.1
OG0002117	As002G050550	XP_010419876.1, XP_010453367.1, XP_010492055.1, XP_010499189.1, XP_010462922.1, XP_010478041.1
OG0002118	As009G214970	XP_010454927.1, XP_010493842.1
OG0002118	As002G051600	XP_010491906.1, XP_010419745.1, XP_010453214.1
OG0002119	As002G052490, As009G215680	XP_010422814.1, XP_010453110.1, XP_010491752.1, XP_010493741.1, XP_010421345.1, XP_010454823.1
OG0002120	As009G217000	XP_010454648.1, XP_010421164.1, XP_010493480.1
OG0002120	As002G054310	XP_010491489.1
OG0002121	As009G218370	XP_010483867.1, XP_010457733.1, XP_010444008.1
OG0002121	As002G055430	XP_010423224.1, XP_010452689.1, XP_010491336.1
OG0002122	As004G091050	XP_010481330.1, XP_010494975.1, XP_010441467.1
OG0002122	As003G055700	XP_010449628.1, XP_010440017.1, XP_010434680.1
OG0002123	As004G088050	XP_010494667.1, XP_010441699.1, XP_010481558.1
OG0002123	As003G057490	XP_010449418.1, XP_010434467.1, XP_010439772.1
OG0002124	As004G087910	XP_010481593.1, XP_010441733.1, XP_010494641.1
OG0002124	As003G057570	XP_010439755.1, XP_010449392.1, XP_010434447.1
OG0002125	As003G058390	XP_010439609.1, XP_010434312.1, XP_010449215.1
OG0002125	As004G087050	XP_010494514.1, XP_010481723.1, XP_010441841.1
OG0002126	As004G086210	XP_010422414.1, XP_010431656.1, XP_010455854.1
OG0002126	As003G059150	XP_010449093.1, XP_010434201.1, XP_010439496.1
OG0002127	As004G084210	XP_010455507.1, XP_010422046.1, XP_010435578.1
OG0002127	As003G061890	XP_010433859.1, XP_010439134.1, XP_010448654.1
OG0002128	As004G083870	XP_010455455.1, XP_010436881.1, XP_010421975.1
OG0002128	As003G062310	XP_010461093.1, XP_010478699.1
OG0002129	As004G083170	XP_010437905.1, XP_010421895.1, XP_010455379.1
OG0002129	As003G063110	XP_010499939.1, XP_010461218.1, XP_010478814.1
OG0002130	As003G063540	XP_010473882.1, XP_010418683.1, XP_010513116.1, XP_010513123.1, XP_010513117.1, XP_010473886.1, XP_019100798.1, XP_010418686.1
OG0002131	As003G070530, As007G154020, As007G153030, As008G197820	XP_010424664.1, XP_010456072.1, XP_010429262.1, XP_010501290.1, XP_019094934.1, XP_019094936.1, XP_010474848.1
OG0002132	As003G071840	XP_010432260.1, XP_010446908.1, XP_019087280.1
OG0002132	As011G264530	XP_010467531.1, XP_010514804.1, XP_010489389.1
OG0002133	As003G071900	XP_010432256.1, XP_010446906.1, XP_010437438.1, XP_010446891.1, XP_019092548.1, XP_019098667.1, XP_010496732.1, XP_010432242.1
OG0002134	As003G072310	XP_019086934.1, XP_019089544.1, XP_019086984.1
OG0002135	As003G073010	XP_010437301.1, XP_010432134.2, XP_010446741.1
OG0002136	As003G076020	XP_010446401.1, XP_010436982.1, XP_010431836.1
OG0002137	As004G078390	XP_010441068.1, XP_010450800.1, XP_010435884.1, XP_010435881.1, XP_010441069.1, XP_010450799.1
OG0002138	As004G081040	XP_010504888.1, XP_010509767.1, XP_010516580.1
OG0002138	As004G081050	XP_010504887.1, XP_010516579.1, XP_010509768.1
OG0002139	As004G082130	XP_010442091.1, XP_010481919.1, XP_010494264.1
OG0002140	As004G083590	XP_019090384.1, XP_010437331.1, XP_019091269.1, XP_019094734.1, XP_019099355.1
OG0002141	As004G094840	XP_010450158.1, XP_019086906.1, XP_010495835.1
OG0002141	As011G255830	XP_010488465.1, XP_010466748.1
OG0002142	As012G288880	XP_010468894.1, XP_010413207.1, XP_010512702.1
OG0002142	As005G098660	XP_010448851.1, XP_010434002.1, XP_010439294.1
OG0002143	As012G288840	XP_010413211.1, XP_010512697.1, XP_010468899.1
OG0002143	As005G098750	XP_010518517.1, XP_010506844.1, XP_010438534.1, XP_010507828.1
OG0002144	As005G104820	XP_010508559.1, XP_010517779.1, XP_010506082.1, XP_010506083.1, XP_010517780.1, XP_010508558.1
OG0002145	As005G105110	XP_010508620.1, XP_010517714.1, XP_010506011.1, XP_010507503.1, XP_010504739.1, XP_010516441.1, XP_010427698.1
OG0002146	As010G226030	XP_010412535.1, XP_010425889.1, XP_010503119.1
OG0002146	As005G113570	XP_010493354.1, XP_010421056.1, XP_010454528.1
OG0002147	As005G114740	XP_010483635.1, XP_010455652.1, XP_010443771.1
OG0002149	As010G222900	XP_010426293.1
OG0002149	As005G116000	XP_019093778.1, XP_010444187.1, XP_010484034.1
OG0002150	As005G119390	XP_010515375.1, XP_010503677.1, XP_010426552.1
OG0002151	As005G119890	XP_010444735.1, XP_010464904.1
OG0002151	As011G265280	XP_010467662.1, XP_010489548.1, XP_010414323.1
OG0002152	As006G121340	XP_010456257.1, XP_010419617.1, XP_019088650.1
OG0002152	As008G199170	XP_010474803.1, XP_010479747.1, XP_010457078.1
OG0002153	As008G199090	XP_010474789.1, XP_010479876.1, XP_019091324.1
OG0002153	As006G121420, As006G121450, As006G121430, As006G121440	XP_010419593.1, XP_010427111.1, XP_010456274.1
OG0002154	As006G124450	XP_010481776.1, XP_010441950.1, XP_010494411.1
OG0002154	As008G197060	XP_010482711.1, XP_010475022.1, XP_010457410.1
OG0002155	As006G124840	XP_010494354.1, XP_010481829.1
OG0002155	As008G196370	XP_010457458.1
OG0002156	As006G125510	XP_010413901.1, XP_010469503.1, XP_010509916.1
OG0002156	As011G256260	XP_010513304.1, XP_010488513.1, XP_010466805.1
OG0002157	As006G126130	XP_010510869.1, XP_010417818.1, XP_010469602.1, XP_010414006.1, XP_010510028.1
OG0002157	As008G195150	XP_010475204.1, XP_010457604.1, XP_010484823.1
OG0002158	As006G134420	XP_010448100.1, XP_010433341.1, XP_010438583.1, XP_010456077.1, XP_010448103.1, XP_010433334.1, XP_010438580.1
OG0002159	As006G135630	XP_010499762.1, XP_010485582.1, XP_010463682.1
OG0002159	As009G202140	XP_010420310.1, XP_010453781.1, XP_010492508.1
OG0002162	As011G255490	XP_010488438.1, XP_010512640.1, XP_010466710.1
OG0002162	As006G139680	XP_010464177.1, XP_010486099.1, XP_010436017.1
OG0002164	As006G140400	XP_010482201.1, XP_010442385.1, XP_010445977.2, XP_010440371.1
OG0002165	As006G141860	XP_010492107.1, XP_010453428.1, XP_010419930.1, XP_010464465.1, XP_010489717.1, XP_010486395.1, XP_010462544.1
OG0002166	As012G282620	XP_010504496.1, XP_010516213.1, XP_010427419.1
OG0002166	As006G142540	XP_010508872.1, XP_010505766.1, XP_010517458.1
OG0002167	As006G143510	XP_010517307.1, XP_010509003.1
OG0002168	As006G144410	XP_010516793.1, XP_010509549.1, XP_010505110.1
OG0002168	As012G275860	XP_010515698.1, XP_010503981.1, XP_010426853.1
OG0002169	As006G147220	XP_010509150.1, XP_010505503.1, XP_010517167.1
OG0002170	As007G152430	XP_010497540.1, XP_010459132.1
OG0002170	As010G243340	XP_010429896.1, XP_010472867.1
OG0002171	As007G152690	XP_010476726.1, XP_010459157.1, XP_010497716.1
OG0002171	As010G243080	XP_010429866.1, XP_010417634.1, XP_010472832.1
OG0002172	As007G152710	XP_010459160.1, XP_010476727.1
OG0002172	As010G243060	XP_010429862.1, XP_010472827.1, XP_010417633.1
OG0002174	As007G155630	XP_010459587.1, XP_010498338.1, XP_010477131.1
OG0002175	As007G157000	XP_010416575.1, XP_010428720.1, XP_010471809.1, XP_010498548.1, XP_010459789.1
OG0002176	As007G158590	XP_010460013.1, XP_010498727.1, XP_010480599.1
OG0002177	As007G159160	XP_010460075.1, XP_010477581.1, XP_010498791.1
OG0002177	As010G233980	XP_010471111.1, XP_010415801.1, XP_010427920.1
OG0002178	As010G233400	XP_010415735.1, XP_010427829.1, XP_010471046.1
OG0002178	As007G159520	XP_010498846.1, XP_010460124.1
OG0002179	As010G228080	XP_010415341.1
OG0002179	As007G161940	XP_010499181.1, XP_010460462.1, XP_010478023.1
OG0002181	As007G180290	XP_010460626.1, XP_010447091.1, XP_010432421.1, XP_010478207.1, XP_019097846.1
OG0002182	As009G217880	XP_010443939.1, XP_010457081.1, XP_010483790.1
OG0002182	As008G183490	XP_019090888.1, XP_010495663.1, XP_010476421.1
OG0002183	As008G184110	XP_010458794.1, XP_010476341.1, XP_010502488.1, XP_010514227.1
OG0002184	As008G185390	XP_010460825.1, XP_010499566.1, XP_010478421.1, XP_010458609.1, XP_010476138.1, XP_010493521.1
OG0002185	As008G185450	XP_010418210.1, XP_010430270.1
OG0002186	As008G186630	XP_019085268.1, XP_010418038.1, XP_019093052.1, XP_010492141.2, XP_010458470.1, XP_010480423.1
OG0002187	As008G187990, As008G187980	XP_010458280.1, XP_010490315.1, XP_010475825.1, XP_010464466.1, XP_010486397.1, XP_010486396.1, XP_010462633.1
OG0002189	As009G212710	XP_010495295.1, XP_010486790.1, XP_019092079.1, XP_010452511.1, XP_010423396.1, XP_019097296.1
OG0002190	As009G214050	XP_010494177.1, XP_010486677.1, XP_010464741.1, XP_010452386.1, XP_010423528.1, XP_010491011.1
OG0002191	As009G214800, As009G214810, As009G214820, As009G214830	XP_019082474.1, XP_010488073.1, XP_010466295.1, XP_010421477.1, XP_010454956.1, XP_010493864.1
OG0002192	As010G226340, As010G226370	XP_010503075.1, XP_019102241.1, XP_010514760.2, XP_010425837.1, XP_010493282.1, XP_019084226.1, XP_010421006.1, XP_010454479.1, XP_010493276.1
OG0002193	As010G227440	XP_010420827.1, XP_010493091.1, XP_010454292.1, XP_010420826.1, XP_010493090.1, XP_010454291.1
OG0002194	As012G267860	XP_010501235.1, XP_010480162.1, XP_010462471.1
OG0002194	As011G244820	XP_010465083.1, XP_010487034.1, XP_010499716.1
OG0002195	As011G245320	XP_010487098.1, XP_010500491.1, XP_010465177.1
OG0002195	As012G268390, As012G268380	XP_010501167.1, XP_010462406.1, XP_010480093.1
OG0002196	As012G274610	XP_010440230.1, XP_010434905.1, XP_010449875.1
OG0002196	As011G248930	XP_010465691.1, XP_010487534.1, XP_010504559.1
OG0002197	As011G249530	XP_010487624.1, XP_010465792.1
OG0002197	As012G273930	XP_010479243.1, XP_010461636.1
OG0002198	As011G250040	XP_010506234.1, XP_010487709.1, XP_010465872.1
OG0002198	As012G273610	XP_010461685.1, XP_010461683.1, XP_010461752.1
OG0002199	As011G250200	XP_010465898.1, XP_010506481.1, XP_010487727.1
OG0002199	As012G273540	XP_010479289.1, XP_010461693.1, XP_010500402.1
OG0002200	As011G263110, As011G263100, As011G263120, As011G263140	XP_010472942.1, XP_010472919.1, XP_010495901.1, XP_010484928.1, XP_010435020.1, XP_010468639.1, XP_010516958.1, XP_010442448.1, XP_010445995.1, XP_019088155.1, XP_010497436.1
OG0002201	As011G263850	XP_010423255.1, XP_010490362.1, XP_010467444.1, XP_019092509.1, XP_019098818.1, XP_019096705.1, XP_019098426.1
OG0002202	As011G264220	XP_010515455.1, XP_010489337.1, XP_010467472.1, XP_019083789.1, XP_010467474.1, XP_010489340.1
OG0002203	As011G265590	XP_010489597.1, XP_010467710.1, XP_010414670.1
OG0002204	As011G265910	XP_019092391.1, XP_010467871.2, XP_010415147.1, XP_010489470.1
OG0002205	As012G272390	XP_010478438.1, XP_010461859.1, XP_010500563.1
OG0002206	As012G272700	XP_010461814.1, XP_010500515.1, XP_010479440.1, XP_010487861.1, XP_010466061.1
OG0002207	As012G274600	XP_010449873.1, XP_010440227.1, XP_010434903.1
OG0002207	As012G274590	XP_010449872.1, XP_010434902.1
OG0002208	As012G283550, As012G283560, As012G283510	XP_010516305.1
OG0002209	As012G287010	XP_010508170.1, XP_010506486.1, XP_010512420.1, XP_010413505.1, XP_010469136.1
OG0002219	As011G266500, As001G001030	XP_010438329.1, XP_010438328.1, XP_010438330.1, XP_010447881.1, XP_010433125.1
OG0002220	As001G001360	XP_010447845.1, XP_010438290.1, XP_010433089.1
OG0002220	As011G266370	XP_010416788.1, XP_010495935.1, XP_010489141.1
OG0002221	As001G001410	XP_019087929.1, XP_010433078.1
OG0002221	As011G266270	XP_010467908.1, XP_010489158.1, XP_010416919.1
OG0002222	As001G003170	XP_010437908.1, XP_010432714.1, XP_010447382.1
OG0002223	As001G003220	XP_019089460.1, XP_010445040.1, XP_019086676.1, XP_010423069.1, XP_019090587.1
OG0002224	As007G177890	XP_010472468.1, XP_010417215.1, XP_010429442.1
OG0002224	As001G003870	XP_010438021.1, XP_010432845.1, XP_010447518.1
OG0002225	As001G004480, As007G167250	XP_010447450.1, XP_010432782.1, XP_010437964.1, XP_010472524.1, XP_010417287.1, XP_010429515.1
OG0002226	As001G013710	XP_010432474.1, XP_019088717.1, XP_010447158.1
OG0002226	As011G262760	XP_019092351.1, XP_010468619.1, XP_010488963.2, XP_010517398.1
OG0002227	As011G264310	XP_010489358.1, XP_010515309.1, XP_010467492.1
OG0002228	As004G079560	XP_010509621.1, XP_010516717.1, XP_010505044.1
OG0002228	As001G016920	XP_010499787.1, XP_010478662.1, XP_010461063.1
OG0002229	As001G022380	XP_010502089.1, XP_010513839.1, XP_010424861.1
OG0002230	As008G182770	XP_010496367.1, XP_010476529.1, XP_010458976.1
OG0002230	As001G023120	XP_010513951.1, XP_010424990.1, XP_010502204.1
OG0002231	As001G024520	XP_010425194.1, XP_010502423.1, XP_010514167.1
OG0002231	As008G183860	XP_010458806.1, XP_010476360.1, XP_010495391.1
OG0002232	As001G025040	XP_010514231.1, XP_010502490.1, XP_010425263.1
OG0002232	As008G184120	XP_010458797.1, XP_010476343.1, XP_010495328.1
OG0002233	As001G027220	XP_010514580.1, XP_010502940.1, XP_010425652.1, XP_010514582.1, XP_010425651.1, XP_010502939.1
OG0002234	As004G078540	XP_010441087.1, XP_010450775.1
OG0002234	As001G027460	XP_010502894.1, XP_010514609.1, XP_010425683.1
OG0002236	As004G077180	XP_010435579.1, XP_010450500.1, XP_010440856.1
OG0002237	As004G077070	XP_010440807.1, XP_010435523.1, XP_010450459.1
OG0002237	As001G029300	XP_010415112.1, XP_010511116.1
OG0002238	As001G030680	XP_010418487.1, XP_010473689.1, XP_010430555.1, XP_010441344.1, XP_019087719.1
OG0002239	As001G032110	XP_010418235.1, XP_010430295.1, XP_010473459.1
OG0002240	As002G048910	XP_010451872.1, XP_010443398.1, XP_010483224.1
OG0002240	As002G032600	XP_010448345.1, XP_010433571.1, XP_010438819.1
OG0002241	As005G106870	XP_019089952.1, XP_019089954.1, XP_010490594.1, XP_010423923.1
OG0002241	As002G033920	XP_010486458.1, XP_010468440.1, XP_010464535.1
OG0002242	As002G035430	XP_010486617.1, XP_010481335.1, XP_010464686.1, XP_010452296.1, XP_010423637.1, XP_010490902.1
OG0002243	As002G035850	XP_010430013.1, XP_010472990.1
OG0002244	As002G037570	XP_010459540.1, XP_010484013.1, XP_010464894.1, XP_010498067.1, XP_010486842.1, XP_010510538.1, XP_010466430.1, XP_010488193.1
OG0002245	As007G164410	XP_010448471.1, XP_010433681.1, XP_010438922.1
OG0002245	As002G043270	XP_010482458.1, XP_010442941.1, XP_019087228.1
OG0002246	As002G043800	XP_010444025.1, XP_019087845.1, XP_010482531.1
OG0002246	As002G043790	XP_010443997.1, XP_019095811.1, XP_010442692.1
OG0002247	As002G043870	XP_010442709.1, XP_010482544.1, XP_010444176.1
OG0002248	As002G046280	XP_019091885.1, XP_010485124.1, XP_010443025.1
OG0002248	As006G132480	XP_010438643.1
OG0002249	As002G046860	XP_010449000.1, XP_010482928.1, XP_010443109.1
OG0002249	As006G134430	XP_010448196.1, XP_010433426.1, XP_010438681.1
OG0002250	As006G134310	XP_010438730.1, XP_010433474.1, XP_010448244.1
OG0002251	As002G048040	XP_010443278.1, XP_010450894.1, XP_010483102.1
OG0002251	As006G134130	XP_010433509.1, XP_010438757.1, XP_010448273.1
OG0002252	As003G068140, As003G068150, As002G049250	XP_010443447.1, XP_010483282.1, XP_010452498.1, XP_010448367.1, XP_010438831.1, XP_010433589.1
OG0002253	As002G050570, As007G162200	XP_010460477.1, XP_010499190.1
OG0002254	As002G050950	XP_010420744.1, XP_010454215.1, XP_010493004.1, XP_010453296.1, XP_010491989.1, XP_010419820.1
OG0002255	As005G109480	XP_010493873.1, XP_010424341.1
OG0002255	As002G051240	XP_010419784.1, XP_010453263.1, XP_010491956.1
OG0002256	As004G088090	XP_010494677.1, XP_010481549.1, XP_010441691.1
OG0002256	As003G057450	XP_010449427.1, XP_010439779.1
OG0002257	As003G060360	XP_010434061.1, XP_010439345.1
OG0002257	As003G060350	XP_010448906.1, XP_010439346.1, XP_010434062.1
OG0002258	As003G071400	XP_010460891.1, XP_010478517.1, XP_010509692.1, XP_019099747.1
OG0002259	As003G072530	XP_010446809.1, XP_010432184.1, XP_010437360.1, XP_010432183.1, XP_010446808.1
OG0002260	As003G073150	XP_019089492.1, XP_010451208.1, XP_010436437.1, XP_019086254.1
OG0002261	As003G073200	XP_010432111.1, XP_010446720.1, XP_010437283.1, XP_010432108.1, XP_010437282.1
OG0002262	As003G073490	XP_010432074.1, XP_010437245.1, XP_010446682.1
OG0002262	As007G179650	XP_010429274.1, XP_010472329.1, XP_010417080.1
OG0002263	As003G074930	XP_010431962.1, XP_010446537.1, XP_010437100.1
OG0002263	As007G180440	XP_010416976.1, XP_010472214.1, XP_010429137.1
OG0002264	As003G076150	XP_010428999.1, XP_010472081.1, XP_010416845.1, XP_010472084.1, XP_010436970.1, XP_010446385.1
OG0002265	As004G078230	XP_010435831.1, XP_010441048.1, XP_010450824.1, XP_010502964.1, XP_010514647.1, XP_010425738.1
OG0002266	As004G082310	XP_010481942.1, XP_010442116.1, XP_010494236.1
OG0002267	As004G094550	XP_010440555.1, XP_010450182.1, XP_010435238.1
OG0002267	As011G256140	XP_010466780.1, XP_010488495.1, XP_010513201.1
OG0002268	As011G255280	XP_019096712.1, XP_019092483.1, XP_019097587.1
OG0002268	As004G095460	XP_010440480.1, XP_019086496.1
OG0002269	As004G095670	XP_010435109.1, XP_010440447.1, XP_010450024.1
OG0002269	As011G254970	XP_010466600.1
OG0002270	As004G095780	XP_010466585.1, XP_010511867.1, XP_010488325.1
OG0002271	As011G254180	XP_010466486.1, XP_010490025.1, XP_010511050.1
OG0002271	As004G096150	XP_010440345.1, XP_010435012.1, XP_010440349.1
OG0002272	As004G096630, As011G253440	XP_010466391.1, XP_010510254.1
OG0002273	As012G287020	XP_019082898.1, XP_010512424.1, XP_010469133.1
OG0002273	As005G101670	XP_010518164.1, XP_010506494.1, XP_010508167.1
OG0002274	As005G102930	XP_010508312.1
OG0002274	As012G285990	XP_010512308.1, XP_010469236.1, XP_010413606.1
OG0002275	As005G103040	XP_010506328.1, XP_010508331.1, XP_010518005.1
OG0002276	As005G103070	XP_010518001.1, XP_010508333.1, XP_010506319.1
OG0002276	As012G285930	XP_010512286.1, XP_010469250.1, XP_010413618.1
OG0002277	As012G284270	XP_010504725.1, XP_010427676.1, XP_010516422.1
OG0002277	As005G105240	XP_010508602.1, XP_019101974.1, XP_010506038.1
OG0002278	As012G283950	XP_010504669.1, XP_010516356.1, XP_010427613.1
OG0002278	As005G105690	XP_010505982.1, XP_010508658.1
OG0002279	As005G106590	XP_019089935.1, XP_010490565.1, XP_010423954.1
OG0002279	As006G136200	XP_010507438.1
OG0002280	As010G225820	XP_010430976.1, XP_010514823.1, XP_010503143.1
OG0002280	As005G113800	XP_010456645.1, XP_010424238.2, XP_010493383.2
OG0002281	As010G225790	XP_010514824.1, XP_010503144.1, XP_010425925.1
OG0002281	As005G113820	XP_010454572.1, XP_010493401.1
OG0002282	As005G114390	XP_019088733.1, XP_019093100.1, XP_010477601.2
OG0002283	As005G118460	XP_010484373.1, XP_010463146.1, XP_010444534.1
OG0002284	As006G121770	XP_010480177.1, XP_010474755.1, XP_010457114.1, XP_010427500.1, XP_010422804.1, XP_010456237.1
OG0002285	As006G124180	XP_010422457.1
OG0002285	As008G196900	XP_019094360.1
OG0002286	As006G124410	XP_010494416.1, XP_010441925.1
OG0002287	As008G194720	XP_010475259.1, XP_010485082.1, XP_010457647.1
OG0002287	As006G126840	XP_010513144.1, XP_019093228.1
OG0002288	As006G127520	XP_010510233.1, XP_010469756.1, XP_010414175.1, XP_010475348.1, XP_010457747.1, XP_010485868.1
OG0002289	As008G192670, As006G143160, As006G129000	XP_019091363.1, XP_019098885.1, XP_019094752.1, XP_019094751.1, XP_010487504.1, XP_019091364.1
OG0002290	As006G130740	XP_010473113.1
OG0002291	As006G131820	XP_010432622.1, XP_010447296.1, XP_010437813.1, XP_010417401.1, XP_010429639.1, XP_010472645.1
OG0002292	As009G199850	XP_010492271.1, XP_010420107.1, XP_019090454.1
OG0002292	As006G133070	XP_010485405.1, XP_010435631.1, XP_010496296.1
OG0002293	As006G135020	XP_010463590.1, XP_010436016.1, XP_010485432.1
OG0002293	As009G201080	XP_010453683.1, XP_010420206.1, XP_010492385.1
OG0002294	As009G202150	XP_010453782.1, XP_010492509.1, XP_010420311.1
OG0002294	As006G135640	XP_010485583.1, XP_019099463.1, XP_010463683.1
OG0002295	As006G135770	XP_010492548.1, XP_010453804.1, XP_010420339.1, XP_010501311.1, XP_010485604.1, XP_010463702.1
OG0002296	As006G135950	XP_010485626.1, XP_010503577.1, XP_010463726.1
OG0002297	As009G202760	XP_019090398.1, XP_010492609.1, XP_010424131.1
OG0002297	As006G136000	XP_010485629.1, XP_010504293.1, XP_010463736.2
OG0002298	As006G136540	XP_010485690.1, XP_010463798.1, XP_010511244.1
OG0002299	As009G205760	XP_010497060.1, XP_010455069.1, XP_010493954.1, XP_010421559.1
OG0002299	As006G139080	XP_010431049.1, XP_019096212.1, XP_010464113.1
OG0002300	As009G208050	XP_010482207.1, XP_010442389.1
OG0002301	As006G140570	XP_010486222.1, XP_010446228.1, XP_010464285.1, XP_010442359.1, XP_010442362.1
OG0002302	As006G145700	XP_010509395.1, XP_010516952.1, XP_010505266.1
OG0002302	As012G276990	XP_010504089.1, XP_010515821.1, XP_010426971.1
OG0002303	As010G243690	XP_010472916.1, XP_010417699.1
OG0002303	As007G152260	XP_010476664.1, XP_010497362.1
OG0002304	As007G152800	XP_010476737.1, XP_010497767.1, XP_019091288.1
OG0002304	As010G242920	XP_019093440.1, XP_010417617.1, XP_010429841.1
OG0002305	As010G242620	XP_019082849.1, XP_010472776.1, XP_019085163.1
OG0002305	As007G152910	XP_010459184.1, XP_010497848.1, XP_010476755.1
OG0002306	As007G153120	XP_010459212.1, XP_010476781.1, XP_010497992.1
OG0002306	As010G242410	XP_010429773.1, XP_010472742.1
OG0002307	As007G155170	XP_010477071.1, XP_010498283.1, XP_010459514.1
OG0002307	As010G239080	XP_010428428.1, XP_010416300.1
OG0002308	As007G157100	XP_010498559.1, XP_010477366.1, XP_010459808.1
OG0002308	As010G236750	XP_010416591.1, XP_010428732.1
OG0002309	As007G157880	XP_010459907.1, XP_010477436.1
OG0002309	As010G235820	XP_010471958.1, XP_010428844.1, XP_010416714.1
OG0002310	As007G158020	XP_010459923.1, XP_010498657.1, XP_010480589.1
OG0002310	As010G235690	XP_010471971.1, XP_010416730.1, XP_019085046.1
OG0002311	As007G159800	XP_010477695.1, XP_010460168.1
OG0002311	As010G233250	XP_010415705.1, XP_010471022.1, XP_010427799.1
OG0002312	As010G233170	XP_010415694.1, XP_010471013.1, XP_010512095.1
OG0002313	As007G160900	XP_010499054.1, XP_010477869.1, XP_010460324.1
OG0002313	As010G232070	XP_010415539.1, XP_010511937.1, XP_010470885.1
OG0002314	As007G161970	XP_010499183.1, XP_010460466.1, XP_010478026.1
OG0002314	As010G228200	XP_010415338.1, XP_010470672.1, XP_010511708.1
OG0002315	As007G179120	XP_010447718.1, XP_010438181.1
OG0002317	As008G191700	XP_010488136.1, XP_010475570.1, XP_010458004.1
OG0002320	As009G203290, As008G198660	XP_010480383.1, XP_010474729.1, XP_010457136.1
OG0002321	As009G210450	XP_010486971.1, XP_010499116.1, XP_010419940.1, XP_010492115.1, XP_010453433.1
OG0002322	As009G213810	XP_019090503.1, XP_010497873.2
OG0002323	As010G226620	XP_010424232.1
OG0002324	As010G234070, As010G234060	XP_010427938.1, XP_010415814.1, XP_010471122.1, XP_010427944.1, XP_010415810.1
OG0002325	As011G245000	XP_010465122.1, XP_010500086.1
OG0002325	As012G267960	XP_010501214.1, XP_010502037.1, XP_010462452.1, XP_019094927.1
OG0002326	As011G245270	XP_010465171.1, XP_010487090.1, XP_019091348.1, XP_010500404.1
OG0002326	As012G268280	XP_010462414.1, XP_010501177.1, XP_010480102.2
OG0002327	As012G269490	XP_010462277.1, XP_010501029.1, XP_010462276.1, XP_010479947.1
OG0002327	As011G246480	XP_010465329.1, XP_010487236.1, XP_010501870.1
OG0002328	As011G247870	XP_010503334.1, XP_010487401.1, XP_010465548.1
OG0002328	As012G270520	XP_010500876.1, XP_010462112.1, XP_010479781.1
OG0002329	As011G250400	XP_019102516.1, XP_019092122.1, XP_010487746.1
OG0002329	As012G273150	XP_010461706.1, XP_010479307.1, XP_010500419.1
OG0002330	As012G273200	XP_010506890.1, XP_010487766.1, XP_010465940.1, XP_010461753.1, XP_010479341.1, XP_010500457.1
OG0002331	As011G253230	XP_010488094.1, XP_010466325.1, XP_010509664.1
OG0002331	As012G271530	XP_010500724.1, XP_010479632.1, XP_010461981.1
OG0002332	As011G259980	XP_010484835.1, XP_010507250.1, XP_019090979.1
OG0002333	As011G262900	XP_010437618.1, XP_010432416.1
OG0002334	As011G267380	XP_010467781.1, XP_010489005.1, XP_010497893.1, XP_010448003.1, XP_010438482.1, XP_010433242.1
OG0002335	As012G270830	XP_019097569.1, XP_019094810.1, XP_019091433.1, XP_010503838.1, XP_019096662.1, XP_010465618.1
OG0002336	As012G270850	XP_010500821.1, XP_010462063.1, XP_010479731.1
OG0002337	As012G276000	XP_010426862.1, XP_010515712.1
OG0002338	As012G282580	XP_010516208.1, XP_010504493.1, XP_010427416.1, XP_010508883.1, XP_010517448.1, XP_010505756.1
OG0002339	As012G283640	XP_010508726.1, XP_010412997.2, XP_010505916.1, XP_010516318.1, XP_019101927.1, XP_010504631.1, XP_010427574.1
OG0002348	As001G000290	XP_010489010.1, XP_010467787.1, XP_010438464.1, XP_010433224.1, XP_010447984.1
OG0002349	As001G000470	XP_010433204.1, XP_010438431.1, XP_010447962.1
OG0002349	As011G267120	XP_019096276.1, XP_010467824.1
OG0002350	As011G266520	XP_010447887.1, XP_010433133.1, XP_010438337.1
OG0002350	As001G000960	XP_010416617.1, XP_010467922.1, XP_010489125.1
OG0002351	As007G178570	XP_010472404.1, XP_010429361.1, XP_010417148.1
OG0002351	As001G002790	XP_010447681.1, XP_019087156.1, XP_010432952.1
OG0002352	As007G178130	XP_010472443.1, XP_010417189.1
OG0002352	As001G003450	XP_010438067.1, XP_019086641.1, XP_010447603.1
OG0002353	As001G015080, As001G015070	XP_010446970.1, XP_010437514.1, XP_010432319.1
OG0002354	As001G015950	XP_010460969.1, XP_010478892.1, XP_010499691.1
OG0002354	As004G079070	XP_010516746.1, XP_010505076.1, XP_010509589.1
OG0002355	As001G018710	XP_010480201.1, XP_010418919.2, XP_010511227.1, XP_010414929.1, XP_010424987.1, XP_010485956.1, XP_010464044.1
OG0002356	As008G188060	XP_010490264.1, XP_010475815.1, XP_010458269.1
OG0002356	As001G019650	XP_010511098.1, XP_010470273.1, XP_010418881.1
OG0002357	As001G020450	XP_010427686.1, XP_019102426.1, XP_010504732.1
OG0002357	As008G187120	XP_010491326.1, XP_010458398.1, XP_010475916.1
OG0002358	As008G182760, As001G023080	XP_010513934.1, XP_010502201.1, XP_010502189.1
OG0002359	As008G182860	XP_010458954.1, XP_010476507.1, XP_010496200.1
OG0002359	As001G023380	XP_010513990.1, XP_010424992.1
OG0002360	As001G023460, As001G023470	XP_010514012.1, XP_010425019.1, XP_010502254.1, XP_010511892.1, XP_010470862.1, XP_010470856.1
OG0002361	As004G097560	XP_010441230.1, XP_010450627.1, XP_010436009.1
OG0002361	As001G026270	XP_010514435.1, XP_010502705.1, XP_010425482.1
OG0002362	As001G026570	XP_010514475.1, XP_010502767.1
OG0002362	As004G097290	XP_010435893.1, XP_010441192.1, XP_010450663.1
OG0002363	As001G026840	XP_010514506.1, XP_019085794.1, XP_010502806.1, XP_010435914.1, XP_010450682.2, XP_010441163.1
OG0002364	As001G029260	XP_010425274.1, XP_010415124.1, XP_010511505.1, XP_010415128.1, XP_019101026.1
OG0002365	As001G029650	XP_019094052.1, XP_010511394.1, XP_010415048.1
OG0002365	As004G076890	XP_010496607.1, XP_010435485.1, XP_019087098.1
OG0002366	As001G031630	XP_010494443.1, XP_010458693.1, XP_010476235.1, XP_010418312.1, XP_010430382.1, XP_010473534.1
OG0002367	As002G048220	XP_010451251.1, XP_010443305.1, XP_010483129.1
OG0002367	As002G033030	XP_010448289.1, XP_010433518.1
OG0002368	As002G033500, As002G033510	XP_010505869.1, XP_010517587.1
OG0002369	As002G033860	XP_010508830.1, XP_010505806.1, XP_010517500.1
OG0002370	As005G107180	XP_010490625.1
OG0002371	As002G034980	XP_010464649.1
OG0002371	As005G108380	XP_019100944.1, XP_010490835.1, XP_010452232.1, XP_010423702.1
OG0002372	As002G036740	XP_010486720.1, XP_010464790.1, XP_010490021.1
OG0002372	As009G213590	XP_010495076.1, XP_010423477.1, XP_010452440.1, XP_010497636.1
OG0002373	As002G038720	XP_010497629.2, XP_010464963.1, XP_010498552.1
OG0002374	As002G040940	XP_010433743.1, XP_010439003.1, XP_010448541.1, XP_019086681.1, XP_010441416.1, XP_010442482.1, XP_010482306.1
OG0002375	As003G061380	XP_010448718.1, XP_010433915.1, XP_010439185.1
OG0002375	As002G043310	XP_010485051.1, XP_010473231.1, XP_010446028.1
OG0002376	As007G165370	XP_010438865.1, XP_010448414.1, XP_010433618.1
OG0002376	As002G044030	XP_010444562.1, XP_010482567.1, XP_010442742.1
OG0002377	As006G132320	XP_010448134.1, XP_010433367.1, XP_010438615.1
OG0002377	As002G045900	XP_019091631.1, XP_010442995.1, XP_010482828.1
OG0002378	As006G132580	XP_010448176.1, XP_010433405.1
OG0002378	As002G046560	XP_010443055.1, XP_010448642.1
OG0002379	As002G048600	XP_010451636.1, XP_010443352.1, XP_010483179.1
OG0002380	As005G117870	XP_010484281.1, XP_010444440.1, XP_010462659.1
OG0002380	As002G053410	XP_010453001.1, XP_010422923.1, XP_010491636.1
OG0002381	As002G054200	XP_010452877.1, XP_010491506.1, XP_010423046.1
OG0002381	As005G116610	XP_010444281.1, XP_010484120.1, XP_010460858.1
OG0002382	As002G054990	XP_010423164.1, XP_010452749.1, XP_010491400.1
OG0002382	As009G217890	XP_010483789.1, XP_010457069.1, XP_010443938.1
OG0002383	As004G088440	XP_010494748.1, XP_010441650.1
OG0002383	As003G056960	XP_010496228.1, XP_010434526.1, XP_010439849.1
OG0002384	As004G086770	XP_010481692.1, XP_010441871.1, XP_010494486.1
OG0002384	As003G058560	XP_019088317.1, XP_010434289.1, XP_019089767.1
OG0002385	As004G086410	XP_010431331.1, XP_010431357.1, XP_010431315.1, XP_019085211.1, XP_010455872.1, XP_010422436.1
OG0002385	As003G059010	XP_010434238.1, XP_010449118.2
OG0002386	As004G085290	XP_010433333.1, XP_010455702.1, XP_010422226.1
OG0002386	As003G060480, As003G060470	XP_010448889.1
OG0002387	As007G179590	XP_010417086.1, XP_010472334.1, XP_010431584.1
OG0002389	As003G075930	XP_010431747.1, XP_010436913.1, XP_019088988.1, XP_010509616.1, XP_010505049.1
OG0002390	As004G079660	XP_010516707.1, XP_010509629.2, XP_010505036.1, XP_010507551.1, XP_010461075.1, XP_010499800.1, XP_010478674.1
OG0002391	As004G083620	XP_010455430.1
OG0002392	As004G086380	XP_010434237.1, XP_010449116.1, XP_010445239.1, XP_010431426.1, XP_010422430.1, XP_010455869.1
OG0002393	As011G257490	XP_019098538.1, XP_010513796.1, XP_010497055.1, XP_019092296.1, XP_010488603.1
OG0002394	As004G094020	XP_010435285.1, XP_010440600.1, XP_019089722.1
OG0002394	As011G256530	XP_010466851.1, XP_010513493.1, XP_010488550.1
OG0002395	As011G256330, As004G094350	XP_010450200.1, XP_010440572.1, XP_010435255.1
OG0002396	As011G255320	XP_010488387.1, XP_010466657.1, XP_010512358.1
OG0002396	As004G095390	XP_010440481.1, XP_010450052.1, XP_010435138.1
OG0002397	As004G097460	XP_019088957.1, XP_019087146.1, XP_019086080.1, XP_010502719.1, XP_010425493.1, XP_010514450.1
OG0002398	As005G098570	XP_010497018.1
OG0002398	As012G288950	XP_010413200.1, XP_010512713.1
OG0002399	As005G099170	XP_010518483.1, XP_010506808.1
OG0002400	As005G100690	XP_010506644.1, XP_010518314.1, XP_010508025.1
OG0002400	As012G287710	XP_010469009.1, XP_010512534.1, XP_010413359.2
OG0002401	As005G101260	XP_010506559.1, XP_010518223.1, XP_010508105.1
OG0002401	As012G287290	XP_010469048.1, XP_010512458.1, XP_010413439.1
OG0002402	As005G101600	XP_010506510.1
OG0002402	As012G287030	XP_019082502.1, XP_010469132.1
OG0002403	As005G103330, As010G239880	XP_010471436.1, XP_010428304.1, XP_010416185.1
OG0002404	As005G103860	XP_010506230.1, XP_010517915.1, XP_010508422.1
OG0002404	As009G216560	XP_010421216.1, XP_010493538.1, XP_010454697.1
OG0002405	As005G105420, As005G105440, As005G105430	XP_010508657.1, XP_010517680.1
OG0002406	As005G111770	XP_010493156.1, XP_010454354.1, XP_010420887.1, XP_010503019.1, XP_010514705.1, XP_010425798.1, XP_019096615.1
OG0002407	As010G227090	XP_010503024.1, XP_010425806.1, XP_010514709.1
OG0002408	As010G225340	XP_019085499.1, XP_010503172.1, XP_010514865.1
OG0002408	As005G114180	XP_019087676.1, XP_010443854.1, XP_010483703.1, XP_010456542.1
OG0002409	As005G117920	XP_010444446.1, XP_010485316.1, XP_019094246.1
OG0002410	As010G221420	XP_010515350.1, XP_010503654.1, XP_010426515.1
OG0002410	As005G119040	XP_010444623.1, XP_010463897.1, XP_010484479.1
OG0002411	As010G240950, As006G120970	XP_019083320.1, XP_010428187.1, XP_010471323.1
OG0002412	As006G121270	XP_010457083.1, XP_019094355.1, XP_019098071.1, XP_010427322.1
OG0002414	As008G197140	XP_010474960.1, XP_010481943.1
OG0002414	As006G123790	XP_010456961.1, XP_010430601.1, XP_010422508.1, XP_010446129.1
OG0002415	As006G124690	XP_010441967.1, XP_010494376.1, XP_010481808.1, XP_010475064.1, XP_010483250.1, XP_010457452.1
OG0002416	As006G125040	XP_010481857.1, XP_010442018.1, XP_010494330.1
OG0002416	As008G196270	XP_010457476.1, XP_010475085.1
OG0002417	As006G125930	XP_010469541.1, XP_010413941.1, XP_010509955.1
OG0002417	As008G195600	XP_010484415.1, XP_010457553.1, XP_010475165.1
OG0002418	As006G126740	XP_010510124.1, XP_019093227.1, XP_010418713.1
OG0002418	As008G194760	XP_010475254.1, XP_019091784.1, XP_010485061.1
OG0002419	As008G193350	XP_010486611.1, XP_010457826.1, XP_010475425.1
OG0002419	As006G127970	XP_010469831.1, XP_010414243.1, XP_010510330.1
OG0002420	As006G130200	XP_010417949.1, XP_010510708.1
OG0002421	As006G130420	XP_010475617.1, XP_010458060.1, XP_010488647.1
OG0002422	As006G132600	XP_010482888.1, XP_010448660.1
OG0002423	As006G135160	XP_010451879.1, XP_010420222.1
OG0002424	As009G201660	XP_010453735.1, XP_010420263.1, XP_010492439.1
OG0002424	As006G135400	XP_010463644.1, XP_010486759.1, XP_010485486.1
OG0002425	As006G135440	XP_010495813.1, XP_010463650.1, XP_010485491.1
OG0002425	As009G201750	XP_010453743.1, XP_010420275.1, XP_010492449.1
OG0002426	As006G135510	XP_010463662.1, XP_010498199.1
OG0002426	As009G201930	XP_010492475.1, XP_010420281.1, XP_010453752.1
OG0002427	As006G136130	XP_010463760.1, XP_010506605.1, XP_010485647.1
OG0002427	As009G202970	XP_010492638.1, XP_010420414.1, XP_010453886.1
OG0002428	As006G137190	XP_010515838.1, XP_010463859.1, XP_010485756.1
OG0002428	As009G204040	XP_010420561.1, XP_010492817.1, XP_010454041.1
OG0002430	As006G141940, As011G249920	XP_010463101.1, XP_010486405.1, XP_010464472.1
OG0002431	As012G281710	XP_010427293.1, XP_010504382.1
OG0002431	As006G143550	XP_019102539.1
OG0002433	As010G243470	XP_010419384.1, XP_019085182.1, XP_019094101.1
OG0002433	As007G152330	XP_010497462.1
OG0002434	As007G153130	XP_010459213.1, XP_010497993.1, XP_010476784.1
OG0002435	As010G240000	XP_010428288.1, XP_010416173.1, XP_010471424.1
OG0002435	As007G154550	XP_010498212.1, XP_010477000.1, XP_010459436.1
OG0002436	As007G157780	XP_010498631.1, XP_010459896.1, XP_010477421.1
OG0002436	As010G235980	XP_010416694.1, XP_010471944.1, XP_010428828.1
OG0002437	As007G158170	XP_010498681.1, XP_010459955.1, XP_010477474.1
OG0002438	As007G158300	XP_010477485.1, XP_010498694.1, XP_010459972.1, XP_010416791.1, XP_010472027.1, XP_010472026.1, XP_010428939.1
OG0002439	As010G235050	XP_010471235.1, XP_010428083.1
OG0002439	As007G158550	XP_010498724.1, XP_010460009.1, XP_010477512.1
OG0002440	As007G158900, As007G163640	XP_010495847.1, XP_010503163.1, XP_010514856.1, XP_010512789.1
OG0002441	As007G159190	XP_010460079.1, XP_019094433.1, XP_010498796.1
OG0002441	As010G233950	XP_010415797.1, XP_010471108.2, XP_010427916.1
OG0002442	As010G233340	XP_010471034.1, XP_010427817.1
OG0002442	As007G159670	XP_010477650.1, XP_010498866.1
OG0002443	As007G160590	XP_010477831.1, XP_010460277.1
OG0002443	As010G232560	XP_010511975.1, XP_010415591.1, XP_010470932.1
OG0002444	As010G231580	XP_010474220.1, XP_010511882.1
OG0002444	As007G161090	XP_010499079.1, XP_010477891.1, XP_019091232.1
OG0002445	As007G165530	XP_010433624.1, XP_019088786.1, XP_010448418.1
OG0002446	As007G166970	XP_010433328.1, XP_010438567.1, XP_010448091.1
OG0002447	As007G167050	XP_010447364.1, XP_010437883.1, XP_010417338.1, XP_010472576.1, XP_010429568.1, XP_019082717.1
OG0002448	As007G180990, As010G220930	XP_010515430.1, XP_010503726.1, XP_010426600.1, XP_010501821.1, XP_010500138.1, XP_010496445.1
OG0002449	As008G184400	XP_010476272.1, XP_010458731.1, XP_010494768.1, XP_010502594.1, XP_010514314.1, XP_010425373.1
OG0002450	As008G190820	XP_010475605.1, XP_010458041.1
OG0002451	As008G191270	XP_010458024.1, XP_010475592.1
OG0002452	As008G192830	XP_019091352.1, XP_010475494.1, XP_010487392.1
OG0002453	As008G197420	XP_010455996.1, XP_010422556.1, XP_010430038.1, XP_010481523.1, XP_010474910.1, XP_010457316.1, XP_010474912.1
OG0002454	As008G197430	XP_010480329.1, XP_010456000.1, XP_019084363.1
OG0002455	As009G202980	XP_010492637.1, XP_010453885.1, XP_010420413.1
OG0002456	As009G203970, As011G262850	XP_010454030.1, XP_010492802.1
OG0002457	As009G205150	XP_019097791.1, XP_019099939.1, XP_019101101.1
OG0002458	As009G207430	XP_010511343.1, XP_010511342.1, XP_010480301.1, XP_010415044.1, XP_010481248.1, XP_010415038.1, XP_010415040.1
OG0002459	As009G219300	XP_010444150.1, XP_019098418.1, XP_010484000.1, XP_010426276.1, XP_010426277.2, XP_019100211.1, XP_010515118.1, XP_019085528.1
OG0002460	As009G219940	XP_010491312.1, XP_010452664.1, XP_010423252.1, XP_010483443.1, XP_010453722.1, XP_010443581.1
OG0002461	As010G220310	XP_019082460.1, XP_010426688.1
OG0002462	As010G236970	XP_010471805.1, XP_010428715.1, XP_010416571.1
OG0002463	As010G237210	XP_010428684.1, XP_010416542.1, XP_010471781.1
OG0002464	As010G239170	XP_019085001.1, XP_010471527.1, XP_019083361.1
OG0002465	As010G244070	XP_010459070.1, XP_010497101.1, XP_010476624.1, XP_010472977.1, XP_010430000.1, XP_010417742.1
OG0002466	As011G246020	XP_010465279.1, XP_010487184.1, XP_010501530.1, XP_010462326.1, XP_010501089.1, XP_010480012.1
OG0002467	As011G246390	XP_010501047.1, XP_010479964.1, XP_010462291.1, XP_010501832.1, XP_010487228.1, XP_010465321.1
OG0002468	As012G269940	XP_010462183.1, XP_010500950.1, XP_010479862.1
OG0002468	As011G247340	XP_010465472.1, XP_010489840.1
OG0002469	As012G274440	XP_010440206.1, XP_010449850.1, XP_010434885.1
OG0002469	As011G249070	XP_010487558.1, XP_010504747.1, XP_010465712.1
OG0002470	As011G249540	XP_010465793.1, XP_010487629.1, XP_010505302.1
OG0002471	As011G249710	XP_010465820.1, XP_010505667.1, XP_010487657.1
OG0002471	As012G273810	XP_019099431.1, XP_010479258.1, XP_010461657.1
OG0002472	As011G249830	XP_010505870.1, XP_010465835.1, XP_010487672.1
OG0002472	As012G273760	XP_010479266.1, XP_010500369.1
OG0002473	As011G250030	XP_010465871.1, XP_010487708.1, XP_010506220.1, XP_019091954.1
OG0002474	As011G254520	XP_010488283.1, XP_010466538.1, XP_010511470.1
OG0002475	As011G255010	XP_010440453.1, XP_010435117.1, XP_010450029.1, XP_010466606.1
OG0002477	As011G267110	XP_010415764.1, XP_010489041.1, XP_010467825.1, XP_010438429.1, XP_010433201.1, XP_010447960.1
OG0002478	As012G269880	XP_010500961.1, XP_010462202.1, XP_010479877.1
OG0002479	As012G275080	XP_010509722.1, XP_010516624.1, XP_010504940.1
OG0002480	As012G282910	XP_010412800.1, XP_019099730.1, XP_019085853.1, XP_010517518.1, XP_010505831.1, XP_010508808.1, XP_010412977.1
OG0002494	As011G267440	XP_010468770.1, XP_010488988.1
OG0002494	As001G000070	XP_010438496.1, XP_010448017.1, XP_010433252.1
OG0002495	As001G000720	XP_010497926.1, XP_019089612.1, XP_019089038.1, XP_010436355.2, XP_010438382.1, XP_019086210.1, XP_019086211.1, XP_019089039.1, XP_019087317.1
OG0002496	As007G180720, As001G002930	XP_019083459.1, XP_010431898.1, XP_010446466.1, XP_010437045.1, XP_010442474.1, XP_010412552.1, XP_019098292.1
OG0002497	As002G048780	XP_010451794.1, XP_010443380.1, XP_010483206.1
OG0002497	As001G003770	XP_010438032.1, XP_010447502.1
OG0002498	As001G003890	XP_010447519.1, XP_010438020.1, XP_010432844.1, XP_010417219.1, XP_010472471.1, XP_010429444.1
OG0002499	As001G012010, As001G010780, As005G113250	XP_010421015.1, XP_010493301.1, XP_010454490.1
OG0002499	As010G226320	XP_010503080.1, XP_010425841.1, XP_010514767.1
OG0002500	As001G013480	XP_010447121.1, XP_010437655.1, XP_010432449.1
OG0002502	As004G079730	XP_010505024.1, XP_010516697.1
OG0002503	As008G189320, As001G018590, As001G018580	XP_010511579.1, XP_010470366.1, XP_010414915.1, XP_010458156.1, XP_010475706.1, XP_010489512.1
OG0002504	As001G019510	XP_010414797.1, XP_010470311.2, XP_019101558.1
OG0002504	As008G187560	XP_010475837.1, XP_010490391.1, XP_010458292.1
OG0002505	As008G187280	XP_010490965.1, XP_010475895.1, XP_010458379.1
OG0002505	As001G020220	XP_010511032.1, XP_010470205.1, XP_010414661.1
OG0002506	As001G020640	XP_010417964.1, XP_010473210.1, XP_010510954.1
OG0002506	As008G187030	XP_010458409.1, XP_010491424.1, XP_010475928.1
OG0002507	As008G182970	XP_019102137.1, XP_019085343.1, XP_019099999.1
OG0002508	As001G023960	XP_010502341.1, XP_010425117.1, XP_010514094.1
OG0002508	As008G183400	XP_010458872.1, XP_010495709.1, XP_010476434.1
OG0002509	As001G024220	XP_010502368.1, XP_010425148.1
OG0002510	As008G184420	XP_010476269.1, XP_010494747.1
OG0002510	As001G025530	XP_010425375.1, XP_010502597.1
OG0002511	As001G027330	XP_010514598.1, XP_010502880.1, XP_010425660.1, XP_010425691.1, XP_010502904.1, XP_019102232.1
OG0002512	As001G030940	XP_010512304.1, XP_010469237.1, XP_010413607.1
OG0002512	As012G268260	XP_010501181.1, XP_010462417.1, XP_010480105.1
OG0002513	As002G036190	XP_010418644.1, XP_010486686.2
OG0002513	As009G214160	XP_010423512.1, XP_010491027.1
OG0002514	As009G213190	XP_010423458.1, XP_010452457.1
OG0002515	As002G037470	XP_010464879.1, XP_010497542.1, XP_010486830.1
OG0002516	As002G044340, As007G164890	XP_010433604.1, XP_010438844.1, XP_010448394.1, XP_010448389.1, XP_010438841.1, XP_010433598.1
OG0002517	As002G045300	XP_010438561.1, XP_010433323.1, XP_010448085.1, XP_010482752.1
OG0002518	As002G047320	XP_010449765.1, XP_010443192.1, XP_010483006.1
OG0002518	As006G134700	XP_010448232.1, XP_010438716.1, XP_010433462.1
OG0002519	As002G047340	XP_010433465.1, XP_010438718.1, XP_010448235.1, XP_019087085.1, XP_010449897.1, XP_010483009.1
OG0002520	As002G047720	XP_010443237.1, XP_010483065.1, XP_010450483.1
OG0002521	As002G051220	XP_010453267.1, XP_010497742.2, XP_010419787.1, XP_010491959.1, XP_010511468.1, XP_010470518.1
OG0002522	As002G053700	XP_019090433.1, XP_010491585.1, XP_010424713.1
OG0002522	As005G117400	XP_010484222.1, XP_010461750.1, XP_010444373.1
OG0002523	As003G055760	XP_010449620.1, XP_010440010.1, XP_010434670.1
OG0002523	As004G091100	XP_010441463.1, XP_010481333.1, XP_010494971.1
OG0002524	As004G084950	XP_010433825.1, XP_010455638.1, XP_010422173.1
OG0002524	As003G060810	XP_010448831.1, XP_010433987.1, XP_010439279.1
OG0002525	As004G080270	XP_010455333.1, XP_010435842.1, XP_010421839.1
OG0002525	As003G063820	XP_010461311.1, XP_010478939.1, XP_010500031.1
OG0002526	As003G071140	XP_010499594.1, XP_010478478.1, XP_010460860.1
OG0002526	As007G164530	XP_019086623.1, XP_010448459.1, XP_010438910.1
OG0002527	As004G078670	XP_010509684.1, XP_010504984.1, XP_010516663.1
OG0002527	As003G071590	XP_010478532.1, XP_010499644.1, XP_010460907.1
OG0002528	As011G264850	XP_019092374.1, XP_010489433.1
OG0002528	As003G072370	XP_010446831.1
OG0002529	As003G073400	XP_010436228.1, XP_010446693.1, XP_010437252.1
OG0002529	As007G179540	XP_010417094.1, XP_010472337.1, XP_010429292.1
OG0002530	As003G073920	XP_019089697.1, XP_010437200.1, XP_019086841.1
OG0002531	As003G074720	XP_010472223.1, XP_010429155.1, XP_010416995.1, XP_010437123.1, XP_010431981.1, XP_010446585.1
OG0002532	As007G180670	XP_010472171.1, XP_010429099.1, XP_019083461.1
OG0002532	As003G075500	XP_010478621.1, XP_010518487.1
OG0002533	As003G076500	XP_010426026.1, XP_010503212.1, XP_010514921.1, XP_010502137.1, XP_010514920.1, XP_010502136.1, XP_010503206.1, XP_010426024.1, XP_010431775.1, XP_010446345.1, XP_010436933.1
OG0002534	As004G080330, As004G080320	XP_010456801.1, XP_010435943.1, XP_010421832.1, XP_010455323.1, XP_010421833.1, XP_010455324.1, XP_019088191.1, XP_010435933.1, XP_010455325.1
OG0002535	As004G084730	XP_010434128.1, XP_010422134.1, XP_010455595.1, XP_010448786.1, XP_010433954.1
OG0002536	As004G085350	XP_010455710.1, XP_010422233.1, XP_010433251.1
OG0002537	As004G085480	XP_010422243.1, XP_010433092.1, XP_010496155.1
OG0002538	As004G095080	XP_010435199.1, XP_010450132.1, XP_010450113.1, XP_010435198.1
OG0002539	As004G095560	XP_010435122.1, XP_010450038.1, XP_010440462.1
OG0002539	As004G095510	XP_010450039.1, XP_010435123.1, XP_010440463.1
OG0002540	As004G096620	XP_010434953.1, XP_010434494.1, XP_010434952.1, XP_010440288.1, XP_010434517.1
OG0002541	As012G288940	XP_019093187.1, XP_010512714.1, XP_010413203.1
OG0002541	As005G098580	XP_010518526.1, XP_010507809.1, XP_010468891.1, XP_010497016.2, XP_019098606.1
OG0002542	As005G100920	XP_010506615.1, XP_010508058.1, XP_010518282.1, XP_010413382.1, XP_010512508.1, XP_010469092.1
OG0002543	As012G287170	XP_010512452.1, XP_010469042.1, XP_010413448.1
OG0002544	As005G103360	XP_010508368.1, XP_010506289.1
OG0002544	As008G195470	XP_010469264.1, XP_010512267.1, XP_019082936.1
OG0002545	As005G105890, As005G105610, As005G105930	XP_010505949.1, XP_010508694.1, XP_010517656.1
OG0002545	As012G283910	XP_010516353.1, XP_010504665.1, XP_010427607.1
OG0002546	As005G105700, As005G105720	XP_010430252.1, XP_010455914.1, XP_010422544.1, XP_010421837.1, XP_010455332.1, XP_010435850.1
OG0002547	As012G283750	XP_010427588.1, XP_010516333.1, XP_010504643.1
OG0002547	As005G106150	XP_010505925.2, XP_010512910.1, XP_019082317.1
OG0002548	As005G108450	XP_010509119.1, XP_010517142.1, XP_010505470.1, XP_010423693.1, XP_010490844.1, XP_010452238.1
OG0002549	As005G111540	XP_019099401.1, XP_010461494.1, XP_010479089.1, XP_010508925.1, XP_019102553.1
OG0002550	As010G227270	XP_010420893.1, XP_010493159.1, XP_010454359.1, XP_010514706.1, XP_010503017.1, XP_010425799.1
OG0002551	As010G224410	XP_010426101.1, XP_010514985.1, XP_010503276.1
OG0002552	As010G222510	XP_010503500.1, XP_010515183.1, XP_010426359.1
OG0002552	As005G116390	XP_019093895.1, XP_019096108.1, XP_019088403.1
OG0002553	As005G119590	XP_010464552.1, XP_010484556.1, XP_010444696.1
OG0002553	As010G221160	XP_010503702.1, XP_010515391.1, XP_010426575.1
OG0002554	As005G120110, As005G120120, As005G120130	XP_010484619.1, XP_010465197.1
OG0002555	As006G122230	XP_010428122.1, XP_010456166.1, XP_010422734.1
OG0002555	As008G198480	XP_010480627.1, XP_010457160.1, XP_010474704.1
OG0002556	As006G122430	XP_010422711.1, XP_010428386.1
OG0002556	As008G198330	XP_010480738.1, XP_010474685.1, XP_010457184.1
OG0002557	As006G127180	XP_019095032.1, XP_010475312.1, XP_010457705.2, XP_010510194.1, XP_010414126.1, XP_010469712.1
OG0002558	As006G132660	XP_010438670.1
OG0002559	As006G133130	XP_010485410.1, XP_010496301.1, XP_010435627.1
OG0002559	As009G200430	XP_010492283.1, XP_010420117.1, XP_010453598.1
OG0002560	As009G201240	XP_010492365.1, XP_019083821.1
OG0002560	As006G134910	XP_010463577.1, XP_019096620.1
OG0002561	As009G202670	XP_010492579.1, XP_010420366.1, XP_010453828.1
OG0002561	As006G135920	XP_010463723.1, XP_010503203.1
OG0002562	As009G206940	XP_010421672.1, XP_010455163.1, XP_010494072.1
OG0002562	As006G138150, As006G138130	XP_010420228.1, XP_010485881.1, XP_010463980.1
OG0002564	As006G139890	XP_019084528.1, XP_019092094.1, XP_019093730.1, XP_019089851.1, XP_019097630.1, XP_019097166.1, XP_019097779.1, XP_019096632.1
OG0002565	As006G144620	XP_010505135.1, XP_010509515.1, XP_010516816.1
OG0002566	As006G146200	XP_010505334.1, XP_010517017.1, XP_010509331.1, XP_019082712.1
OG0002567	As007G152810	XP_010476738.1, XP_010497772.1, XP_010459171.1, XP_010417612.1, XP_010472808.1, XP_010429837.1
OG0002568	As010G238200	XP_010428554.1, XP_010416414.1, XP_010471643.1
OG0002568	As007G155930	XP_010498386.1, XP_010459636.1, XP_010477185.1
OG0002569	As007G156520	XP_010477267.1, XP_010459715.1, XP_010498467.1
OG0002570	As007G156590	XP_010477282.1, XP_010498476.1, XP_010459728.1
OG0002571	As010G236920	XP_010428719.1, XP_010416574.1, XP_010471807.1
OG0002571	As007G156990	XP_010459787.1, XP_010477349.1, XP_010498547.1
OG0002572	As007G157610	XP_010416665.1, XP_010428806.1, XP_010471918.1, XP_010459876.1, XP_019095425.1, XP_010496322.1, XP_010459869.1
OG0002573	As010G233140	XP_010415688.1, XP_010474250.1, XP_010512092.1
OG0002573	As007G160020	XP_010498940.1, XP_010460192.1, XP_010477739.1
OG0002574	As007G161070	XP_010499077.1, XP_010460343.1, XP_010477890.1
OG0002574	As010G231590	XP_010470827.1, XP_010415496.1
OG0002575	As008G182790	XP_010458966.1, XP_019098996.1, XP_010477761.1
OG0002577	As008G192700	XP_010487481.1, XP_019090925.1, XP_010475502.1, XP_010457923.1, XP_010475501.1, XP_010487469.2, XP_010475505.1, XP_019090965.1
OG0002578	As008G193730, As008G193760	XP_010457762.2, XP_010486028.2
OG0002580	As008G194790	XP_010510119.1, XP_010414053.1, XP_010457639.1, XP_010485029.1, XP_010475247.1
OG0002581	As008G198400, As008G198390	XP_010474693.1, XP_010476065.1
OG0002582	As009G213250	XP_010508884.1, XP_010517447.1, XP_010505755.1
OG0002583	As010G221700	XP_010503618.1, XP_010515307.1, XP_010426471.1
OG0002583	As009G215910	XP_010421304.1, XP_010454784.1
OG0002584	As009G219490	XP_010454275.1, XP_010483486.1, XP_010443631.1
OG0002585	As010G224650	XP_010426068.1, XP_010514958.1, XP_010503244.1, XP_010443741.1, XP_010483613.1, XP_010455405.1
OG0002586	As010G231040	XP_010415479.1, XP_010470809.1, XP_010511858.1, XP_010514918.1, XP_010426022.1
OG0002587	As010G238060	XP_010498397.1, XP_010459651.1, XP_010477198.1, XP_010416436.1, XP_010428572.1, XP_010471659.1
OG0002588	As010G239220	XP_010428412.1, XP_010471516.1
OG0002589	As010G241020	XP_010428174.1, XP_010416042.1, XP_010471307.1
OG0002590	As011G246160	XP_010465294.1, XP_010501630.1, XP_010487197.1
OG0002590	As010G241320, As012G269200	XP_019099527.1, XP_010479988.1
OG0002591	As011G245450	XP_010465193.1, XP_010487113.1, XP_010500673.1
OG0002591	As012G268620	XP_019091861.1, XP_010501151.1, XP_010480071.1
OG0002592	As012G269150	XP_010480004.1, XP_010501084.1
OG0002592	As011G246080	XP_010465284.1, XP_010501576.1
OG0002593	As012G270160	XP_010462144.1, XP_010500914.1, XP_010479817.1
OG0002593	As011G247650	XP_010465518.1, XP_010503044.1
OG0002594	As012G270470	XP_010500889.1, XP_010462123.1, XP_010479792.1
OG0002594	As011G247800	XP_010487393.1, XP_010503217.1, XP_010465533.1
OG0002595	As012G270810, As011G248280	XP_010487455.1, XP_010465616.1, XP_010503795.1
OG0002596	As012G274650	XP_010449880.1, XP_010434910.1, XP_010440236.1
OG0002597	As011G249380	XP_010465754.1, XP_010487599.1, XP_010505177.1
OG0002597	As012G274080	XP_010500315.1, XP_019095176.1, XP_010461603.1
OG0002598	As011G249910	XP_010487683.1, XP_010506007.1, XP_010465844.1, XP_010479275.1, XP_010463283.1, XP_010500380.1, XP_010463282.1
OG0002599	As011G253930, As011G253870, As011G253880, As011G253900, As011G253920, As011G253910	XP_010466436.1, XP_010420739.1
OG0002600	As011G255050	XP_010485484.1, XP_019101432.1, XP_010463645.1, XP_010440456.1, XP_010450031.1
OG0002601	As011G263820	XP_010472568.1, XP_010429557.1, XP_010423759.1, XP_010445001.1, XP_019087303.1, XP_010447376.1, XP_010432708.1
OG0002602	As012G267890	XP_010449744.1, XP_010481201.1, XP_010462468.1, XP_010501230.1, XP_010487050.1, XP_010499897.1, XP_010465108.1
OG0002603	As012G271860	XP_010509566.1, XP_010466316.1, XP_010488084.1, XP_010479621.1, XP_010461969.1, XP_010500715.1
OG0002604	As012G273030	XP_010479362.1, XP_010500471.1, XP_010461767.1
OG0002605	As012G282930	XP_010504550.1, XP_010516250.1, XP_010427464.1, XP_010508803.1, XP_010505834.1, XP_019102571.1
OG0002606	As012G284350	XP_010516434.1, XP_010427689.1, XP_010504733.1, XP_010508610.1, XP_010517730.1, XP_010506024.1
OG0002607	As012G286060, As012G286070	XP_010512320.1, XP_010413600.1, XP_010469230.1
OG0002622	As011G266930	XP_010416079.1, XP_010489072.1, XP_010495919.1
OG0002622	As001G000680	XP_010438388.1, XP_010447920.1, XP_010433167.1
OG0002623	As001G003260	XP_019083742.1, XP_010417177.1, XP_010417183.1, XP_010429399.1, XP_010472435.1, XP_010432913.1, XP_010438094.1, XP_010447630.1
OG0002624	As006G132160	XP_010472602.1, XP_010417360.1, XP_010429589.1
OG0002624	As001G006190	XP_010432661.1, XP_010447343.1, XP_010437852.1
OG0002626	As011G263160	XP_010467348.1
OG0002626	As001G014170	XP_010437613.1, XP_010447078.1, XP_010432412.1
OG0002627	As001G014270	XP_010447057.1, XP_010437590.1
OG0002627	As011G263300	XP_010516792.1, XP_010467360.1, XP_010489210.1
OG0002628	As011G263570	XP_019092683.1, XP_010489243.1, XP_019083899.1, XP_010467403.1, XP_010489251.1, XP_010516350.1
OG0002628	As001G014800	XP_010447012.1, XP_010432358.1, XP_010437542.1
OG0002629	As004G078820	XP_010509669.1, XP_019100450.1
OG0002629	As001G015750	XP_010478555.1, XP_010460913.1, XP_010499663.1
OG0002630	As001G016520, As004G079350	XP_010461024.1, XP_010478622.1, XP_010499749.1
OG0002631	As004G083150	XP_019102479.1, XP_019102478.1
OG0002631	As001G017580	XP_010434772.1, XP_010449722.1, XP_010440104.1
OG0002632	As001G019060	XP_010480255.1, XP_010511285.1, XP_010414989.1, XP_010489871.1, XP_010458206.1, XP_010475753.1
OG0002633	As008G188110	XP_010475806.1, XP_010490222.1, XP_010458262.1
OG0002634	As001G019900	XP_019083138.1, XP_010470242.1
OG0002634	As008G187830	XP_010490656.1, XP_010458341.1
OG0002635	As001G021860	XP_010476070.1, XP_010492868.1, XP_010458544.1, XP_010418141.1, XP_010430189.1
OG0002636	As001G022990	XP_010458984.1, XP_010496455.1, XP_010476541.1
OG0002637	As008G183390	XP_010495720.1, XP_010458874.1, XP_010476436.1
OG0002637	As001G023970	XP_019085949.1, XP_019102160.1, XP_019100035.1
OG0002638	As001G024740	XP_010425222.1, XP_010502449.1, XP_010514189.1
OG0002638	As008G183930	XP_010470844.1, XP_010476319.1, XP_010495138.1, XP_010458776.1
OG0002639	As001G025840	XP_010507021.1, XP_019101820.1
OG0002639	As005G107930	XP_010423818.1, XP_010490743.1, XP_010452126.1
OG0002640	As001G027310	XP_010502883.1, XP_019102063.1, XP_010425664.1
OG0002641	As004G078380	XP_010441066.1, XP_010435882.1, XP_010450802.1
OG0002641	As001G027640	XP_010495866.1, XP_010502935.1, XP_010425712.1
OG0002642	As001G028250	XP_010415289.1, XP_010470624.1, XP_010511640.1, XP_010450885.1, XP_010440990.1
OG0002643	As004G077380	XP_010435616.1, XP_010440886.1, XP_010435619.1, XP_010435617.1, XP_010450535.1
OG0002643	As001G028850	XP_010415182.1, XP_010511464.1, XP_010470515.1
OG0002644	As001G029730	XP_010511385.1, XP_010496197.1, XP_010414822.1
OG0002645	As002G048900	XP_010451866.1, XP_010483223.1
OG0002645	As002G032620	XP_010438816.1, XP_010448343.1, XP_010433568.1
OG0002646	As002G035470	XP_010481811.1, XP_010486625.1, XP_010464694.1
OG0002647	As007G163080, As007G163060	XP_010433749.1, XP_010439007.1
OG0002647	As002G039660	XP_010482261.1, XP_010442440.1, XP_010441006.1
OG0002648	As002G044830	XP_010442871.1, XP_010445584.1, XP_010485096.1, XP_010433291.1, XP_010448063.1, XP_010438531.1
OG0002649	As004G083470, As002G045400	XP_019097314.1
OG0002650	As002G046120	XP_010443013.1, XP_010482844.1, XP_010446843.1
OG0002651	As002G046390	XP_010482869.1, XP_010443040.1, XP_010448429.1
OG0002651	As006G132490	XP_010448164.1, XP_010438645.1, XP_010433392.1
OG0002652	As002G049070	XP_010452029.1, XP_019088453.1, XP_010483248.1
OG0002652	As011G265690	XP_010414861.1, XP_019097099.1, XP_010467732.1
OG0002653	As002G052290	XP_010453126.1, XP_010419646.1, XP_010491779.1
OG0002653	As009G215520	XP_010454834.1, XP_010493758.1
OG0002654	As005G118680	XP_019088261.1, XP_010484395.1, XP_010463416.1
OG0002654	As002G052650	XP_010422833.1, XP_010491731.1
OG0002655	As002G053250	XP_010453023.1, XP_010422900.1, XP_010491657.1, XP_010444499.1, XP_010484325.1, XP_010462148.1
OG0002656	As005G117600	XP_010444398.1, XP_010484246.1, XP_010462944.1
OG0002656	As002G053570	XP_010491612.1, XP_010452970.1, XP_010422948.1
OG0002657	As003G056450	XP_019086905.1, XP_010449508.1, XP_010439908.1
OG0002657	As004G089010	XP_010426878.1
OG0002658	As003G058870	XP_019086697.1, XP_010439550.1, XP_010449140.1
OG0002659	As003G060340	XP_010448911.1, XP_010434063.1, XP_010439347.1
OG0002660	As004G085180	XP_010433458.1, XP_010455684.1
OG0002660	As003G060580	XP_010434016.1, XP_010448868.1, XP_010439311.1
OG0002661	As003G061470	XP_010439170.1, XP_010448704.1, XP_010433903.1
OG0002661	As004G084490	XP_010422092.1, XP_010455544.1, XP_010434997.1
OG0002662	As003G063950	XP_010500048.1, XP_010461330.1, XP_010478955.1
OG0002662	As004G080190	XP_010438320.1, XP_010455345.1, XP_010421853.1
OG0002663	As004G081750	XP_010413849.1, XP_010509871.1, XP_010469459.1
OG0002663	As003G068530	XP_010499305.1, XP_010460580.1, XP_010478165.1
OG0002664	As003G072000, As003G071990	XP_010446890.1, XP_010444953.1, XP_010432241.1, XP_010432243.1, XP_010436248.1, XP_010437440.1, XP_010446892.1
OG0002665	As003G072390	XP_010437380.1, XP_010446823.1
OG0002665	As011G264930	XP_010489441.1, XP_010413224.1, XP_010467596.1
OG0002666	As003G072660	XP_010432171.1, XP_010437342.1, XP_010446785.1
OG0002667	As003G072790	XP_010432163.1, XP_010446771.1, XP_010437328.1
OG0002667	As011G265360	XP_019098920.1, XP_010467647.1, XP_019096850.1
OG0002668	As003G073280, As003G073270	XP_019087240.1, XP_010446708.1, XP_010432097.1
OG0002669	As007G179900	XP_010417041.1, XP_010472280.1
OG0002669	As003G074060	XP_010432033.1, XP_010437188.1, XP_010446627.1
OG0002670	As007G180820	XP_010429080.1, XP_010416915.1, XP_010472156.1
OG0002670	As003G075640	XP_010446453.1, XP_010437034.1, XP_010431887.1
OG0002671	As004G077580	XP_010496973.1
OG0002672	As004G078520	XP_010441084.1, XP_010435858.1, XP_010450779.1
OG0002673	As004G080350	XP_010455321.1, XP_010421830.1, XP_010436004.1
OG0002674	As004G085250	XP_010433369.1, XP_010455698.1, XP_010433379.1, XP_010422222.1, XP_010422224.1, XP_010455700.1, XP_010455699.1
OG0002675	As004G086350	XP_010434231.1, XP_010449113.1, XP_010439515.1, XP_010455865.1, XP_010422429.1, XP_010431445.1
OG0002676	As004G093110	XP_010435332.1
OG0002676	As011G258120, As011G258130	XP_010466954.1, XP_019083598.1
OG0002677	As004G093500	XP_010440647.2, XP_019089178.1, XP_010450275.1, XP_010470043.2, XP_010440650.1, XP_010496005.1, XP_010450803.1, XP_019093713.1
OG0002678	As004G093530	XP_019092128.1, XP_019096618.1, XP_019083371.1
OG0002678	As004G094510	XP_019086433.1
OG0002679	As004G095650	XP_010440448.1, XP_010450026.1, XP_010435110.1
OG0002679	As011G254990	XP_010512022.1, XP_010488346.1, XP_010466604.1
OG0002680	As004G095740	XP_010435101.1, XP_010440433.1
OG0002680	As011G254910	XP_010466594.1, XP_010488332.1, XP_010511972.1
OG0002681	As005G100710	XP_010518313.1, XP_010506642.1, XP_010508027.1
OG0002681	As012G287670	XP_010512529.1, XP_010413367.1
OG0002682	As012G285320	XP_010470450.1, XP_010511120.2, XP_010415117.1
OG0002683	As012G284450	XP_010504744.1, XP_010516446.1, XP_010427704.1
OG0002684	As005G105950	XP_010517655.1, XP_010427605.1, XP_010516346.1
OG0002685	As006G142160, As005G106640	XP_010451993.1, XP_010423950.1, XP_010490571.1
OG0002686	As005G109060	XP_010452298.1, XP_010490903.1, XP_010423636.1
OG0002687	As010G225290	XP_010425963.1, XP_010514873.1
OG0002687	As005G114330	XP_010483683.1, XP_010443834.1, XP_010456317.1
OG0002688	As010G224920	XP_010503191.1, XP_010514902.1, XP_010426008.1
OG0002688	As005G114620	XP_010443792.1, XP_010455839.1
OG0002689	As005G115500	XP_010477390.1, XP_010483599.1, XP_019086875.1, XP_010443720.2, XP_010483600.1, XP_019092967.1
OG0002690	As010G224390	XP_010514989.1, XP_010426103.1, XP_010503278.1
OG0002690	As005G115510	XP_010443718.1, XP_019095518.1, XP_019087898.1
OG0002691	As010G222530	XP_010426356.1, XP_010515180.1
OG0002691	As005G116360	XP_010484088.1, XP_010444244.1
OG0002692	As006G121510	XP_010427031.1, XP_010456286.1, XP_010419590.1
OG0002692	As008G199080	XP_010457089.1, XP_010479896.1
OG0002693	As008G197190	XP_010481914.1, XP_010474957.1, XP_010457342.1
OG0002693	As006G123750	XP_010430531.1, XP_010455954.1, XP_010422516.1
OG0002694	As006G124270	XP_019095580.1, XP_010494432.1, XP_010441907.1, XP_019095579.1
OG0002694	As008G196950	XP_010457391.1, XP_010482496.1, XP_010475005.1
OG0002695	As006G127050	XP_010510172.1, XP_010414098.1, XP_010469687.1
OG0002695	As008G194410	XP_010457681.1, XP_010475301.1, XP_010485339.1
OG0002696	As006G129490	XP_010488010.1, XP_010475555.1, XP_010457986.1, XP_010510588.1, XP_010470051.1, XP_010414489.1
OG0002697	As006G142000, As006G133830	XP_010464481.1, XP_010486417.1, XP_010463806.1
OG0002698	As006G136330	XP_019099050.1, XP_010485664.1, XP_010463779.1
OG0002698	As009G203310	XP_010453929.1, XP_010420453.1, XP_010492691.2
OG0002699	As006G136410	XP_010509879.1, XP_010463789.1, XP_010485677.1
OG0002699	As009G203390	XP_010420465.1, XP_010492697.1, XP_010453938.1
OG0002700	As009G204050, As006G137200	XP_010463860.1, XP_010485757.1, XP_010515953.1
OG0002701	As006G140860	XP_010464328.1, XP_010449510.1, XP_010486261.1, XP_010439435.1, XP_010482124.1
OG0002702	As012G282650	XP_010427422.1, XP_010516216.1, XP_010504498.1
OG0002702	As006G142520	XP_010508868.1, XP_019100546.1, XP_010517462.1
OG0002703	As011G265040	XP_010499549.1, XP_010413922.1, XP_010467615.1, XP_010489508.1, XP_010460815.1
OG0002704	As006G145710	XP_010516951.1, XP_010509397.1
OG0002705	As006G148860	XP_010427097.1, XP_010515945.1, XP_010504223.1, XP_010505522.1, XP_010509167.1
OG0002706	As010G242850	XP_010472803.1, XP_010429833.1, XP_010417608.1
OG0002706	As007G152830	XP_010476744.1, XP_010459180.1, XP_010497794.1
OG0002707	As010G240220	XP_010416145.1, XP_010471397.1, XP_010428262.1
OG0002707	As007G154380	XP_010498171.1, XP_010459409.2, XP_010476957.2
OG0002708	As007G155940	XP_010471645.1, XP_010416415.1, XP_019085013.1, XP_010459638.1, XP_010498387.1, XP_010477186.1
OG0002709	As007G157250	XP_010428760.1, XP_010471856.1, XP_010416620.1, XP_010459838.1, XP_010477393.1, XP_010498581.1
OG0002710	As007G158990	XP_019091230.1, XP_010477560.1
OG0002710	As010G234240	XP_010471153.1, XP_010427970.1, XP_010415846.1
OG0002711	As007G159880	XP_010498926.1, XP_010460177.1, XP_010477727.1
OG0002712	As007G161180	XP_010499096.1, XP_010477909.1, XP_010460352.1
OG0002713	As007G161210	XP_010477901.1
OG0002714	As008G182320	XP_019091680.1, XP_010496855.1, XP_019095113.1
OG0002715	As008G182490	XP_010502141.1, XP_010513890.1, XP_010459005.1, XP_010476567.1, XP_010496630.1
OG0002716	As008G187170	XP_010475898.1, XP_010458381.1, XP_010475897.1
OG0002717	As009G202340	XP_010492530.1, XP_010453792.1, XP_010420326.1
OG0002718	As009G203250, As009G203380	XP_010420448.1, XP_010453923.1, XP_010492684.1, XP_010492683.1, XP_010492680.1, XP_010492681.1, XP_010420447.1, XP_010453922.1, XP_010453921.1
OG0002719	As009G215820	XP_019088181.1, XP_010456680.1, XP_019084647.1, XP_010454803.1, XP_010493724.1, XP_010421320.1
OG0002720	As010G220600, As010G220610	XP_010426630.1, XP_019101902.1
OG0002721	As010G221870, As010G221880	XP_010426445.1
OG0002722	As010G232310	XP_010511952.1, XP_010470906.1, XP_019083262.1
OG0002723	As010G235340	XP_010416778.1, XP_010428924.1, XP_010472010.1, XP_010477481.1, XP_019095434.1
OG0002724	As010G237080	XP_010477334.1, XP_010459771.1, XP_010498522.1
OG0002725	As011G244940	XP_010487056.1, XP_019101470.1, XP_010499954.1, XP_010465113.1
OG0002726	As011G247620	XP_010503033.1, XP_010487373.1, XP_010465517.1
OG0002726	As012G270130	XP_010479823.1, XP_010500919.1, XP_010462146.1
OG0002727	As011G248410	XP_010465638.1, XP_010487476.1, XP_010504014.1
OG0002728	As012G272740	XP_010500508.1
OG0002728	As011G251250	XP_010507479.1, XP_010487842.1, XP_019092795.1
OG0002729	As011G252830	XP_010488034.1, XP_010466250.1, XP_010509046.1
OG0002729	As012G271580	XP_010479549.1, XP_010461931.1
OG0002730	As011G253790	XP_010510483.2, XP_010466422.1
OG0002731	As011G254440	XP_010466522.1, XP_010511345.1
OG0002732	As012G271000	XP_010500795.1, XP_019095250.1, XP_010462047.1, XP_010479705.1, XP_019090768.1, XP_010500796.1, XP_010500797.1, XP_010462048.1, XP_010479706.1
OG0002733	As012G273010	XP_019094291.1, XP_019094292.1, XP_019097540.1, XP_019091355.1, XP_019091409.1, XP_010479364.1, XP_019097542.1
OG0002734	As012G275240	XP_010504923.1, XP_010516607.1, XP_010509734.1
OG0002735	As012G276980	XP_010512501.1, XP_019094016.1, XP_010413386.1, XP_010518200.1, XP_010412761.1, XP_010426969.1, XP_010515820.1, XP_010504088.1
OG0002736	As012G278190	XP_010509241.1, XP_010517080.1, XP_010505408.1, XP_019102344.1, XP_010427077.1
OG0002737	As012G282920	XP_010516249.1, XP_010504549.1, XP_010427462.1
OG0002753	As001G000210	XP_010433238.1, XP_010438480.1, XP_010447999.1
OG0002753	As011G267350	XP_019098427.1
OG0002754	As001G000880	XP_010438356.1, XP_010433142.1, XP_010447896.1
OG0002754	As011G266760	XP_010489089.1, XP_010416236.1, XP_010467933.1
OG0002755	As001G004000	XP_010432822.1, XP_010447538.1, XP_010438000.1
OG0002757	As011G263180	XP_010467346.1
OG0002758	As011G263700	XP_019096207.1, XP_010467415.1
OG0002759	As004G078810	XP_019088034.1, XP_010451479.1
OG0002759	As001G015740	XP_010499661.1, XP_010478554.1
OG0002762	As001G021940	XP_010418155.1, XP_010473399.1, XP_019085221.1
OG0002762	As008G185820	XP_010476089.1, XP_010493043.1, XP_010458564.1
OG0002763	As008G182460	XP_010459010.1, XP_010496659.1, XP_010476569.1
OG0002764	As008G183640	XP_010476397.1, XP_010458834.1, XP_010495547.1
OG0002764	As001G024270	XP_010425163.1, XP_010502383.1, XP_010514133.1
OG0002765	As001G025940	XP_010425441.1, XP_010502664.1, XP_010514387.1
OG0002766	As004G077360	XP_010450528.1, XP_010440882.1, XP_010435610.1
OG0002766	As001G028940	XP_010470502.1, XP_010415171.1, XP_010511553.1
OG0002767	As001G031510	XP_010418332.1, XP_010430404.1, XP_010473551.1
OG0002768	As002G032910	XP_010438780.1, XP_010433528.1
OG0002769	As002G034270	XP_010486511.1, XP_010464589.1, XP_010472857.1, XP_019098423.1
OG0002770	As002G042380	XP_010442551.1, XP_010482372.1, XP_010442265.1
OG0002771	As002G053190	XP_010491666.1, XP_010422888.1, XP_010453034.1
OG0002771	As005G118190	XP_010484313.1, XP_010444484.1
OG0002772	As005G116840	XP_010461109.1, XP_010444310.1
OG0002772	As002G054010	XP_010423018.1, XP_010452903.1, XP_010491543.1
OG0002773	As002G055290	XP_010491366.1, XP_010452716.1, XP_010423202.1
OG0002773	As009G218230	XP_010457583.1, XP_010443987.1, XP_010483845.1
OG0002774	As003G058130	XP_010439634.1, XP_010434346.1, XP_010449275.1
OG0002774	As004G087290	XP_010441817.1, XP_010481699.1, XP_019097192.1
OG0002775	As003G058200	XP_010434331.1, XP_010449260.1, XP_010439624.1, XP_010441826.1, XP_010481709.1, XP_010494530.1
OG0002776	As003G059570	XP_010434168.1, XP_010439462.1, XP_010449046.1, XP_019092722.1, XP_010449042.1, XP_010439465.1, XP_010434166.1
OG0002777	As003G059960	XP_010439408.1, XP_010434110.1, XP_010448974.1, XP_010497681.1, XP_010456356.1, XP_010495039.1, XP_010424818.1, XP_010456354.1
OG0002778	As003G061140	XP_019085825.1, XP_019083159.1, XP_019093385.1, XP_010412499.1, XP_019099641.1, XP_010427116.1
OG0002779	As003G063190, As003G063150, As003G063170	XP_010478827.1, XP_019099365.1
OG0002780	As003G064140	XP_010461353.1, XP_019100886.1, XP_019100887.1, XP_010500069.1, XP_019091107.1, XP_010513439.2, XP_019091108.1, XP_019098621.1, XP_019100885.1, XP_010500071.1
OG0002781	As007G179830	XP_010429225.1, XP_010417051.1, XP_010472289.1
OG0002781	As003G073970	XP_010437198.1, XP_010446639.1
OG0002782	As003G074780, As007G180390	XP_010429152.2, XP_010416992.1
OG0002783	As003G075620	XP_010429021.1, XP_010416865.1, XP_010472103.1, XP_019089400.1, XP_019098474.1, XP_019086500.1, XP_019087999.1
OG0002784	As004G089990	XP_010439986.1, XP_010449596.1, XP_010434648.1, XP_010481350.1, XP_010494948.1, XP_010441489.1
OG0002785	As004G091710	XP_010435421.1, XP_010435432.1, XP_010450371.2, XP_010440709.1
OG0002785	As011G259610	XP_010467136.1, XP_010488804.1
OG0002786	As004G091990, As011G261140	XP_010467126.1, XP_010412938.1, XP_010488797.1, XP_010412952.1
OG0002787	As004G092210	XP_010440761.1, XP_010435463.1, XP_010450412.1
OG0002787	As011G258720	XP_019098877.1, XP_019096463.1, XP_019092308.1
OG0002788	As004G095570	XP_010440461.1, XP_010435121.1, XP_010450037.1
OG0002788	As011G255120	XP_010512137.1, XP_010488361.1, XP_010466630.1
OG0002789	As011G254740	XP_010511734.1, XP_010488315.1, XP_010466574.1
OG0002789	As004G095840	XP_010450002.1
OG0002790	As011G254310, As004G096070	XP_010488254.1, XP_010511242.1, XP_010466510.1, XP_010466512.1, XP_010511255.1, XP_010488257.1
OG0002791	As004G096460	XP_010434994.1, XP_010449943.1, XP_010440316.1, XP_010510456.1, XP_010466418.1
OG0002792	As004G097100	XP_010441130.1, XP_010435921.1, XP_010450696.1, XP_010461837.1, XP_019091480.1
OG0002793	As005G099990	XP_010507941.1, XP_010518387.1
OG0002794	As005G101850	XP_010506468.1
OG0002794	As012G286850	XP_019082902.1, XP_019101725.1, XP_010469147.1
OG0002795	As005G102310	XP_010469198.1, XP_010413572.1, XP_010512348.1
OG0002796	As005G103720, As005G103730	XP_010517931.1, XP_010508403.1, XP_010506247.1
OG0002797	As012G284220	XP_010427666.1, XP_010516414.1, XP_010516413.1, XP_010504718.1
OG0002797	As005G105270	XP_010508592.1, XP_019082329.1, XP_010506044.1
OG0002798	As005G105660	XP_010508659.1, XP_010517679.1, XP_010516358.1, XP_010427615.1, XP_010427616.1
OG0002799	As005G106610	XP_010509206.1, XP_010517111.1, XP_010505440.1
OG0002800	As005G108500	XP_010452241.1, XP_010423687.1, XP_010490852.1
OG0002802	As005G112600	XP_010503051.1, XP_010514732.1, XP_010425833.1, XP_010420958.1, XP_010454429.1, XP_019097191.1
OG0002803	As010G224010	XP_010503322.1, XP_010426160.1, XP_010515032.2
OG0002803	As005G115960	XP_010483495.1, XP_010443637.1, XP_010454356.1
OG0002804	As005G119640	XP_010444705.1
OG0002805	As006G121540, As006G128670	XP_010469928.1, XP_010510454.1, XP_010414359.1, XP_019083055.1
OG0002806	As008G198160	XP_010462530.1, XP_010480876.1, XP_010474645.1
OG0002806	As006G122540	XP_010422702.1, XP_010428585.1, XP_010456138.1
OG0002807	As006G123850	XP_010430668.1, XP_019090608.1, XP_019084156.1, XP_010457353.1, XP_019094946.1, XP_019094983.1
OG0002808	As006G126320	XP_010469585.1, XP_010413993.1, XP_010510015.1
OG0002808	As008G195220	XP_010457592.1, XP_010475188.1
OG0002809	As006G127320	XP_010510207.1, XP_010469698.1, XP_010475333.1, XP_010457728.1, XP_010485710.1
OG0002810	As006G127830	XP_010486434.1, XP_010457807.1, XP_010475407.1
OG0002812	As006G130890	XP_019083607.1, XP_019093406.1, XP_010510775.1
OG0002812	As008G190700	XP_010475632.1, XP_010458070.1, XP_010488728.1
OG0002813	As006G132910	XP_010485381.1, XP_010435655.1, XP_010496278.1
OG0002814	As009G200910	XP_010420230.1, XP_010492404.1, XP_010453700.1
OG0002814	As006G135200	XP_010463617.1, XP_010485458.1, XP_010458222.1
OG0002815	As006G136420	XP_010485678.1, XP_010510166.1, XP_010463790.1
OG0002815	As009G203420	XP_010453945.1, XP_010492701.1, XP_010420473.1
OG0002816	As006G137410	XP_019092925.1, XP_010463901.1, XP_019096265.1
OG0002817	As006G137530	XP_010485804.1, XP_010413938.1, XP_010463911.1
OG0002817	As009G204350	XP_010420611.1, XP_010492852.1, XP_010454088.1
OG0002818	As006G138270	XP_010485900.1, XP_010421835.1, XP_010464001.1
OG0002818	As009G206780	XP_010494038.1, XP_019090027.1
OG0002819	As009G204860	XP_010454164.1, XP_010420687.1, XP_010492939.1
OG0002819	As006G139750	XP_010436636.1, XP_010464185.1, XP_010486108.1
OG0002820	As006G140110	XP_010486157.1, XP_010440870.1, XP_010486155.1, XP_010440679.1
OG0002821	As006G140460	XP_010445248.1, XP_010486213.1, XP_010464272.1, XP_010442377.2, XP_010482197.1, XP_010440281.1
OG0002822	As006G144050	XP_010485838.1, XP_010416503.1, XP_010463941.1
OG0002823	As006G144770	XP_010515749.1, XP_010426896.1, XP_010504020.1, XP_010516836.1, XP_010505156.1, XP_010509497.1
OG0002824	As006G146920	XP_010515899.1, XP_010504174.1, XP_010427053.1, XP_010517058.1, XP_010505378.1, XP_010509270.1
OG0002825	As010G243950	XP_010472954.1, XP_010429987.1, XP_010417730.1
OG0002825	As007G152100	XP_010476639.1, XP_010459086.1
OG0002826	As010G243210	XP_010472851.1, XP_010429883.1, XP_010417650.1
OG0002826	As007G152490	XP_010476703.1, XP_010497588.1, XP_010459140.1
OG0002827	As007G153850	XP_010498100.1, XP_019091970.1, XP_010476902.1, XP_010428155.1, XP_010471297.1, XP_010416028.1
OG0002828	As007G153940	XP_010498106.1
OG0002828	As010G241060	XP_010428162.1, XP_010471301.1, XP_010416032.1
OG0002829	As007G154360	XP_010428236.1, XP_010416117.1, XP_010471384.1, XP_010416118.1
OG0002830	As010G238970	XP_010428446.1, XP_010416314.1, XP_010471547.1
OG0002830	As007G155230	XP_010459523.1, XP_010477077.1
OG0002831	As010G238770	XP_010416333.1, XP_010428467.1
OG0002831	As007G155350	XP_010498298.1, XP_010459541.1, XP_010477092.1
OG0002832	As007G156660	XP_010459740.1, XP_010498488.1, XP_010477299.1
OG0002832	As010G237250	XP_010428680.1, XP_010416537.1, XP_010471776.1
OG0002833	As007G156670	XP_010498487.1, XP_010459738.1, XP_010477297.1
OG0002833	As010G237240	XP_010471775.1
OG0002834	As007G159790	XP_010460163.1, XP_010477691.1, XP_010498895.1, XP_010427800.1, XP_010415706.1, XP_010471024.1
OG0002835	As010G232250	XP_010415558.1, XP_010470899.1, XP_010511946.1
OG0002835	As007G160850	XP_010499048.1, XP_010460319.1, XP_010477863.1
OG0002836	As007G161170	XP_010470843.1, XP_019083256.1, XP_010511905.1, XP_010499095.1, XP_010460353.1, XP_010477910.1
OG0002837	As007G161340	XP_010470794.1, XP_010511834.1, XP_010415462.1, XP_010477932.1, XP_010460386.1, XP_010499114.1
OG0002838	As007G162790	XP_010433791.1, XP_010448582.1, XP_010439061.1, XP_010482286.1
OG0002840	As007G180880	XP_019086190.1, XP_010437021.1, XP_010431881.1, XP_010446447.1, XP_010416906.1, XP_010429071.1
OG0002841	As008G195240	XP_010413990.1, XP_010510012.1, XP_010469582.1, XP_010475185.1, XP_010457588.1, XP_010484726.1
OG0002842	As008G197280, As008G197290, As008G197270	XP_010474940.1, XP_010457326.2, XP_010481702.1, XP_010483190.1, XP_010475063.1, XP_010457449.1
OG0002844	As009G200670	XP_010420139.1, XP_010492312.1, XP_010453621.1
OG0002845	As009G204620	XP_010420653.1, XP_010492915.1, XP_010454127.1, XP_010464201.1, XP_019093704.1, XP_010486133.1
OG0002846	As009G207360	XP_010471987.1, XP_010440722.1, XP_010442420.1, XP_010482228.1, XP_010513277.2, XP_010474001.1
OG0002848	As009G216240	XP_010421272.1, XP_019089847.1, XP_010493606.1, XP_010426450.1, XP_010503598.1
OG0002849	As010G221970	XP_010426437.1, XP_010515274.1
OG0002849	As009G216340	XP_010421253.1, XP_010493575.1, XP_010454735.1
OG0002850	As009G218290	XP_010457663.1, XP_019087223.1
OG0002850	As009G216690	XP_010443994.1, XP_010496918.1
OG0002851	As009G216910	XP_010454658.1, XP_010421179.1
OG0002851	As010G222370	XP_010503527.1, XP_010426384.1, XP_010515221.1
OG0002852	As009G216990	XP_010493481.1, XP_010421165.1, XP_010454647.1
OG0002853	As009G218380	XP_010483866.1, XP_010444016.1, XP_010483862.1, XP_019093420.1, XP_010444011.1, XP_019093431.1, XP_019093435.1, XP_019088254.1, XP_010457823.1, XP_010483864.1, XP_010457757.1, XP_010457781.1
OG0002854	As009G219520, As009G219510, As009G219570, As009G219550	XP_010483482.1, XP_010454255.1, XP_010443628.1
OG0002855	As009G219680	XP_010463527.1, XP_010485548.1, XP_010431524.1, XP_010483469.1, XP_010454084.1, XP_019098488.1
OG0002856	As009G219710, As010G223780	XP_019100197.1, XP_019085734.1
OG0002857	As010G221240	XP_010426555.1, XP_019101897.1, XP_010503685.1, XP_010431199.1, XP_010503686.1
OG0002858	As010G222090, As010G222100, As010G222110	XP_019099697.1
OG0002859	As010G224720	XP_010426044.1, XP_010514942.1, XP_010503228.1
OG0002860	As010G226110, As011G263240	XP_010432405.1, XP_010447067.1, XP_010516877.1, XP_010489197.1, XP_010467354.1
OG0002861	As010G233890	XP_010480949.1, XP_019091501.1, XP_010474654.1, XP_010427912.1, XP_010427812.1, XP_010471104.1, XP_010415791.1
OG0002862	As010G239100	XP_010464813.1, XP_010487946.1, XP_019101180.1, XP_010416298.1, XP_019098655.1, XP_010471533.1, XP_010428427.1
OG0002863	As010G243440	XP_010417670.2, XP_010472884.1, XP_010429917.1, XP_010476686.1, XP_010497475.1, XP_010459123.1
OG0002864	As011G245390	XP_019096557.1, XP_019101480.1, XP_010465188.1
OG0002865	As012G268900	XP_010480032.1, XP_010462357.1, XP_010501120.1
OG0002865	As011G245720	XP_010487147.1, XP_010465239.1, XP_010501142.1
OG0002866	As011G245990	XP_010462328.1
OG0002867	As011G246110	XP_010501595.1, XP_010465287.1
OG0002867	As012G269170	XP_010479995.1, XP_010462316.1, XP_010501075.1
OG0002868	As011G247630, As012G270140	XP_010462145.1, XP_010479818.1, XP_010500917.1
OG0002869	As011G252800	XP_010488032.1, XP_010509023.1, XP_010466248.1
OG0002871	As011G262600	XP_010488942.1
OG0002872	As011G263520	XP_010439405.1, XP_010448972.1, XP_010434107.1, XP_010516492.1, XP_010467393.1, XP_010489236.1
OG0002873	As011G265610	XP_010489605.1, XP_010467723.1, XP_010414789.1
OG0002874	As011G267620	XP_010467755.1, XP_010433258.2, XP_019089621.1
OG0002875	As012G271600	XP_010500665.1, XP_010461933.1, XP_010479551.1, XP_010466254.1, XP_010509075.1, XP_010488039.1
OG0002876	As012G271660	XP_019098784.1, XP_010479560.1, XP_019091150.1
OG0002876	As012G272980	XP_010479367.1, XP_019096314.1
OG0002877	As012G281230	XP_010427242.1, XP_010504339.1, XP_010516057.1, XP_010505594.1, XP_019102538.1, XP_010509039.1
OG0002878	As012G282870	XP_019099727.1, XP_010427456.1
OG0002879	As012G283630	XP_010504630.1, XP_010516317.1, XP_010427573.1, XP_010512912.1, XP_010517621.1, XP_010508729.1, XP_010507680.1
OG0002880	As012G283930	XP_019102408.1, XP_010504660.1, XP_010427606.1, XP_010491111.1, XP_010423432.1, XP_010452481.1
OG0002881	As012G284190	XP_019101931.1
OG0002890	As011G267320	XP_019092776.1
OG0002890	As001G000270	XP_010438470.1, XP_019089607.1, XP_010433231.1
OG0002891	As007G179070	XP_010429343.1, XP_010472384.1, XP_010417131.1
OG0002891	As001G002500	XP_010497202.2, XP_010438175.1
OG0002892	As007G176760	XP_010472522.1, XP_010429510.1, XP_010417284.1
OG0002893	As001G004560	XP_010447437.1, XP_010437952.1, XP_010432770.1, XP_010429525.1, XP_010417297.1, XP_010472532.1
OG0002894	As010G226250	XP_010425852.1, XP_010412520.1
OG0002894	As001G005380	XP_010437879.1, XP_010437878.1
OG0002895	As006G131970	XP_010472621.1, XP_010429610.1, XP_010417372.1
OG0002895	As001G005770	XP_010447316.1, XP_010432633.1, XP_010437829.1
OG0002896	As001G012130	XP_010447205.1, XP_010432525.1, XP_010437728.1
OG0002896	As011G262260	XP_010517533.1, XP_010467235.1, XP_010488893.1
OG0002897	As001G014440	XP_010437569.1, XP_010432379.1, XP_010447037.1
OG0002897	As011G263470	XP_010467385.1
OG0002898	As001G014610	XP_010487524.1, XP_010504467.1, XP_019092559.1
OG0002899	As001G016720	XP_010461039.1, XP_010499768.1, XP_010478643.1, XP_010505062.1, XP_010509606.1, XP_010516729.1
OG0002900	As004G079980	XP_010516761.1, XP_010509583.1, XP_010505084.1
OG0002900	As001G017470	XP_010434759.1, XP_019086570.1, XP_010440091.1, XP_010449707.1
OG0002901	As001G021000	XP_010510904.1, XP_010418026.1, XP_010473261.1
OG0002902	As001G021920	XP_010418153.1, XP_010430197.1, XP_019093936.1
OG0002903	As001G022250	XP_019099009.1, XP_010476594.1, XP_010459036.1, XP_010496890.1, XP_010476597.1
OG0002904	As008G182720	XP_010496442.1, XP_010458982.1, XP_010476538.1
OG0002904	As001G023030	XP_010424966.1, XP_010513921.1, XP_010502184.1
OG0002905	As001G026940	XP_010425601.1, XP_010514527.1, XP_010502820.1
OG0002906	As001G031240	XP_010473609.1, XP_010418390.1, XP_019091733.1
OG0002907	As002G049140	XP_010443430.1, XP_010452079.1
OG0002907	As002G032540	XP_010438827.1, XP_010448361.1, XP_010433584.1
OG0002908	As002G034870, As002G049680	XP_010506838.2, XP_019082454.1, XP_019099823.1, XP_010507834.2, XP_019095365.1, XP_010483360.1, XP_010443511.1, XP_010453057.1
OG0002909	As002G036070	XP_010494590.1, XP_010464736.1, XP_010486672.1
OG0002909	As009G214320	XP_010452377.1, XP_010423539.1, XP_010490998.1
OG0002910	As002G037490	XP_010464906.1, XP_010497727.1, XP_010486834.1
OG0002911	As002G039050	XP_010465010.1, XP_010498992.1, XP_010486942.1, XP_010419996.1, XP_010453489.1, XP_010492167.1
OG0002912	As002G045830	XP_010442948.1, XP_010482780.1
OG0002912	As006G132290	XP_010460273.1, XP_019094871.1, XP_019097217.1
OG0002913	As002G046250	XP_010443023.1, XP_010448212.1, XP_010482854.1, XP_010448161.1, XP_010438641.1, XP_010433386.1
OG0002914	As002G047770, As006G134250	XP_010438738.1, XP_010448256.1, XP_010433485.1
OG0002915	As002G049850	XP_010453117.1, XP_010483370.1, XP_010453288.1
OG0002916	As002G050530	XP_010478037.1, XP_010460473.1, XP_019095586.1, XP_010460500.1, XP_010478079.1, XP_010503413.1
OG0002917	As002G051300	XP_019084723.1, XP_010419778.1, XP_010453259.1, XP_010491949.1
OG0002918	As002G054630	XP_010421119.1, XP_010493437.1, XP_010454601.1, XP_010491453.1, XP_010423117.1, XP_010452808.1
OG0002919	As002G055050	XP_019097854.1, XP_019084376.1, XP_010456436.1
OG0002920	As002G055540	XP_010452677.1, XP_010423239.1, XP_010491327.1, XP_010483934.1, XP_010458257.1, XP_010444072.1
OG0002921	As003G055710	XP_010434681.1, XP_010449629.1, XP_010440019.1
OG0002921	As004G091060	XP_010441465.1, XP_010494977.1
OG0002922	As004G089490	XP_010481401.1, XP_010494880.1
OG0002923	As003G059680	XP_010434151.2, XP_019087801.1, XP_019089080.1, XP_019088898.1, XP_019087369.1, XP_010451309.1
OG0002924	As004G085010	XP_019090618.1, XP_010422182.1, XP_010433735.1
OG0002924	As003G060750	XP_010439289.1, XP_010433996.1, XP_010448845.1
OG0002925	As003G060930	XP_010455610.1, XP_010434035.1, XP_010422147.1
OG0002926	As003G062430, As004G083750	XP_010499848.1, XP_010461122.1, XP_010437085.1, XP_010421963.1, XP_010455444.1
OG0002927	As004G083280, As004G083270	XP_010437739.1, XP_010421910.1
OG0002927	As003G062980	XP_010480867.1, XP_010461205.1, XP_010499922.1
OG0002928	As003G063290	XP_010478854.1
OG0002928	As010G234620	XP_010428030.1, XP_010415894.1, XP_010471192.1
OG0002929	As003G063510	XP_019094920.1
OG0002930	As003G069000	XP_010499358.1, XP_010478203.1, XP_010460622.1
OG0002931	As003G071890	XP_019086053.1, XP_019089794.1, XP_010437449.1, XP_010446903.1
OG0002932	As003G073230	XP_010446715.1, XP_010432102.1
OG0002932	As007G179420	XP_010429303.1, XP_010472347.1, XP_010417099.1
OG0002933	As003G073620	XP_010446666.1, XP_010497199.1, XP_010432064.1, XP_010437234.1, XP_010417072.1, XP_010472316.1, XP_010429260.1
OG0002934	As003G074190	XP_019088875.1, XP_010437172.1, XP_010432020.1
OG0002934	As007G180010	XP_010429198.1, XP_010472262.1, XP_010417027.1
OG0002936	As003G075770	XP_010431862.1, XP_010446443.1, XP_010437007.1
OG0002937	As003G075880, As003G075870	XP_010431848.1, XP_010446419.1, XP_010436996.1, XP_019086179.1, XP_010444884.1
OG0002939	As004G080670	XP_010455273.1, XP_019084014.1, XP_010436585.1, XP_019090597.1
OG0002940	As004G080970	XP_010509782.1, XP_010455259.1, XP_010436493.1
OG0002941	As004G092810	XP_019089464.1, XP_019086519.1, XP_019086434.1, XP_019089473.1, XP_019098208.1
OG0002942	As004G095150	XP_010440528.1, XP_010435185.1, XP_010450105.1
OG0002942	As011G255680	XP_010466730.1, XP_010488450.1, XP_010512813.1
OG0002943	As004G097800	XP_010441276.1, XP_010436056.1, XP_010450562.1, XP_010436054.1, XP_019089571.1, XP_010441278.1
OG0002944	As012G288390	XP_010413274.1, XP_010468947.1, XP_010512643.1
OG0002945	As011G262010, As005G099620	XP_010459108.2, XP_010476660.2, XP_010497332.2
OG0002946	As005G100780	XP_010518305.2, XP_010508036.2
OG0002946	As012G287630	XP_010469107.1, XP_010512521.1, XP_019082773.1
OG0002947	As012G286270	XP_010512352.1, XP_010413570.1, XP_010473820.1, XP_010497461.1
OG0002947	As005G102260	XP_010506428.1, XP_019101992.1, XP_010508233.1
OG0002948	As005G102730, As005G102740	XP_010435372.2, XP_010424279.1, XP_010421279.1, XP_010454773.1, XP_010493618.1, XP_010493616.1, XP_010497097.1
OG0002949	As005G102770	XP_019100626.1, XP_019101181.1, XP_010470310.2, XP_010511362.1
OG0002950	As005G102900, As005G120840	XP_010466136.1
OG0002951	As005G103310	XP_010413040.1, XP_010413041.2, XP_019099886.1, XP_010508364.1, XP_010517967.2, XP_010508363.1, XP_010506293.1
OG0002952	As005G103620	XP_010508394.1, XP_010517943.1, XP_010506257.1, XP_010512233.1
OG0002953	As005G103850	XP_019082362.1, XP_010508423.1, XP_010506226.1
OG0002954	As005G103920, As012G285590	XP_010413682.1, XP_019093962.1, XP_019101701.1
OG0002955	As005G106570	XP_010451983.1, XP_010490562.1, XP_019084407.1
OG0002956	As005G112690	XP_010497367.1, XP_010420963.1, XP_010493235.1
OG0002957	As010G225170	XP_010514887.1, XP_010503176.1, XP_010425983.1
OG0002957	As005G114440	XP_010456164.1
OG0002958	As007G178300, As005G115210, As005G115130, As005G115110	XP_010443790.1, XP_010477463.1
OG0002959	As005G118360	XP_010422853.1, XP_010491699.1, XP_010453061.1
OG0002960	As005G119270	XP_010484513.1, XP_010464171.1, XP_010444660.1
OG0002961	As005G120200	XP_010484625.1, XP_010444776.1, XP_010465263.1, XP_010424897.1, XP_010515460.1, XP_010503757.1
OG0002962	As006G120960	XP_019090761.1, XP_010499404.1, XP_010478249.1, XP_010460662.1, XP_010478248.1, XP_010499401.1
OG0002963	As006G122220	XP_010422735.1, XP_010456170.1, XP_010428102.1
OG0002963	As008G198490	XP_010480608.1, XP_010474703.1, XP_010457168.1
OG0002964	As006G123120	XP_019090418.1, XP_010424662.2, XP_019085110.1
OG0002965	As006G124330	XP_010481767.1, XP_010441914.1, XP_010494425.1
OG0002966	As008G197040	XP_010475024.1, XP_010482763.1, XP_010457413.1
OG0002966	As006G124460	XP_010441947.1, XP_010481777.1, XP_010494410.1
OG0002967	As006G124650	XP_010441953.1, XP_010481796.1, XP_010494386.1
OG0002967	As008G196470	XP_010483122.1, XP_010457447.1, XP_010475055.1
OG0002968	As008G196450	XP_010475059.1
OG0002968	As006G124680	XP_010441966.2, XP_010481807.2
OG0002969	As008G196060	XP_010457500.1, XP_010475112.1, XP_010483898.1
OG0002969	As006G125390	XP_010509904.1, XP_010469492.1, XP_010413888.1
OG0002970	As006G125530	XP_010509914.1
OG0002970	As008G195970	XP_010457515.1, XP_010475123.1
OG0002971	As008G195980	XP_010475122.1, XP_010457514.1, XP_019098820.1
OG0002972	As008G195210	XP_010484738.1, XP_010475189.1
OG0002972	As006G126330	XP_010413995.1, XP_010510018.1, XP_010469586.1
OG0002973	As008G193960	XP_010485841.1, XP_010457746.2, XP_010475347.1
OG0002974	As006G129330	XP_010414467.1, XP_019098662.1, XP_010470032.1, XP_010510566.1, XP_010475526.1, XP_010487754.1, XP_010457953.1
OG0002975	As006G132020	XP_010432656.1, XP_010447335.1, XP_019089016.1, XP_010417365.1
OG0002976	As006G133020	XP_019097258.1, XP_010420089.1, XP_010485396.1, XP_010435637.1, XP_010496290.1
OG0002977	As006G133120	XP_010496299.1, XP_010435628.1
OG0002977	As009G200420	XP_010420116.1, XP_010453597.1
OG0002978	As006G134070	XP_010483493.1, XP_010454334.1, XP_010443635.1, XP_010419660.1, XP_010491800.1, XP_010453145.1
OG0002979	As006G134610	XP_010443166.1, XP_010482984.1, XP_010449567.1, XP_010438710.1, XP_010448225.1, XP_010433452.1
OG0002980	As006G138640	XP_010464049.1, XP_010485964.1, XP_010425345.1
OG0002980	As009G206310	XP_010455114.1, XP_019083989.1, XP_010494003.1
OG0002981	As006G139720	XP_010492946.1
OG0002982	As006G144850	XP_010505161.1, XP_010509490.1
OG0002983	As006G145220	XP_010509448.1, XP_010505216.1, XP_010516891.1
OG0002983	As012G276680	XP_010515799.1, XP_010504069.1, XP_010426942.1
OG0002984	As006G145240	XP_010509442.1, XP_010505218.1, XP_010516895.1, XP_019100769.1, XP_010422119.1, XP_010513018.1
OG0002985	As006G145790, As006G145780	XP_010505292.1, XP_010509373.1, XP_010516974.1
OG0002986	As006G146440, As006G146490, As012G283220, As012G283210	XP_019090012.1
OG0002987	As007G152650	XP_010476713.1, XP_010459150.1, XP_010476715.1, XP_010497656.1, XP_010476714.1, XP_010497671.1, XP_019099030.1, XP_010476717.1
OG0002988	As010G238160	XP_010428563.1, XP_010416429.1, XP_010471652.1
OG0002988	As007G155970	XP_010477197.1, XP_010498394.1
OG0002989	As007G160830, As007G160820	XP_010474291.1, XP_010431489.1, XP_010419161.1, XP_010445145.1, XP_010436395.1, XP_010451204.1, XP_010433700.1, XP_010445146.1, XP_010448751.1, XP_019089523.1, XP_010451200.1, XP_010438918.1, XP_010433677.1, XP_010438945.1, XP_010433701.1, XP_010457520.1, XP_010484047.1, XP_010475129.2, XP_019094366.1
OG0002990	As010G229850, As007G161280	XP_010477925.1, XP_010499108.1
OG0002991	As007G165450	XP_010438869.1, XP_010448416.1, XP_010433622.1, XP_010433623.1, XP_010448417.1, XP_010445130.1
OG0002992	As008G185970	XP_010458551.1, XP_010492929.1, XP_010476078.1
OG0002993	As008G188150	XP_010490186.1, XP_010458258.1
OG0002994	As008G195400	XP_019094368.1, XP_010457576.2, XP_019094367.1, XP_010441146.1, XP_019089225.1
OG0002995	As008G197220	XP_019091957.1, XP_010474948.1, XP_010481812.1
OG0002996	As009G211470	XP_010493912.1, XP_010424349.1
OG0002996	As009G205440	XP_010455005.1
OG0002997	As009G207200	XP_010455206.2, XP_010421708.1, XP_010494115.1, XP_010494119.1, XP_010494118.1
OG0002998	As009G211120	XP_010452637.1, XP_010491276.1, XP_010423286.1
OG0002999	As009G213270	XP_010423471.1, XP_010491077.1, XP_010452447.1
OG0003000	As009G217860	XP_019097600.1, XP_019094605.1, XP_019096077.1, XP_019093281.1, XP_019088504.1
OG0003001	As009G218700	XP_010444058.1, XP_010483915.1, XP_010458423.1
OG0003002	As010G225190	XP_010503178.1, XP_010425984.1
OG0003003	As010G241350	XP_010476879.1, XP_010498078.1, XP_010415988.1, XP_010471271.1, XP_010428124.1
OG0003004	As011G246950	XP_010462238.1, XP_010500988.1, XP_010479906.1, XP_010465398.1, XP_010502183.1
OG0003005	As011G248900	XP_010487527.1, XP_010465685.1
OG0003006	As012G274340	XP_010449841.1, XP_010434871.1
OG0003006	As011G249140	XP_010504843.1
OG0003007	As011G249150	XP_010434857.1, XP_010449817.1, XP_010440185.1, XP_010504868.1, XP_010487568.1, XP_010465727.1
OG0003008	As012G273130	XP_010461702.1, XP_010479304.1, XP_010500417.1
OG0003008	As011G250370	XP_010465916.1, XP_019102507.1
OG0003009	As012G272550	XP_010479423.1, XP_010500543.1, XP_010461840.1
OG0003010	As012G271740	XP_010479573.1, XP_010500683.1, XP_010461946.1
OG0003010	As011G253010	XP_010466279.1, XP_010509292.1
OG0003011	As011G255440	XP_010488421.1, XP_010466699.1, XP_010488420.1, XP_010488417.1, XP_010466696.1
OG0003012	As011G256320, As011G256300	XP_010488526.1, XP_010466830.1, XP_010513375.1
OG0003013	As011G263620	XP_010516138.1, XP_010467407.1, XP_010489265.1, XP_010447004.1, XP_010437533.1, XP_010432345.1
OG0003014	As011G264920	XP_010467595.1, XP_010413244.1, XP_010489440.1, XP_010432820.1
OG0003015	As011G266410	XP_010495940.1, XP_010489137.1, XP_010416758.1
OG0003016	As012G271370	XP_010462003.1, XP_010500746.1, XP_010479663.1, XP_010509987.1, XP_010488122.1, XP_010466358.1
OG0003017	As012G271460	XP_010500735.1, XP_010479644.1
OG0003017	As012G284290	XP_010461991.1
OG0003018	As012G281520	XP_010516079.1, XP_010427279.1, XP_010504364.1, XP_010505609.1, XP_010517284.1, XP_010509021.1
OG0003019	As012G282450, As012G282290	XP_010487314.1, XP_019096800.1, XP_010502420.1, XP_010465436.1, XP_010489836.1, XP_010463450.1
OG0003020	As012G285870	XP_010517988.1, XP_010506310.1, XP_010508347.1, XP_010413623.1, XP_010512277.1
OG0003033	As001G000700	XP_010447919.1, XP_010433163.1, XP_010438387.1
OG0003033	As011G266880	XP_010416099.1, XP_010495917.1, XP_010489078.1
OG0003034	As001G002000, As001G001990, As001G001960, As001G001980, As001G001970	XP_019101013.1, XP_019093537.1, XP_010414450.1, XP_019098799.1
OG0003035	As001G005220	XP_010418004.1
OG0003036	As001G012870	XP_010447118.1, XP_010437653.1, XP_010432446.1, XP_010488951.1, XP_010518114.1, XP_010467291.1
OG0003037	As001G014600	XP_010447023.1, XP_010432367.1
OG0003038	As001G015900	XP_010460957.1, XP_010478578.1, XP_010499681.1, XP_010463038.1, XP_010463039.1, XP_010516756.1, XP_010505080.1
OG0003039	As008G187230	XP_010462622.1, XP_010480413.1, XP_010491157.1
OG0003039	As001G020340	XP_010511001.1, XP_010470182.1
OG0003040	As001G020420	XP_010510987.1, XP_010414623.1, XP_010470169.1, XP_010510986.1, XP_010470168.1, XP_010414621.1
OG0003041	As001G021030	XP_010418021.1, XP_010510909.1, XP_010513359.1
OG0003041	As008G186920	XP_010458430.1, XP_010491767.1, XP_010475948.1
OG0003042	As001G026770	XP_010425568.1, XP_010514498.1, XP_010502794.1
OG0003044	As008G185100	XP_010422205.1
OG0003044	As001G031920	XP_019093490.1, XP_010430348.1, XP_010418273.1
OG0003046	As002G045170, As002G045180	XP_010482735.1, XP_010442906.1, XP_010438533.1, XP_010448062.1, XP_010433292.1
OG0003047	As002G053800	XP_010422982.1, XP_010491573.1, XP_010452936.2
OG0003048	As005G116650	XP_019095471.1, XP_019093955.1
OG0003048	As002G054230	XP_010491501.1, XP_010452868.1, XP_010444282.1
OG0003049	As003G055940	XP_010434644.1, XP_010439982.1, XP_010449594.1
OG0003049	As004G089930	XP_010481363.1, XP_010494935.1, XP_010441497.1
OG0003050	As004G085000	XP_010433756.1
OG0003050	As003G060760	XP_010433995.1, XP_010439286.1, XP_010439288.1, XP_010448844.1
OG0003051	As003G060980	XP_010433957.1, XP_010448791.1, XP_010439244.1
OG0003051	As004G084740	XP_019084738.1, XP_010455596.1
OG0003052	As004G080140	XP_010421858.1, XP_010438288.1, XP_010455351.1
OG0003052	As003G063420	XP_010501780.1, XP_010461271.1, XP_010478879.1
OG0003053	As004G080710	XP_010438506.1, XP_010496541.1, XP_010455240.1
OG0003053	As003G064290	XP_010510258.1, XP_019083080.1, XP_010469771.1
OG0003054	As003G065530	XP_010461546.1, XP_010479152.1, XP_010500273.1
OG0003054	As004G082430	XP_010494212.1, XP_010481964.1, XP_010442131.1
OG0003055	As003G068720	XP_010460602.1, XP_010499331.1, XP_010478192.1
OG0003056	As003G068860	XP_010469426.1, XP_010413808.1, XP_010509832.1
OG0003057	As003G071950	XP_019088054.1, XP_019086527.1, XP_019089474.1
OG0003057	As011G264610	XP_019092020.1, XP_019096600.1, XP_019083708.1
OG0003058	As007G179280	XP_010472357.1, XP_010417106.1, XP_010429313.1
OG0003058	As003G073190	XP_010437285.1, XP_019086385.1
OG0003059	As004G078830	XP_010509663.1, XP_010507545.1, XP_010516679.1
OG0003059	As004G087400	XP_010494550.1, XP_010441807.1, XP_010481669.1
OG0003060	As004G085950	XP_010432036.1, XP_010422334.1, XP_010455807.1, XP_010439434.1
OG0003061	As004G091040	XP_010481328.1, XP_010494978.1, XP_010441462.1
OG0003062	As004G091700	XP_019088855.1, XP_010440711.1, XP_010435430.1, XP_010424666.1, XP_010490182.1, XP_019092550.1
OG0003063	As011G256870	XP_010513666.1, XP_010488576.1, XP_010466894.1
OG0003063	As004G093720	XP_010435301.1, XP_010440665.1, XP_010450305.1
OG0003064	As004G095360	XP_010466658.1, XP_010512371.1, XP_010488388.1
OG0003065	As004G096320	XP_019088020.1, XP_019098154.1, XP_019086525.1, XP_010449953.1, XP_010466454.1, XP_010488213.1, XP_019082952.1
OG0003066	As005G098610	XP_010473635.1, XP_010418429.1, XP_010430505.1
OG0003066	As012G288910	XP_010511039.1, XP_010470223.1
OG0003067	As005G101750	XP_010506482.1, XP_010518152.1, XP_010508176.1
OG0003067	As012G286910	XP_010413516.1, XP_010469144.1, XP_019101726.1
OG0003068	As005G103410	XP_010512256.1, XP_019093765.1, XP_019082950.1
OG0003069	As005G106180	XP_010505922.1
OG0003069	As012G283700	XP_010516324.1, XP_010504639.1, XP_010427582.1
OG0003070	As010G226890	XP_010503038.1, XP_010514720.1, XP_019085466.1
OG0003071	As010G225530	XP_010425942.1, XP_010514861.1, XP_010503169.1
OG0003072	As005G114410	XP_019093112.1, XP_010443819.1, XP_010483670.1
OG0003073	As005G117990, As006G139190	XP_010464134.1, XP_010486056.1, XP_010432302.1
OG0003074	As010G221490	XP_010426501.1, XP_010503642.1, XP_010515338.1, XP_010515339.1
OG0003074	As005G118890	XP_010484431.1, XP_010463652.1
OG0003075	As005G118970	XP_010444614.1, XP_010463781.1, XP_019095687.1
OG0003075	As010G221440	XP_010426507.1, XP_010515345.1, XP_010503648.1
OG0003076	As005G119750	XP_010484571.1, XP_010444716.1, XP_010464758.1, XP_010503719.1, XP_010515422.1, XP_010426592.1
OG0003079	As006G121290	XP_010419619.1, XP_019089866.1
OG0003079	As008G199130	XP_010474795.1, XP_010457085.1, XP_010479839.1
OG0003080	As006G127070	XP_010414104.1, XP_010510176.1, XP_010469689.1
OG0003080	As008G194380	XP_010485343.1, XP_019091700.1
OG0003081	As009G218020	XP_019088032.1, XP_019088035.1, XP_019095838.1
OG0003082	As006G128060	XP_010469851.1, XP_010414263.1, XP_010510361.1
OG0003083	As008G192920	XP_010475483.1
OG0003083	As006G128710	XP_019101425.1, XP_010469922.1
OG0003084	As006G130370	XP_010417919.1, XP_010473164.1, XP_010510744.1, XP_010510738.1, XP_010473159.1
OG0003085	As006G130800	XP_010473118.1, XP_010510790.1, XP_010417879.1
OG0003087	As006G136280	XP_010467981.2
OG0003087	As009G203210	XP_010492676.1, XP_010420443.1
OG0003088	As006G138140	XP_019088222.1, XP_010485882.1, XP_010463981.1, XP_010466541.1, XP_010466542.1, XP_010466543.1, XP_010488292.1, XP_010511497.1
OG0003089	As006G139090	XP_010486043.1, XP_010464117.1, XP_010431230.1, XP_010421557.1, XP_010493953.1, XP_010455067.1, XP_010486047.1
OG0003090	As009G204770, As009G204780	XP_010454146.1, XP_010492935.1, XP_010420670.1
OG0003090	As006G139800, As006G139810	XP_010486114.1, XP_010464191.1, XP_010437136.1
OG0003091	As012G278880	XP_010503877.1, XP_019085569.1
OG0003093	As010G243940	XP_010472953.1, XP_010417729.1, XP_010429986.1
OG0003093	As007G152110	XP_010497194.1, XP_010476638.1, XP_010459084.1
OG0003094	As007G153470	XP_010476839.1, XP_010459265.1, XP_010498045.1
OG0003095	As007G153700	XP_010459302.1, XP_010498071.1, XP_010476871.1, XP_010442530.1, XP_010442117.1, XP_010482356.1
OG0003096	As007G159050	XP_010442171.1, XP_010442172.1, XP_010481983.1, XP_010494187.1, XP_010477562.1
OG0003097	As007G160110	XP_010460207.1, XP_010477749.1, XP_010498954.1, XP_010415671.1, XP_010471000.1, XP_010512071.1
OG0003099	As010G221090, As008G186160	XP_010412693.1, XP_010431210.1, XP_010495284.1
OG0003101	As009G200630	XP_019084635.1, XP_019090300.1, XP_010492306.1
OG0003101	As009G206010	XP_010482123.1, XP_010442314.1
OG0003102	As009G211480	XP_010419992.1, XP_010492163.1, XP_010453485.1
OG0003103	As009G218070	XP_010483816.1, XP_019093327.1, XP_010423182.1, XP_010491384.1, XP_019090474.1
OG0003104	As009G218270	XP_019087680.1
OG0003104	As009G218280	XP_010483850.1, XP_010457652.1
OG0003105	As010G223280, As009G219090	XP_010503407.1, XP_010515104.1, XP_010426262.1, XP_010503405.1, XP_010426256.1, XP_010412621.1
OG0003106	As010G220410	XP_010426663.1, XP_010503803.1, XP_010515512.1
OG0003107	As010G223630	XP_010503347.1, XP_010515053.1
OG0003108	As010G227010	XP_010514716.1, XP_010503032.1, XP_010425810.1
OG0003109	As010G240450	XP_010428237.1, XP_010416116.1, XP_010471385.1, XP_010428238.2, XP_010428240.1, XP_010416122.1, XP_010428250.1, XP_010428249.1
OG0003110	As010G243040	XP_010480189.1, XP_010501256.1, XP_010462489.1
OG0003111	As012G268350	XP_010480094.1, XP_010462408.1
OG0003112	As012G268700, As011G245490	XP_010464444.1, XP_010460575.1, XP_010486375.1
OG0003113	As011G248020	XP_010465575.1, XP_010487423.1, XP_010503503.1, XP_010487422.1, XP_010503493.1, XP_010465574.1
OG0003114	As012G272710	XP_010500512.1, XP_010461810.1, XP_019094559.1
OG0003115	As012G271390, As011G253330	XP_010479656.1, XP_010461998.1
OG0003116	As011G255420	XP_010490069.2, XP_010466687.1, XP_010512493.1
OG0003117	As011G257560	XP_019098069.1, XP_010490123.2, XP_010468471.1, XP_010451605.1, XP_019088067.1, XP_019086545.1
OG0003118	As011G259380	XP_010467141.1, XP_019084474.1, XP_010456090.1, XP_010429078.1, XP_010422647.1
OG0003119	As011G263390	XP_010516721.1, XP_010489216.1, XP_010467373.1
OG0003120	As011G263430	XP_010516630.1, XP_010467377.1, XP_010489221.1
OG0003121	As012G269010	XP_010487170.1, XP_010465267.2, XP_010501105.1, XP_010462342.1, XP_019095245.1
OG0003122	As012G274910	XP_010516643.1, XP_010509701.1, XP_010478497.1
OG0003124	As012G278130	XP_010505400.1, XP_010517077.1, XP_010509245.1
OG0003139	As001G001020	XP_010438331.1, XP_010433126.1, XP_010447852.1, XP_010438298.1, XP_019086207.1
OG0003141	As001G013880, As001G013890	XP_010437624.1, XP_010432423.1, XP_010447094.1
OG0003142	As001G015570	XP_010444960.1, XP_010451043.1, XP_010436252.1
OG0003143	As004G083010	XP_010505094.1, XP_010516778.1, XP_010509569.1
OG0003143	As001G018020	XP_010440148.1, XP_010434813.1, XP_010449779.1
OG0003144	As008G186710	XP_010458452.1, XP_010475959.1, XP_010492012.1
OG0003144	As001G021150	XP_010510933.1, XP_010473243.1, XP_010418007.1
OG0003145	As001G021160	XP_010458460.1, XP_010492053.1, XP_010475956.1, XP_010473266.1, XP_010430072.1, XP_010418029.1
OG0003146	As001G023390	XP_010513997.1, XP_010502233.1, XP_010424999.1
OG0003147	As005G112830	XP_010436039.1, XP_010450578.1, XP_010441262.1
OG0003147	As001G025910	XP_010514385.1, XP_010502660.1, XP_010425438.1
OG0003148	As001G026170	XP_010502695.1
OG0003149	As001G027350	XP_010483851.1, XP_010457637.1, XP_010443993.1, XP_010483852.1
OG0003150	As001G027700	XP_010502866.1, XP_010514634.1, XP_010425720.1
OG0003150	As004G078350	XP_019087503.1
OG0003151	As001G029590	XP_010440787.1, XP_010435501.1, XP_019089819.1
OG0003152	As001G030740	XP_010430539.1, XP_010418473.1, XP_010473675.1
OG0003152	As004G098120	XP_010441331.1, XP_010447780.1, XP_010436115.1
OG0003153	As001G030750	XP_010418472.1, XP_010430538.1, XP_010473674.1, XP_010441330.1
OG0003154	As001G031280	XP_010418376.1, XP_010473599.1, XP_010430453.1
OG0003155	As009G214140, As002G036180	XP_010452396.2, XP_010423514.1, XP_010491024.1
OG0003156	As002G042480	XP_010461620.1, XP_010500330.1, XP_019094241.1
OG0003157	As006G134590, As002G047110	XP_010449330.1, XP_010443149.1, XP_010482962.1
OG0003158	As002G053170	XP_010453038.1, XP_010491668.1, XP_010422885.1
OG0003159	As003G058570	XP_010449175.1, XP_019087095.1, XP_010434285.1
OG0003161	As003G074400	XP_010496219.1
OG0003162	As004G079140	XP_010511523.1
OG0003163	As004G085770	XP_010432384.1, XP_010455775.1
OG0003164	As004G094040	XP_010440591.1, XP_010435273.1, XP_010450216.1
OG0003164	As011G256430	XP_010513404.1, XP_010466840.1
OG0003165	As010G242190, As004G096240	XP_010417493.1, XP_019093067.1, XP_010429744.1, XP_010417494.1, XP_010429745.1
OG0003166	As005G101140	XP_010506577.1, XP_010508088.1, XP_010518240.1
OG0003166	As012G287420	XP_010469075.1, XP_010413408.1
OG0003167	As005G101620, As005G101630	XP_010518171.1, XP_010508159.1, XP_010506505.1, XP_010518137.1, XP_010508196.1, XP_010506464.1, XP_019100639.1
OG0003168	As005G106450, As005G106500	XP_010486444.1, XP_010466909.1, XP_010464516.1, XP_010464517.1, XP_010486445.1, XP_010467071.1
OG0003169	As005G107740	XP_010468081.1, XP_010489727.1, XP_010418443.1, XP_010490733.2, XP_010424808.1, XP_010452118.2
OG0003170	As005G119110	XP_010444638.1, XP_010463972.1, XP_010484488.1
OG0003171	As006G122380	XP_010428327.1, XP_010422718.1, XP_010456155.1
OG0003172	As006G122440	XP_010428417.1, XP_010428489.1, XP_010456147.1, XP_010422710.1
OG0003174	As006G124110	XP_010422474.1, XP_010455902.1, XP_010430941.1, XP_010474977.1, XP_010482174.1, XP_010457360.1
OG0003175	As008G195660	XP_010475153.1, XP_019091856.1, XP_010484338.1
OG0003175	As006G125860	XP_010513106.1, XP_010418669.1
OG0003176	As006G125980, As006G125970	XP_010513102.1
OG0003177	As006G128880	XP_010510491.1, XP_010469954.1, XP_010414385.1
OG0003178	As006G133380	XP_010496426.1, XP_010485347.1
OG0003178	As009G200280	XP_010453528.1, XP_010420035.1, XP_010495184.1
OG0003179	As006G133480	XP_010435684.1, XP_010496416.1
OG0003179	As009G200340	XP_010492197.1, XP_010453516.1, XP_010420027.1
OG0003180	As009G207110	XP_010455191.1, XP_010421701.1, XP_010494105.1
OG0003180	As006G137880	XP_019097010.1, XP_010417830.1, XP_010463957.1
OG0003181	As006G138760	XP_010486005.1, XP_010428454.1, XP_010464079.1
OG0003182	As006G142190	XP_010486443.1, XP_010464514.1, XP_010466814.1
OG0003183	As006G143710	XP_010435975.1, XP_010450661.1, XP_010509060.1, XP_010505589.1, XP_010517258.1
OG0003184	As006G144650	XP_010516820.1, XP_010505142.1, XP_010509510.1
OG0003185	As006G148040	XP_010495684.1, XP_019102518.1, XP_010509210.1, XP_010505435.1, XP_010507607.1, XP_010517109.1, XP_010509207.1, XP_010517110.2, XP_010505439.1, XP_010509208.1
OG0003186	As007G154910	XP_010477031.1, XP_010498246.1, XP_010459471.1
OG0003186	As010G239450	XP_010471495.1, XP_010416235.1, XP_010428367.1
OG0003187	As010G237510	XP_019094167.1, XP_010428646.1, XP_010416506.1
OG0003187	As007G156370	XP_010477252.1, XP_010459703.1, XP_010498455.1
OG0003188	As007G156780	XP_010477319.1, XP_010498508.1, XP_010459760.1, XP_010498507.1, XP_010477318.1, XP_010459761.1
OG0003189	As007G156790	XP_010459762.1, XP_019094813.1, XP_010498509.1
OG0003190	As010G235870	XP_010497909.1, XP_010416698.1, XP_010471947.1, XP_010428833.1
OG0003190	As007G157810	XP_010477425.1, XP_010459898.1, XP_010498634.1
OG0003192	As007G159840	XP_019095066.1
OG0003193	As007G162010	XP_010460469.1, XP_010478032.1
OG0003194	As007G178260	XP_010447628.1, XP_010436318.1, XP_010438091.1, XP_010429401.1, XP_010472432.1
OG0003195	As007G180480	XP_010416973.1, XP_010472210.1, XP_010429130.1, XP_010472176.1, XP_019083464.1, XP_010490967.1
OG0003196	As008G182440	XP_010459017.1, XP_010476571.1, XP_010496710.1, XP_010496743.1
OG0003197	As008G184830	XP_019098963.1, XP_019090853.1, XP_019095294.1
OG0003199	As008G190490	XP_010467255.1, XP_010517675.1, XP_010488908.1, XP_010467256.1, XP_010488909.1, XP_010517708.1
OG0003200	As008G190800	NP_001289915.1, XP_010458079.1, XP_010475642.1
OG0003201	As008G194490	XP_010457530.1, XP_010484126.1, XP_010475136.1, XP_019091431.1
OG0003202	As008G197050	XP_010482740.1, XP_019091539.1, XP_010475023.1, XP_010507585.1, XP_010513012.1, XP_010412904.1
OG0003203	As009G206950	XP_010421673.1, XP_010455164.1, XP_010494074.1, XP_010485965.1, XP_010464050.1, XP_010425447.1
OG0003204	As009G214600	XP_010490957.1, XP_010452342.1, XP_010423575.1
OG0003205	As011G256540	XP_010434315.1
OG0003205	As009G215060	XP_010495499.1, XP_010456705.1
OG0003206	As009G215340	XP_010493791.1, XP_010421388.1
OG0003207	As009G217560	XP_010483739.1, XP_010443891.1, XP_010456769.1
OG0003208	As010G236670, As010G236680	XP_010428746.1, XP_010419230.1
OG0003209	As011G246360	XP_010489826.1, XP_010419131.1, XP_010489827.1
OG0003212	As011G248070	XP_010465581.1, XP_019096376.1, XP_010503542.1, XP_010465579.1
OG0003213	As011G248330	XP_010465630.1, XP_010487467.1, XP_010503894.1, XP_019091161.1, XP_010500814.1, XP_010479722.1
OG0003214	As011G250070	XP_010506283.1, XP_010465877.1, XP_019097104.1
OG0003215	As011G250690	XP_010479319.1, XP_010500434.1
OG0003216	As011G265500	XP_010468724.1, XP_010467631.1, XP_010414050.1
OG0003217	As011G267290	XP_010489013.1, XP_010467788.1
OG0003218	As012G270030	XP_010479841.1, XP_010462165.1, XP_010500935.1, XP_010462166.1, XP_010471433.1, XP_010500936.2, XP_010479842.1, XP_010436862.1
OG0003219	As012G271490	XP_010479639.1, XP_010500731.1, XP_010461988.1
OG0003220	As012G272530	XP_010500544.1, XP_010461841.1, XP_019094677.1
OG0003221	As012G275000	XP_019088384.1, XP_019088456.1, XP_019088461.1, XP_019087848.1, XP_019087849.1, XP_019086213.1, XP_019088385.1, XP_019095861.1, XP_019087847.1
OG0003222	As012G281200	XP_010504333.1, XP_010427237.1, XP_010504334.1, XP_010427238.1, XP_010516053.1
OG0003223	As012G282130	XP_010417332.1, XP_010472572.1, XP_010447374.1, XP_010437900.1, XP_010432704.1, XP_010429560.1
OG0003224	As012G282320, As012G282440	XP_010516189.1, XP_010504466.1, XP_010427400.1, XP_010505730.1, XP_010508910.1, XP_010517420.1
OG0003225	As012G284760	XP_019099740.1, XP_010504501.1, XP_019084892.1
OG0003226	As012G285770	XP_019082375.1, XP_019100612.1, XP_010508374.1
OG0003247	As001G002660	XP_010447694.1, XP_010432965.1, XP_010438154.1
OG0003247	As007G178960	XP_010472397.1, XP_010417141.1, XP_010429354.1
OG0003248	As001G002810, As007G178580	XP_019083717.1, XP_010472401.1, XP_010429358.1
OG0003249	As001G004570	XP_010432769.1, XP_010447436.1, XP_010437951.1, XP_010429526.1, XP_010417300.1, XP_010472533.1
OG0003250	As001G004950	XP_010432725.1, XP_019088170.1, XP_010447394.1, XP_010472554.2, XP_019085136.1
OG0003251	As001G010070	XP_019098127.1, XP_019087430.1, XP_010435045.1, XP_010449952.1, XP_019098146.1
OG0003252	As001G012160	XP_010447203.1, XP_010437726.1
OG0003253	As006G124430, As006G124420, As001G012340	XP_010441951.1, XP_010481774.1, NP_001289907.1
OG0003254	As001G012950, As001G013440	XP_010507692.1, XP_010413008.1, XP_019100722.1
OG0003255	As004G078910	XP_010490747.1, XP_010475875.1
OG0003256	As001G024690	XP_010495130.1, XP_010458775.1, XP_010476318.1, XP_010514183.1, XP_010425217.1, XP_010502455.1
OG0003257	As001G026920	XP_010514526.1, XP_010502816.1, XP_010425598.1, XP_019087513.1, XP_010496786.1, XP_010436825.1
OG0003258	As004G077970	XP_010441009.1, XP_010450863.1, XP_010435788.1
OG0003258	As001G028150	XP_010514688.1
OG0003259	As001G032020, As001G032030	XP_010430317.1, XP_010418247.1, XP_010473477.1, XP_010473478.1, XP_010430319.1, XP_010430320.1
OG0003260	As002G043840	XP_010427413.1, XP_010504489.1, XP_010516205.1, XP_010427412.1, XP_010504487.1, XP_010516203.1
OG0003261	As002G044910	XP_010442865.1
OG0003261	As002G044920	XP_010438552.1
OG0003262	As002G045810	XP_010446054.1, XP_010482782.1, XP_010442951.1
OG0003263	As006G134380	XP_019086124.1, XP_010438677.1
OG0003263	As002G046720	XP_010448890.1, XP_010443096.1
OG0003264	As002G051950	XP_010491850.1, XP_010419687.1, XP_010453174.1, XP_010493797.1, XP_010421392.1, XP_019090251.1
OG0003265	As002G052510	XP_010453108.1, XP_010491751.1, XP_010422817.1
OG0003266	As009G217180	XP_010421132.1, XP_010493452.1, XP_010454613.1
OG0003266	As002G054550	XP_010424727.1, XP_010423106.1, XP_010423104.1, XP_010491464.1
OG0003267	As002G054690	XP_010491442.1, XP_010423125.1, XP_010452795.1
OG0003268	As003G057170	XP_010449481.1, XP_010439824.1, XP_010434499.1
OG0003269	As003G063720, As003G063650, As003G063670, As003G060450, As004G085330	XP_019098526.1
OG0003270	As003G064000	XP_010501802.1, XP_010463165.1
OG0003271	As003G068290	XP_010478161.1, XP_010460577.1, XP_010499299.1, XP_010497764.1, XP_019099726.1, XP_010507474.1
OG0003272	As003G071130	XP_010460855.1, XP_010478471.1
OG0003273	As012G274890	XP_010516645.1
OG0003274	As003G071680	XP_010446924.1, XP_010432285.1, XP_010437475.1
OG0003275	As011G264570	XP_010514779.1, XP_010467540.1
OG0003275	As003G071920	XP_010446900.1, XP_010437444.1, XP_010432252.1
OG0003276	As011G265520	XP_010489515.1, XP_010467623.1, XP_010413989.1
OG0003277	As003G072780	XP_010446772.1, XP_010432160.1, XP_010437329.1
OG0003278	As003G076070	XP_010436976.1, XP_019086591.1, XP_010446395.1
OG0003279	As003G076080	XP_010431828.1, XP_010446394.1, XP_010436975.1
OG0003280	As004G079190	XP_010509591.1, XP_010505072.1, XP_010516740.1
OG0003282	As004G092460	XP_010440768.1, XP_010450419.1, XP_010435467.1, XP_010467062.1, XP_010488748.1, XP_010412561.1
OG0003283	As004G093520	XP_010450284.1, XP_010440651.1, XP_010495985.1
OG0003284	As004G094590	XP_010440534.1, XP_010450167.1, XP_010435229.1, XP_010488478.1
OG0003285	As004G094820	XP_010495831.1, XP_010450162.1, XP_010435225.1, XP_010496964.1, XP_010481086.1, XP_010513503.1, XP_019085219.1
OG0003286	As004G095820	XP_010440405.1, XP_010440404.1, XP_010450004.1, XP_010435079.1, XP_019096439.1
OG0003287	As004G096020	XP_010449974.1, XP_019087803.1, XP_010435053.1, XP_010511384.1, XP_010466525.1
OG0003288	As005G099390	XP_010518455.1, XP_010507880.1, XP_010506787.1
OG0003289	As005G103340	XP_010517964.1, XP_010507726.1, XP_010512865.1
OG0003293	As010G222620	XP_010431133.1, XP_010515170.1, XP_010503484.1
OG0003293	As005G116260	XP_010444220.1, XP_010460157.1, XP_010484067.1
OG0003294	As005G117700	XP_010484256.1
OG0003295	As010G221600	XP_010426489.1, XP_010503631.1, XP_010515326.1
OG0003295	As005G118770	XP_010444585.1, XP_010484412.1, XP_010463501.1
OG0003296	As005G120210	XP_010484626.1, XP_010465297.2, XP_019087702.1
OG0003296	As010G220690	XP_010515463.1, XP_019085367.1, XP_010503759.1
OG0003297	As005G120390	XP_010484649.1, XP_010444801.1, XP_010465534.1
OG0003298	As006G124470	XP_010441946.1, XP_010494408.1, XP_010481779.1
OG0003298	As008G196710	XP_010482903.1
OG0003299	As006G126230	XP_010509995.1, XP_010469569.1, XP_010413975.1, XP_010484651.1, XP_010475180.1
OG0003300	As006G128530	XP_019094886.1, XP_019097859.1, XP_019083048.1, XP_019101419.1, XP_019093129.1
OG0003301	As006G130610	XP_010417856.1, XP_010510811.1, XP_010473102.1, XP_010417858.1, XP_010510813.1
OG0003302	As006G131610	XP_010417438.1, XP_010472674.1, XP_019085880.1, XP_010437784.1, XP_010432595.1, XP_010447267.1
OG0003303	As009G200360, As006G133490	XP_010496415.1, XP_010435686.1
OG0003304	As006G133920	XP_010451927.1
OG0003304	As006G142030	XP_010464489.1, XP_010464583.1, XP_010486423.1
OG0003305	As009G202840	XP_010453865.1, XP_010420395.1, XP_010492622.1
OG0003306	As006G138040	XP_010419141.1, XP_010485867.1, XP_010463970.1, XP_010494087.1, XP_010421684.1, XP_010455169.1
OG0003307	As006G138370	XP_010424387.1, XP_010494027.1, XP_010455139.1
OG0003308	As006G141290	XP_010464390.1, XP_010455517.1, XP_010486323.1, XP_010510598.1, XP_010511538.1, XP_010466438.1, XP_010493647.1, XP_010442251.1, XP_010482080.1
OG0003309	As006G148620, As009G212270	XP_010438914.1, XP_010438912.1, XP_010433671.1
OG0003310	As007G153460	XP_019090864.1, XP_010498042.1, XP_010476838.1
OG0003310	As010G241900	XP_010429680.1, XP_010472686.1, XP_010417450.1
OG0003311	As007G153610	XP_010476862.1, XP_010498064.1, XP_010459291.1
OG0003312	As010G240150	XP_010471412.1, XP_010416164.1, XP_010428277.1
OG0003312	As007G154450	XP_010498222.1, XP_010477012.1, XP_010459450.1
OG0003313	As007G154590	XP_010476998.1, XP_010498208.1
OG0003314	As010G238780, As007G155340	XP_010416331.1, XP_010428468.1, XP_010459542.1, XP_010459537.1
OG0003315	As007G157170	XP_010459826.1, XP_010498570.1, XP_010477381.1
OG0003316	As007G158290	XP_010498689.1, XP_010459968.1, XP_010459976.1, XP_010498695.1, XP_010477487.1
OG0003317	As007G158600	XP_010477516.1, XP_010460014.1, XP_010498732.1
OG0003318	As007G159430	XP_010498836.1, XP_010460116.1, XP_010477624.1
OG0003319	As007G160400	XP_010512016.1
OG0003321	As007G176610	XP_019085315.1
OG0003322	As008G185720	XP_010454571.1, XP_010421091.1, XP_010458575.1, XP_010493161.1, XP_010476102.1
OG0003323	As008G192340, As008G192600	XP_010475516.1, XP_010457939.1, XP_010487643.1
OG0003324	As009G200870, As009G200840	XP_010485519.1, XP_019092556.1
OG0003325	As009G206630, As009G206770	XP_010494034.1, XP_010421651.1
OG0003326	As009G211740	XP_010423310.1, XP_010491252.1
OG0003327	As009G213040	XP_010504458.1, XP_019101925.1
OG0003329	As010G229480	XP_010415383.1, XP_010470720.1, XP_010511755.1, XP_010470721.1, XP_010511756.1, XP_010415385.1, XP_010474193.1, XP_010415382.1, XP_010511754.1, XP_010470719.1
OG0003330	As010G232880	XP_010512046.1, XP_010470989.1, XP_010415652.1
OG0003331	As010G235720	XP_010428854.1, XP_010471966.1, XP_010416727.1
OG0003332	As010G238330	XP_010498371.1, XP_010459618.1, XP_010477165.1, XP_010471629.1, XP_010416390.1, XP_010428532.1
OG0003333	As010G239610	XP_019094038.1, XP_010416216.1, XP_010480527.1
OG0003334	As010G242170	XP_010472717.1, XP_010417491.1, XP_010429723.1, XP_010472716.1, XP_010429721.1, XP_010417490.1
OG0003335	As010G242230	XP_010472720.1, XP_010417498.1, XP_010429749.1
OG0003336	As012G268160, As011G245170	XP_019096367.1, XP_010465155.1, XP_010500304.1, XP_019100108.1, XP_010487081.1, XP_010465157.1
OG0003337	As012G274170	XP_010479200.1, XP_010461599.1, XP_010500307.1
OG0003338	As011G254220	XP_019097036.1, XP_010466491.1, XP_010420938.1, XP_010435006.1, XP_010496130.1, XP_010440360.1
OG0003339	As012G269870	XP_019094595.1
OG0003340	As012G283900	XP_010504661.1, XP_019085362.1, XP_010516352.1, XP_010427602.1
OG0003341	As012G284510, As012G284500	XP_010504754.1, XP_010504753.1, XP_010427711.2, XP_010516455.1, XP_010427710.1, XP_010504752.1
OG0003342	As012G284940	XP_010507707.1, XP_010512890.1, XP_010413020.1
OG0003343	As012G288080	XP_010484158.1, XP_010444318.1, XP_010478380.1
OG0003359	As001G004550	XP_010432773.1, XP_010447440.1, XP_010437955.1
OG0003360	As001G004820	XP_010436296.1, XP_010447403.1, XP_019088576.1
OG0003362	As001G012370	XP_010488907.1, XP_010496773.1, XP_010447188.1, XP_010437713.1, XP_019089277.1
OG0003363	As001G012710	XP_010437637.1, XP_010432435.1, XP_010447106.1
OG0003363	As011G262480	XP_010437638.1, XP_010517878.1, XP_010488931.1, XP_010496487.1
OG0003364	As001G014620	XP_010432370.1, XP_010437557.1, XP_010447026.1
OG0003366	As001G017300, As004G079860	XP_010434724.1, XP_010440059.1, XP_010449670.1, XP_010509642.1, XP_010516688.1
OG0003367	As001G023260	XP_019085782.1, XP_010502219.2, XP_010513964.1, XP_010496260.1, XP_010476520.1, XP_010458963.1
OG0003368	As001G023790	XP_010514064.1, XP_010502307.1, XP_010425070.1, XP_010426572.1, XP_010419542.1, XP_010445524.1
OG0003370	As008G184030	XP_010431332.1, XP_010504135.1
OG0003370	As001G024850	XP_010425239.1, XP_010514207.1, XP_010502468.1
OG0003371	As004G097400	XP_010450649.1, XP_010441203.1
OG0003371	As001G026520	XP_010514464.1, XP_010502764.1
OG0003372	As001G027560	XP_010514618.1, XP_010502906.1, XP_010425693.1
OG0003373	As004G077410	XP_010435690.1
OG0003375	As001G031110	XP_010418415.1, XP_010473625.1, XP_010430489.1
OG0003376	As002G033240, As002G032580	XP_010438821.1, XP_010448350.1, XP_010433574.1
OG0003377	As002G048700	XP_010443367.1, XP_010483193.1, XP_010451734.1
OG0003377	As002G032770	XP_010448327.1, XP_010433553.1
OG0003378	As002G040740	XP_010482301.1, XP_010441379.1, XP_010445996.1, XP_010439045.1, XP_010448570.1, XP_010433773.1
OG0003379	As002G047130	XP_019086217.1, XP_010448222.1, XP_019087333.1
OG0003380	As002G049460	XP_010483318.1, XP_010443488.1, XP_010452800.1
OG0003381	As002G049570	XP_019089398.1, XP_019088554.1, XP_019086589.1, XP_019095745.1
OG0003382	As002G053070	XP_010484303.1, XP_010462467.1, XP_010444467.2, XP_010453051.1, XP_010491681.1, XP_010422870.1
OG0003383	As009G218010	XP_010457301.1, XP_010443959.1, XP_010483808.1
OG0003384	As003G057350	XP_010434470.1, XP_010449420.1, XP_010439775.1, XP_010439792.1, XP_010449446.1, XP_010434480.1
OG0003385	As003G058630, As004G086710	XP_010449168.1, XP_010439573.1
OG0003386	As008G183260, As008G183150, As011G253860, As003G060190	XP_019088925.1, XP_019086121.1, XP_019087140.1, XP_019086573.1, XP_019086566.1, XP_019088096.1, XP_019089500.1
OG0003387	As004G083680	XP_010421958.1, XP_010437137.1, XP_010455437.1
OG0003389	As003G069450	XP_010478258.1, XP_019091063.1
OG0003390	As003G070950	XP_010499572.1, XP_010460833.1, XP_019094638.1, XP_010460830.1, XP_010478426.1
OG0003391	As011G265200, As003G072890	XP_010446758.1, XP_010432147.1, XP_010437317.1
OG0003392	As003G074460	XP_010446593.1, XP_010437148.1, XP_010446591.1, XP_010432000.1
OG0003392	As007G180200	XP_010417011.1, XP_010472241.1, XP_010429172.1
OG0003393	As003G074560	XP_010431997.1, XP_010446565.1, XP_010437145.1
OG0003394	As004G077150	XP_010435563.1, XP_010450488.1
OG0003396	As004G084450	XP_019089752.1, XP_010422085.1, XP_010455537.1, XP_010455538.1, XP_010435073.1, XP_010422086.1
OG0003397	As004G088040	XP_010441701.1, XP_010494666.1
OG0003398	As011G258010	XP_010514092.1, XP_010488637.1, XP_010466949.1
OG0003399	As004G094640	XP_010435226.1, XP_010450163.1, XP_010495830.1, XP_010496963.1
OG0003400	As004G094890	XP_010450126.1, XP_010450147.1, XP_010450149.1, XP_010450148.1, XP_010435213.1, XP_010435218.1, XP_019098105.1
OG0003401	As004G095800	XP_010435085.1, XP_010440409.1
OG0003402	As004G096470	XP_010434988.1, XP_010440313.1, XP_010451497.1, XP_010451498.1, XP_010436577.1, XP_010451500.1
OG0003403	As012G288800	XP_010512693.1, XP_010468903.1
OG0003404	As005G099700	XP_010507915.1, XP_010507916.1, XP_010518417.1, XP_010506755.1
OG0003405	As012G285790, As005G103390	XP_010508371.1, XP_010517961.1, XP_010506282.1, XP_010469268.1, XP_010413640.1, XP_010512257.1
OG0003406	As005G104810	XP_010514154.1, XP_010502406.1, XP_010425183.1
OG0003407	As006G142110	XP_010486431.1, XP_010464503.1
OG0003408	As010G221480	XP_010503643.1, XP_010426502.1, XP_010515340.1
OG0003408	As005G118920	XP_010463712.1, XP_010484440.1
OG0003409	As005G119220	XP_010444652.1, XP_010484504.1, XP_010464099.1, XP_010503665.1, XP_010515362.1, XP_010426527.1
OG0003410	As006G121820	XP_010427577.1, XP_010422790.1, XP_010456230.1
OG0003410	As008G198740	XP_010480196.1, XP_010474753.1, XP_010457115.1
OG0003411	As006G123300	XP_010429796.1, XP_010422578.1, XP_010456019.1, XP_019098689.1
OG0003412	As006G126310	XP_010413992.1, XP_010469583.1, XP_010510014.1
OG0003412	As008G195230	XP_010484720.1, XP_010457589.1, XP_010475186.1
OG0003413	As006G127980	XP_010414250.1, XP_010469839.1, XP_010510340.1
OG0003414	As006G128650	XP_010414343.1, XP_010469930.1, XP_010510459.1
OG0003415	As006G133010, As006G132990	XP_010485394.1, XP_010435640.1, XP_010496288.1, XP_019097355.1, XP_010424091.2
OG0003416	As009G202130	XP_010420308.1, XP_010453780.1, XP_010492507.1
OG0003416	As006G135620	XP_010485581.1, XP_010463681.1, XP_010499659.1
OG0003417	As006G138460	XP_010494014.1
OG0003418	As006G138650	XP_010464047.1, XP_010485960.1, XP_010425236.1, XP_010455117.1, XP_010421604.1, XP_010494004.1
OG0003419	As006G139780	XP_010489695.1, XP_019092155.1
OG0003419	As009G204810	XP_010496741.1, XP_010454155.1, XP_010420679.1
OG0003420	As006G142690, As006G142680	XP_010517441.1, XP_010441229.1, XP_010445692.1, XP_010505748.1, XP_010508867.1, XP_010508889.1
OG0003421	As006G144990	XP_010511609.1, XP_010496113.1, XP_010415237.1
OG0003422	As006G146040	XP_010505317.1, XP_010517003.1, XP_010509348.1
OG0003422	As012G277250	XP_010504115.1, XP_010515843.1, XP_010427003.1
OG0003423	As006G146860	XP_010478691.1, XP_010456774.1
OG0003424	As006G147230	XP_010505502.1, XP_010509149.1
OG0003425	As007G152070	XP_010497177.1, XP_010459080.1, XP_010476636.1, XP_010471571.1, XP_010416339.1, XP_010428474.1
OG0003426	As007G153720	XP_010498072.1, XP_010476872.1, XP_010459303.1
OG0003427	As007G156960	XP_010477348.1
OG0003428	As007G157140	XP_010477374.1, XP_010477375.1, XP_010459823.1, XP_010514728.1, XP_010514727.1
OG0003429	As007G157150	XP_010477378.1, XP_010498566.1
OG0003429	As010G236620	XP_019082685.1, XP_010471846.1, XP_010419330.1
OG0003430	As007G160070	XP_010477744.1, XP_010460198.1, XP_010498946.1
OG0003430	As010G233060	XP_010419120.1, XP_010512077.1, XP_010471006.1
OG0003431	As007G160430	XP_010498990.1, XP_010462883.1, XP_010477805.1, XP_019091044.1, XP_019082649.1, XP_010474233.1
OG0003432	As007G161360	XP_010477935.1, XP_010499117.1, XP_010460390.1
OG0003433	As007G176830	XP_010472512.1, XP_010429502.1, XP_010417265.1, XP_010447481.1, XP_010432805.1, XP_019087305.1, XP_010497277.1
OG0003434	As007G179680	XP_010417076.1, XP_010472323.1, XP_010417077.1, XP_010429269.1
OG0003435	As008G186250	XP_010485179.1
OG0003435	As008G199000	XP_019094302.1
OG0003436	As008G188270, As008G188260	XP_010490088.1, XP_010458239.1, XP_010475787.1
OG0003437	As009G200110	XP_010442732.1, XP_010442578.1, XP_010482424.1
OG0003438	As009G200700	XP_010501826.1, XP_010463536.1, XP_010485503.1, XP_010492317.1, XP_010453626.1
OG0003439	As009G203440	XP_010492707.1, XP_010453949.1, XP_010420477.1
OG0003440	As009G203860	XP_010438436.1, XP_010453994.1, XP_010420519.1, XP_010492765.1
OG0003441	As009G218660	XP_010483922.1, XP_010458364.1
OG0003442	As009G219280	XP_010426275.1
OG0003443	As010G222150	XP_010515260.1, XP_019100240.1, XP_010426418.1
OG0003444	As010G223080	XP_010515121.1, XP_019084804.1
OG0003445	As010G225730	XP_010454578.1, XP_010421095.1, XP_010493405.1
OG0003446	As010G233880	XP_010477587.1, XP_010460081.1, XP_010498807.1
OG0003447	As010G235060	XP_010428082.1, XP_010471236.1, XP_010414839.1
OG0003448	As010G242830	XP_010417607.1, XP_010472799.1, XP_010429828.1, XP_010476743.1, XP_010497797.1, XP_019091008.1
OG0003449	As011G244700	XP_010465062.1, XP_010499565.1, XP_010487011.1
OG0003450	As012G268610	XP_010501152.1, XP_010462385.1, XP_010480072.1
OG0003450	As011G245440	XP_010465192.1
OG0003451	As011G249780, As011G249760	XP_010487667.1, XP_010505803.1
OG0003452	As011G250120	XP_010506359.1, XP_010465882.1, XP_010487722.1, XP_010487721.1
OG0003454	As011G262740	XP_010488962.1, XP_010517429.1, XP_010467302.1, XP_010488961.1, XP_010518197.1
OG0003455	As011G263340	XP_019099029.1, XP_019096607.1
OG0003456	As012G270150	XP_010500915.1, XP_010462143.1
OG0003457	As012G281150	XP_010427234.1, XP_010516047.1, XP_010504330.1
OG0003458	As012G286630, As012G286600	XP_010487039.2, XP_010499758.1, XP_010465089.1
OG0003481	As001G001730	XP_010438254.1, XP_010433058.1, XP_010447804.1
OG0003482	As011G265570	XP_010447734.1, XP_010438192.1, XP_010433000.1
OG0003482	As001G002340	XP_010467707.1, XP_010489589.1, XP_010414627.1
OG0003483	As001G003300	XP_010500285.1, XP_010479162.1, XP_010461556.1
OG0003484	As001G004940	XP_010447395.1, XP_010432726.1, XP_010437915.1, XP_010417321.1, XP_010472553.1, XP_010429547.1
OG0003485	As005G117350, As001G010570	XP_010447221.1, XP_019088707.1, XP_010436275.1
OG0003487	As001G018480	XP_019094375.1, XP_010458123.1, XP_010414902.1, XP_010470351.1, XP_010511196.1
OG0003488	As001G019520	XP_010414796.1, XP_010470306.1, XP_010511366.1, XP_010414795.1, XP_010511367.1, XP_010470305.1
OG0003489	As001G020530	XP_010418834.1, XP_010470161.1, XP_010510979.1, XP_010458403.1, XP_010475923.1
OG0003490	As008G186500	XP_010458494.1, XP_010492361.1, XP_010476008.1
OG0003491	As001G026430	XP_010502744.1, XP_010425510.1, XP_010450645.1, XP_010435985.1, XP_010441204.1
OG0003492	As001G029250	XP_019093487.1, XP_010415129.1, XP_010511506.1, XP_010435550.1, XP_010440827.1, XP_010450477.1
OG0003493	As002G035090	XP_010479209.1, XP_010464657.1, XP_010486577.1, XP_010464656.1, XP_010479310.1, XP_010486578.1
OG0003494	As002G039730	XP_010482260.1, XP_010440994.1, XP_010442439.1
OG0003495	As002G043280, As010G230860	XP_019088078.1, XP_010482459.1, XP_019086169.1, XP_010442610.1
OG0003496	As002G044500	XP_010442826.1, XP_010482659.1, XP_019091290.1
OG0003498	As002G052050	XP_019090321.1
OG0003499	As002G053620	XP_010452961.1, XP_010491603.1, XP_010422958.1, XP_010461870.1, XP_010444384.1
OG0003500	As002G053920	XP_010423009.1, XP_010491553.1
OG0003500	As005G117030	XP_010484178.1, XP_010444334.1
OG0003501	As002G053940	XP_010507992.1, XP_010487918.1, XP_010466135.1
OG0003502	As003G059690	XP_010434149.1, XP_010439447.1, XP_010449023.1
OG0003503	As003G061590	XP_010445170.1, XP_010448686.1, XP_010433888.1, XP_010439178.1, XP_010433913.1, XP_010448714.2
OG0003504	As004G080010	XP_010437993.1, XP_010421887.1
OG0003504	As003G063140	XP_010499941.1, XP_010478820.1, XP_010461221.1
OG0003505	As003G063630	XP_010478923.1, XP_010461297.1, XP_010500018.1, XP_010455317.1, XP_010421827.1, XP_010436023.1
OG0003506	As003G071210	XP_010499601.1, XP_010478486.1, XP_010460867.1
OG0003507	As003G071290	XP_010478505.1, XP_010460880.1, XP_010499617.1
OG0003508	As011G264580	XP_019096591.1, XP_010514770.1, XP_010467539.1
OG0003508	As003G071930	XP_010437445.1, XP_010432253.1, XP_010446901.1
OG0003510	As007G179660	XP_010417081.1, XP_010429275.1
OG0003510	As003G073500	XP_010446681.1, XP_010437243.1, XP_010432071.1
OG0003511	As004G077480	XP_010450966.1, XP_010440902.1
OG0003512	As004G082150	XP_010494262.1, XP_010442094.1, XP_010481921.1, XP_010461478.1, XP_010500192.1, XP_010479078.1
OG0003513	As004G086220	XP_019090165.1, XP_010431590.1, XP_010449096.1, XP_010434203.1, XP_010439497.1
OG0003515	As004G090550	XP_010449661.1, XP_010434707.1
OG0003516	As004G092820, As006G139030	XP_010492467.1, XP_019086285.1, XP_019089374.1, XP_010495855.1, XP_019092178.1, XP_019092782.1, XP_010486743.1, XP_010489770.1, XP_019096200.1, XP_019099480.1, XP_010486728.1
OG0003517	As011G258520, As004G092880	XP_010440618.1, XP_010440616.1, XP_019089736.1, XP_010435338.1, XP_010435356.1, XP_010450239.1
OG0003518	As004G093510	XP_010450282.1, XP_010496003.1
OG0003518	As011G257380	XP_010466924.1, XP_010513809.1, XP_010488613.1
OG0003519	As004G094410	XP_019089309.1, XP_019087724.1, XP_019086414.1
OG0003520	As011G255310, As004G095400, As004G095420	XP_010512318.1, XP_010466655.1, XP_010488386.1, XP_010450050.1, XP_010435137.1, XP_010440473.1
OG0003521	As005G101360	XP_010466184.1, XP_010511378.1, XP_010477476.1, XP_010459958.1, XP_010436028.1, XP_010441252.1, XP_010450592.1, XP_019100641.1
OG0003522	As005G102020, As012G286680	XP_010413057.1, XP_010507747.1, XP_010512844.1
OG0003523	As005G104950	XP_010412833.1, XP_010516457.1, XP_010504760.1, XP_010427717.1, XP_010508585.1, XP_010506059.1, XP_010517753.1
OG0003524	As005G116500	XP_010484100.1, XP_010460681.1, XP_010444259.1
OG0003525	As005G118370	XP_010463230.1, XP_010484385.1, XP_010444544.1
OG0003526	As005G118840	XP_010484421.1, XP_010444596.1, XP_010463562.1
OG0003526	As010G221590	XP_010503632.1, XP_010515327.1, XP_010426490.1
OG0003527	As005G119570	XP_010444693.1, XP_010484552.1
OG0003528	As006G128300	XP_019101412.1, XP_010414291.1, XP_010469882.1, XP_010475452.1, XP_010457861.1, XP_010486989.1
OG0003529	As006G132680	XP_010438673.1, XP_010448187.1, XP_010433419.1
OG0003530	As009G201820	XP_010453746.1, XP_010492458.1, XP_010420279.1
OG0003530	As006G135480	XP_010485556.1, XP_010463658.1, XP_010498008.1
OG0003531	As006G139510	XP_010454203.1, XP_010424181.2, XP_010492987.1
OG0003532	As006G140580	XP_010464287.1, XP_010486224.1, XP_010446318.1, XP_010482177.1, XP_010497441.1, XP_019090513.1, XP_010442350.1
OG0003533	As006G143930, As006G143600	XP_010509055.1, XP_010448601.1, XP_010461593.1, XP_010517295.1, XP_010425503.1, XP_010425497.1
OG0003534	As012G281180, As006G143730	XP_010509042.1, XP_019102537.1, XP_010505591.1
OG0003535	As006G145120	XP_019099757.1, XP_010509460.1, XP_010429291.1
OG0003536	As007G153480	XP_010459267.1, XP_010476840.1, XP_010498047.1
OG0003536	As010G241850, As010G241810	XP_019091010.1
OG0003537	As010G240100	XP_019092994.1
OG0003537	As007G154540	XP_019095064.1, XP_010498213.1, XP_010459438.1
OG0003538	As007G155370	XP_019099077.1, XP_010477094.1, XP_010459546.1
OG0003539	As007G158680	XP_010415921.1, XP_010428053.2, XP_010471222.2
OG0003540	As007G159330	XP_010477608.1, XP_010460101.1, XP_010498824.1, XP_010415760.1
OG0003541	As007G159720	XP_010498883.1, XP_010460151.1, XP_010477679.1
OG0003541	As010G233300	XP_010427809.1, XP_010415713.1, XP_010471032.1
OG0003542	As007G161510	XP_010497608.1
OG0003544	As007G161850	XP_010440829.1, XP_010435555.1, XP_010450481.1
OG0003545	As008G186910	XP_010493833.1, XP_010455107.1, XP_010421590.1
OG0003546	As008G194740	XP_019082799.1, XP_010485067.1, XP_010475257.1, XP_010457645.1
OG0003547	As009G203240	XP_010492679.1, XP_010420446.1, XP_010453919.1
OG0003549	As009G207460, As009G207450	XP_010442412.1, XP_010440587.1, XP_010482219.1
OG0003550	As009G209470	XP_010493705.1
OG0003551	As009G215900	XP_019098320.1, XP_019090410.1, XP_019083936.1, XP_019083939.1, XP_019083940.1, XP_019090266.1
OG0003553	As009G219420	XP_010484022.1, XP_010444169.1, XP_010459711.1, XP_019088392.1, XP_010446246.1, XP_010484019.1
OG0003554	As010G220780, As010G220790	XP_010496578.1, XP_010431232.1, XP_010507375.1
OG0003555	As010G222500	XP_010426360.1, XP_010503501.1
OG0003556	As010G234140	XP_010460061.1, XP_010477567.1, XP_010498782.1, XP_010415831.1, XP_010471135.1, XP_010427950.1
OG0003557	As010G239860, As011G256410	XP_019092916.1
OG0003558	As010G242270	XP_010459228.1, XP_010476801.1
OG0003559	As010G242900	XP_019083546.1, XP_010472809.1, XP_019085167.1, XP_010476742.1, XP_010497784.1, XP_010459178.1
OG0003560	As012G269530	XP_010501024.1, XP_010462269.1
OG0003561	As011G246970	XP_019095507.1, XP_010465402.2, XP_010487295.1
OG0003562	As012G274480	XP_019088639.1
OG0003562	As011G249020	XP_010487553.1, XP_010504697.1, XP_010465706.1
OG0003563	As012G272950	XP_010466020.1, XP_010487815.1, XP_010507285.1
OG0003564	As012G271290	XP_010500763.1, XP_010479681.1
OG0003565	As011G255630, As011G255600	XP_010440524.1
OG0003566	As011G256770	XP_010436509.1
OG0003567	As011G265090	XP_019084639.1, XP_019092072.1, XP_019098934.1, XP_019092728.1, XP_010489578.1, XP_019092468.1, XP_019096673.1, XP_019096672.1
OG0003568	As012G285390	XP_019090551.1, XP_010421953.1, XP_010437218.1, XP_010488354.1
OG0003583	As001G000930	XP_010447279.1
OG0003584	As001G001330	XP_019086560.1, XP_010447850.1, XP_010438297.1
OG0003585	As004G094370, As001G001560	XP_010427347.1
OG0003586	As001G002510	XP_010442273.1, XP_010432981.1, XP_010447706.1, XP_010438172.1
OG0003587	As001G004330	XP_010472583.1, XP_010472598.1, XP_019083503.1, XP_010429573.1
OG0003588	As009G214690, As009G214680, As001G010330, As001G025770	XP_019097764.1, XP_019089988.1
OG0003589	As001G013500	XP_010500145.1, XP_019091416.1, XP_010437657.1, XP_010447123.1, XP_010432451.1
OG0003590	As001G015600	XP_010432296.1, XP_010437490.1, XP_010446941.1
OG0003591	As008G187420	XP_010475883.1, XP_010490792.1, XP_019090815.1
OG0003591	As001G020120	XP_010470222.1, XP_010511038.1, XP_010414702.1
OG0003592	As001G021480	XP_019085664.1, XP_010474566.1, XP_019082746.1, XP_010418060.1
OG0003593	As001G023410	XP_010502240.1, XP_010514002.1
OG0003594	As001G023630	XP_010425045.1, XP_010514043.1, XP_010502280.1, XP_010496058.1
OG0003595	As001G027090, As001G027080	XP_010502850.1, XP_010425628.1, XP_010514553.1
OG0003596	As001G028140	XP_010496052.1
OG0003597	As008G184580	XP_010494547.1, XP_010476246.1, XP_010458707.1
OG0003597	As001G031570	XP_010473544.1
OG0003598	As002G034020	XP_010486478.1, XP_010464556.1, XP_010469926.1, XP_010486461.1, XP_010464536.1, XP_010468550.1
OG0003599	As002G036480	XP_010464782.1, XP_010490578.2, XP_010464779.1, XP_010490985.1, XP_010490811.1, XP_010486712.1
OG0003600	As002G037270	XP_010514046.1, XP_019085926.1, XP_010495834.1, XP_010486801.1, XP_010464849.1
OG0003601	As002G038900	XP_010498880.1, XP_010464994.1, XP_019096163.1
OG0003603	As002G045060	XP_010442898.1, XP_010482727.1, XP_010445758.1
OG0003604	As002G045700	XP_010448119.1, XP_010446159.1, XP_010442963.1, XP_010482797.1
OG0003605	As002G046590	XP_010419317.1, XP_010431599.1, XP_010474440.1
OG0003606	As006G134260	XP_010448254.1, XP_010433484.1
OG0003606	As002G047760	XP_010450575.1
OG0003607	As002G051320	XP_010491945.1
OG0003608	As002G052010	XP_010488040.1, XP_010475558.1, XP_010457989.1
OG0003609	As002G053090, As002G053080	XP_010453047.1, XP_010491679.1, XP_010422874.1, XP_010453050.1, XP_010491680.1, XP_010422872.1
OG0003610	As005G117640, As002G053540	XP_010452976.1, XP_010491617.1, XP_010422944.1, XP_010484251.1, XP_010462907.1, XP_010444404.1
OG0003611	As003G056740	XP_010439864.1, XP_010517548.1, XP_010434547.1
OG0003612	As003G056880	XP_010439854.1, XP_010434536.1, XP_019091401.1, XP_010496224.1
OG0003613	As003G061640	XP_010455010.1, XP_010421514.1
OG0003614	As003G067760	XP_010460561.1, XP_010478146.1, XP_010499285.1, XP_010480688.1
OG0003615	As003G069250	XP_010460666.1, XP_010478254.1, XP_010499407.1
OG0003616	As003G072090	XP_010437422.1
OG0003617	As004G080040	XP_010455371.1, XP_010438041.1
OG0003618	As004G080680	XP_010431152.1, XP_019085336.1, XP_010504085.1
OG0003619	As004G080810	XP_010486694.1, XP_010464756.1, XP_010492758.1
OG0003620	As004G086980	XP_010494496.1, XP_010481745.1, XP_010441856.1, XP_010494497.2, XP_010481678.1, XP_019087216.1
OG0003621	As004G087120	XP_010494517.1, XP_010441836.1, XP_019095733.1
OG0003622	As004G089020	XP_010494830.1, XP_010481447.1, XP_010441573.1
OG0003623	As004G089520	XP_010492783.2, XP_010492784.1, XP_010424157.1, XP_019090061.1, XP_010492787.1, XP_010420529.1, XP_010454016.1, XP_010438440.1, XP_010495261.1, XP_010424154.1, XP_010492786.1, XP_010454017.1, XP_010420532.1
OG0003625	As005G099540	XP_010518436.1, XP_010507895.1, XP_010516167.1, XP_010467404.1, XP_010489259.1
OG0003626	As005G099800	XP_010507923.1, XP_010506743.1, XP_010518408.1
OG0003626	As012G288200	XP_010413294.1, XP_010512611.1, XP_010418570.1, XP_010468973.1
OG0003627	As005G101300	XP_010508111.1, XP_010508112.1, XP_010506554.1, XP_010518213.1
OG0003628	As005G102640	XP_010506380.1, XP_010508284.1, XP_010518054.1
OG0003629	As005G102860	XP_010506360.1, XP_010508303.1
OG0003630	As012G285840	XP_010413627.1, XP_010469261.1, XP_019101716.1
OG0003630	As005G103250	XP_010508356.1, XP_010506297.1, XP_010517976.1
OG0003631	As005G112390	XP_010454404.1, XP_010493208.1, XP_010420940.1
OG0003632	As005G116550	XP_010476526.1, XP_010496327.1, XP_010458972.1
OG0003633	As010G220870	XP_010426606.1
OG0003633	As005G119880	XP_019088575.1, XP_010484588.1, XP_019087701.1, XP_010464893.1
OG0003634	As005G119910	XP_010464955.1, XP_010444742.1, XP_019095824.1
OG0003635	As005G120780	XP_010484688.1, XP_019094763.1
OG0003636	As006G121740	XP_010474758.1, XP_010480147.1
OG0003637	As006G123230	XP_010429679.1, XP_010422591.1, XP_010481255.1, XP_010457275.1, XP_010474862.1
OG0003638	As006G123700	XP_010474926.1, XP_010456951.1, XP_019084359.1, XP_010424650.1, XP_010422538.1, XP_010430302.1
OG0003639	As006G131900	XP_010432628.1, XP_010437818.1, XP_019089560.1, XP_010429623.1, XP_010417387.1, XP_010472637.1
OG0003640	As006G133050	XP_010496293.2, XP_010435634.1
OG0003640	As009G199910	XP_010492262.1, XP_010453577.1, XP_010420094.2
OG0003641	As006G138200	XP_010423254.1, XP_010485911.1, XP_010464018.1
OG0003642	As009G205990, As006G138720	XP_010464082.1, XP_010486010.1
OG0003643	As006G143260	XP_019085795.1, XP_010412788.1
OG0003644	As010G244340	XP_010430043.1, XP_010417776.1, XP_010473009.1, XP_019085190.1, XP_010473008.1
OG0003645	As007G153070	XP_010476773.1, XP_010497979.1, XP_010459203.1
OG0003646	As007G154850	XP_019084996.1
OG0003647	As007G155620	XP_010494596.1, XP_010459584.1, XP_010477130.1, XP_010498337.1, XP_010480540.1, XP_010459575.1
OG0003648	As007G158410	XP_010477500.1, XP_010498709.1, XP_010459995.1
OG0003649	As007G161780	XP_010499161.1, XP_010460441.1, XP_010478000.1, XP_010470707.1, XP_010511738.1, XP_010415367.1
OG0003650	As007G164430	XP_010412848.1, XP_019085092.1, XP_019085610.1
OG0003651	As008G184180	XP_010476307.1, XP_010458760.2, XP_010495033.1
OG0003652	As008G194280, As008G193860	XP_010485961.1, XP_010457756.1, XP_010475360.1
OG0003653	As008G194560, As008G194590, As008G194680, As008G194690, As008G194540	XP_010457662.1, XP_010485192.1, XP_010475277.1, XP_010475278.1, XP_010457690.1
OG0003655	As009G202850	XP_010492623.1, XP_010420397.1, XP_010453866.1
OG0003656	As009G203220	XP_010492677.1, XP_010453918.1, XP_010420445.1, XP_010478910.1, XP_010501781.1, XP_019091098.1
OG0003657	As009G209290	XP_010499267.1, XP_010489793.1, XP_010465038.2, XP_010497315.1
OG0003658	As009G214410	XP_019084389.1, XP_010456396.2, XP_010452369.1, XP_019097811.1, XP_019084514.1, XP_010423548.1, XP_010490991.1, XP_019090511.1, XP_010490983.1
OG0003659	As009G218240	XP_010457595.1, XP_010483846.1, XP_010443988.1
OG0003660	As009G219910	XP_010453733.1, XP_010443583.1, XP_010436703.1, XP_010445551.1
OG0003661	As010G220530	XP_010503778.1, XP_010426644.1, XP_010515483.1, XP_010485334.1, XP_010478735.1, XP_010446299.1
OG0003662	As010G224350	XP_010503294.1, XP_010426120.1, XP_010514998.1, XP_010443680.1, XP_010483545.1
OG0003663	As010G232730	XP_010512012.1, XP_010470962.1, XP_010415619.1, XP_010497463.2, XP_010477802.1, XP_010460255.1, XP_010498989.1
OG0003664	As010G236810	XP_010456820.1
OG0003665	As010G241450	XP_019099049.1
OG0003666	As010G243710	XP_010417703.1, XP_010429950.1, XP_010472922.1
OG0003667	As011G244920	XP_019092191.1, XP_019101462.1, XP_010487052.1
OG0003668	As011G245570	XP_010462374.1
OG0003669	As012G268950	XP_010501112.1, XP_010480025.1, XP_010462346.1
OG0003669	As011G245800	XP_010499468.1, XP_019094474.1
OG0003670	As012G269210, As011G246210, As011G246190	XP_010465295.1, XP_010487199.1, XP_010501638.1
OG0003671	As011G247450	XP_010465493.1, XP_010502809.1, XP_010465490.1, XP_010487355.1, XP_010502796.1
OG0003672	As011G249210	XP_010489599.1, XP_010414738.1, XP_010467718.1
OG0003672	As012G274250	XP_019088689.1
OG0003673	As011G256420	XP_010466841.1, XP_010488538.1, XP_010513401.1
OG0003675	As011G260870	XP_010458030.1, XP_010488317.1, XP_010475597.1, XP_010450977.1, XP_010443286.1
OG0003676	As011G262250	XP_010467234.1, XP_010488870.1, XP_010517523.1
OG0003677	As012G270250	XP_019091379.1, XP_019094788.1, XP_019099516.1, XP_019092622.1, XP_019095663.1, XP_019096720.1
OG0003678	As012G271670	XP_010466267.1, XP_010488052.1, XP_010509183.1
OG0003679	As012G275890	XP_010509553.1, XP_010516312.1
OG0003680	As012G275950	XP_010503985.1, XP_010515708.1, XP_010426858.1
OG0003681	As012G277550	XP_010427024.1, XP_010515869.2
OG0003682	As012G282610	XP_010516209.2, XP_010427417.1, XP_010504494.1
OG0003683	As012G289380	XP_010426792.1, XP_010515642.1, XP_010503909.1
OG0003695	As001G000260	XP_010437906.1, XP_010447378.1, XP_010432711.1, XP_010447992.1, XP_010433233.1, XP_010438473.1
OG0003696	As001G002170	XP_010438209.1, XP_010447758.1, XP_010433020.1
OG0003697	As001G013520	XP_010432453.1, XP_010437658.1
OG0003698	As001G014650	XP_010437553.1, XP_010437552.1, XP_010432365.1, XP_010447019.1
OG0003699	As003G063440	XP_010461272.1, XP_010478880.1, XP_010499996.1
OG0003700	As001G017940	XP_019089790.1, XP_019089357.1
OG0003701	As001G023150	XP_010502209.1, XP_010424979.1, XP_010513955.1
OG0003702	As006G146620, As001G025510	XP_010425379.1, XP_019085406.1, XP_010425374.1, XP_010514321.1, XP_010514316.1
OG0003704	As001G032010	XP_010473484.1, XP_010430321.1, XP_010418257.1
OG0003705	As002G038400, As002G033540, As002G033530, As002G033330, As002G038420	XP_010517530.1, XP_010508793.1, XP_010505845.1
OG0003706	As002G033350	XP_019090966.1, XP_010418807.1
OG0003707	As002G041790	XP_010441706.1, XP_010482331.1, XP_010446000.1
OG0003708	As002G047410	XP_010443202.1, XP_010483016.1, XP_010449962.1
OG0003709	As002G048350	XP_010483144.1, XP_010443314.1, XP_010451380.1
OG0003710	As002G050330	XP_010480613.1, XP_010453394.1, XP_010419906.1, XP_010492080.1
OG0003711	As003G055860	XP_010439991.1, XP_010434653.1, XP_010449602.1
OG0003712	As003G058500	XP_010434304.1, XP_019089750.1, XP_010439597.1
OG0003713	As003G058930	XP_010434247.1, XP_010439536.1
OG0003715	As004G084520, As003G061370	XP_010455549.1, XP_010434936.1, XP_010422097.1
OG0003716	As012G283080	XP_010504571.1, XP_010516270.1
OG0003718	As012G283390, As003G068900, As012G283000, As012G283420, As003G068910	XP_019096486.1, XP_019088476.1, XP_010468598.1
OG0003719	As004G079960	XP_010452154.1, XP_010423797.1, XP_019097633.1
OG0003720	As004G080650	XP_010476205.1, XP_010458664.1, XP_010494091.1, XP_019084592.1, XP_019089963.1
OG0003721	As004G084480	XP_010422091.1, XP_010469061.1, XP_010455543.1
OG0003722	As004G093690	XP_010435308.1, XP_010440663.1, XP_010450303.1, XP_010466908.1, XP_010488590.1, XP_019098724.1
OG0003723	As011G255400	XP_010488403.1, XP_010512483.1
OG0003723	As004G095300	XP_010435155.1, XP_010450066.1
OG0003724	As004G096690	XP_010488160.1, XP_010510235.1, XP_010434938.1, XP_010440272.1, XP_010449915.1
OG0003726	As005G099480	XP_019102007.1, XP_010512809.1, XP_010507784.1, XP_010497084.1
OG0003727	As005G100910	XP_019100650.1, XP_010518283.1, XP_010508057.1
OG0003728	As005G103260	XP_010508357.1, XP_010506296.1, XP_010517975.1
OG0003729	As005G103280	XP_010517972.1, XP_010506295.1, XP_010512863.1, XP_010517973.1, XP_010507728.1
OG0003730	As005G105160	XP_010506020.1, XP_010517726.1
OG0003730	As012G284400	XP_010504736.1, XP_010427695.1, XP_010412831.2, XP_010516437.1
OG0003731	As005G108120	XP_010455097.1, XP_010493987.1, XP_010452192.1, XP_010490788.1
OG0003732	As005G115590	XP_010443710.1, XP_010443707.1, XP_010455085.1, XP_010483585.1, XP_010483581.1
OG0003733	As006G124860	XP_010441993.1, XP_010494351.1, XP_010481834.1
OG0003734	As006G124980	XP_010442010.1
OG0003735	As006G125180	XP_019090338.1, XP_010424443.1, XP_010469529.1, XP_010494313.1, XP_010442034.1, XP_019095584.1, XP_019095784.1
OG0003736	As006G125840	XP_010509972.1, XP_010469547.1, XP_010413950.1
OG0003738	As006G127030	XP_010510169.1, XP_010414094.1, XP_010469683.1
OG0003739	As006G127380	XP_010510212.1, XP_010414143.1, XP_010469734.1, XP_010469722.1
OG0003740	As006G127670	XP_010469777.1, XP_010414192.1, XP_010510261.1, XP_010475366.1, XP_010457765.1, XP_010486052.1
OG0003741	As006G130380	XP_010510739.1, XP_010473163.1, XP_010510743.1, XP_010473160.1
OG0003742	As006G131050	XP_010413980.1, XP_010469573.1, XP_010509998.1, XP_010473070.1, XP_010417831.1, XP_010510850.1
OG0003743	As009G201030, As006G135070	XP_010463600.1, XP_010485443.1, XP_010443979.1
OG0003744	As006G136120	XP_019091755.1, XP_010441303.1, XP_010436089.1, XP_010447379.1, XP_010441301.1, XP_010436088.1
OG0003746	As009G204820	XP_010454158.1, XP_010420680.1, XP_010496739.1
OG0003747	As006G140970	XP_010464337.1, XP_010486267.1, XP_010450124.1, XP_010464340.1, XP_019096957.1
OG0003748	As006G141550	XP_010457881.1, XP_010464421.1, XP_010486352.1
OG0003749	As006G141820	XP_010464452.1, XP_010461208.1, XP_019096170.1
OG0003750	As006G143250	XP_010496143.1, XP_019102372.1, XP_019084889.1, XP_019100348.1
OG0003752	As007G153770, As007G153790	XP_010498076.1, XP_019090804.1
OG0003753	As007G158090	XP_010459929.1, XP_010498665.1, XP_010480593.1
OG0003754	As007G160060	XP_010477743.1, XP_010460197.1, XP_010498945.1
OG0003755	As007G160580	XP_010499004.1, XP_010460272.1, XP_010477822.1, XP_010461306.1, XP_010500026.1, XP_010478930.1
OG0003756	As007G162820	XP_010448572.1, XP_010439052.1, XP_010433778.1, XP_010439047.1, XP_010448574.1, XP_010433781.1
OG0003758	As007G180320	XP_010429163.1, XP_010472230.1, XP_010417000.1, XP_010450259.1, XP_010440636.1, XP_010435328.1
OG0003759	As008G182680	XP_010458990.1, XP_010476545.2, XP_010496491.1
OG0003760	As008G188230	XP_010458243.1, XP_010490127.1, XP_010475794.1
OG0003762	As008G195820	XP_010494744.1, XP_010441656.1, XP_010481517.1, XP_010413911.1, XP_010469515.1, XP_010509925.1, XP_010489009.1, XP_010497471.1
OG0003763	As011G267040	XP_010490291.1, XP_010415905.1
OG0003763	As008G196490	XP_010457445.1, XP_010483095.1, XP_010475054.1
OG0003764	As008G198650	XP_010474728.1, XP_010462522.1
OG0003765	As009G201670	XP_010453737.1, XP_010492440.1, XP_010420265.1
OG0003766	As009G201910	XP_010495212.1, XP_010420280.1, XP_010456548.1
OG0003767	As009G217110	XP_010493464.1, XP_010421142.1, XP_010454621.1
OG0003768	As009G219380	XP_010459480.1, XP_010484009.1, XP_010444160.1
OG0003769	As009G220100	XP_010443548.1, XP_010483400.1, XP_010453468.1
OG0003770	As010G223730	XP_010515042.1, XP_010503336.1, XP_010426176.1, XP_010431074.1, XP_010503335.1, XP_010426175.1
OG0003771	As010G223770	XP_019085520.1, XP_010443608.1, XP_010443609.1, XP_010483464.1, XP_010454003.1
OG0003772	As010G226150	XP_010447195.1, XP_010432512.1, XP_010503101.1, XP_010514781.1, XP_010425869.1
OG0003773	As010G232260	XP_019094168.1, XP_010415559.1, XP_019101636.1
OG0003774	As010G232640	XP_010470941.1, XP_010415598.1, XP_010511993.1, XP_010511991.1, XP_010415599.1
OG0003775	As010G241780, As010G241710	XP_010500368.1, XP_010461661.1, XP_010479265.1
OG0003776	As010G242140	XP_010497623.1, XP_010417489.1, XP_010429720.1
OG0003777	As010G242360	XP_010429767.1, XP_010472736.1, XP_010417515.1
OG0003778	As011G251910, As012G272310, As012G272320	XP_010466145.1, XP_010487933.1
OG0003779	As011G252740	XP_010420268.1, XP_010488020.1, XP_010466236.1
OG0003780	As011G253670	XP_010479669.1, XP_010500755.1, XP_010462008.1
OG0003781	As011G256130	XP_010454157.1, XP_010454162.1, XP_010496740.1, XP_010421947.1, XP_010490090.1, XP_010468447.1
OG0003782	As011G260900	XP_010412518.1, XP_010488743.1, XP_010467056.1
OG0003783	As011G261510	XP_010494382.1, XP_010441957.1
OG0003784	As012G268240	XP_010501186.1, XP_010462421.1
OG0003785	As012G268460	XP_010462394.1, XP_010501156.1, XP_010480081.1
OG0003786	As012G271300	XP_010479682.1, XP_010462018.1, XP_010500762.1
OG0003787	As012G272640	XP_019091372.1
OG0003788	As012G278110	XP_019100325.1, XP_010515917.1, XP_010427069.1
OG0003790	As012G282770	XP_010412796.1, XP_010507478.1, XP_010431392.1, XP_010431394.1
OG0003791	As012G283110	XP_010504574.1, XP_019102391.1, XP_010427506.1, XP_010508784.1, XP_010517577.1, XP_010505858.1
OG0003792	As012G283540, As012G283530	XP_019084912.1, XP_010504616.1, XP_010516304.1, XP_010427557.1
OG0003823	As001G000130	XP_010438490.1, XP_010433247.1, XP_010433248.1, XP_010448012.1
OG0003824	As001G003930	XP_010447522.1, XP_010438016.1
OG0003827	As001G014340	XP_010437581.1, XP_010432390.1, XP_010447050.1, XP_019092357.1, XP_010490334.1
OG0003829	As004G079150	XP_010516742.1, XP_010505075.1
OG0003829	As001G016050	XP_010499710.1, XP_010478908.1, XP_010460984.1
OG0003830	As001G018400	XP_010470346.1, XP_010511192.1, XP_010414898.1
OG0003831	As008G187710, As001G019740	XP_010490486.1, XP_010458320.1, XP_010414743.1, XP_010511109.1
OG0003832	As001G022590	XP_010424917.1, XP_010502126.1, XP_010513867.1, XP_010483182.1, XP_010451674.1
OG0003833	As006G128100, As001G029870	XP_010469856.1, XP_010414269.1, XP_010510365.1
OG0003834	As001G030450	XP_010418516.1, XP_010430589.1
OG0003836	As002G034190	XP_010464572.1, XP_010486497.1, XP_010471493.1, XP_010423897.1, XP_010490628.1, XP_010452044.1
OG0003837	As002G035690	XP_010452962.1, XP_010422959.1, XP_010491604.1
OG0003838	As002G043340	XP_010482473.1, XP_010443104.1, XP_010442620.1, XP_010482472.1, XP_010442618.1, XP_010443070.1
OG0003839	As002G046090	XP_010443010.1, XP_010482841.1, XP_010446768.1
OG0003840	As002G047330	XP_019087203.1, XP_010483007.1, XP_010449871.1
OG0003841	As006G134090	XP_010448281.1, XP_010438767.1
OG0003841	As002G048100	XP_010443292.1, XP_010483112.1, XP_019092316.1
OG0003842	As002G050720	XP_010453346.1, XP_010419853.1, XP_010492030.1
OG0003843	As002G051750	XP_010419725.1, XP_019098090.1, XP_010453198.1
OG0003844	As004G088690, As003G056700	XP_010441611.1
OG0003845	As004G088260	XP_010439822.1, XP_010496879.1, XP_010449479.1
OG0003846	As003G061760, As003G061770	XP_010433875.1, XP_010439143.1, XP_010448670.1
OG0003847	As003G061780	XP_010439142.1, XP_010448669.1, XP_010433872.1, XP_019086579.1, XP_010433871.1
OG0003848	As003G062940, As003G062930	XP_010478801.1, XP_010501762.1, XP_010501761.1, XP_010501763.1, XP_019098530.1, XP_010499915.1, XP_010461198.1, XP_010478800.1
OG0003849	As004G083190, As003G063100	XP_010499932.1, XP_010463114.1, XP_010478812.1
OG0003850	As003G066510	XP_010500240.1, XP_010461514.1, XP_010479118.1
OG0003851	As003G070320	XP_010460761.1, XP_010499500.1, XP_019093653.1, XP_010478941.2, XP_010431504.1, XP_010451186.1, XP_010478360.1
OG0003852	As003G072180	XP_010437404.1, XP_010446861.1, XP_010432215.1
OG0003853	As003G073840	XP_010437212.1, XP_010432048.1, XP_010446649.1
OG0003854	As004G077370	XP_010450531.1, XP_019087903.1, XP_010435613.1
OG0003855	As004G080850	XP_010500158.1, XP_010424421.1, XP_010421741.1, XP_010455253.1, XP_010424424.1, XP_019084288.1, XP_010436428.1
OG0003856	As004G080910	XP_010461437.1, XP_010479042.1, XP_010500136.1
OG0003857	As004G082830	XP_019088200.1, XP_019095922.1, XP_019097853.1
OG0003858	As004G082850	XP_010482002.1, XP_010442152.1, XP_010494162.1, XP_010479477.1, XP_010500575.1
OG0003859	As004G084640	XP_010422118.1, XP_010455577.1, XP_010434611.1, XP_010455575.1, XP_010455576.1
OG0003860	As004G085360, As005G102330	XP_019088797.1, XP_010506416.1, XP_010508247.1, XP_010518087.1
OG0003861	As004G088000	XP_010481578.1, XP_010495719.1, XP_010494663.1, XP_010481564.1, XP_010441703.1
OG0003862	As004G088680	XP_010494788.1, XP_019096036.1, XP_010441613.1, XP_010434545.1, XP_019082296.1
OG0003863	As004G090680	XP_010441428.1, XP_010481290.1, XP_019098088.1, XP_019098451.1
OG0003864	As012G288630	XP_010413250.1, XP_010468923.2, XP_010512671.1
OG0003865	As005G100390	XP_010518339.1, XP_010506675.1, XP_010507993.1
OG0003868	As005G114040	XP_010456679.1, XP_019088563.1
OG0003869	As005G114220	XP_010443850.1, XP_010456508.1, XP_010483699.1, XP_010485265.1, XP_010456500.1, XP_010483698.1, XP_010443847.1
OG0003870	As005G114300	XP_019088029.1, XP_019088028.1, XP_010483688.1, XP_010456411.1
OG0003871	As005G114600, As010G224930	XP_010483649.1, XP_010443794.1, XP_010455858.1, XP_010416409.1, XP_010471641.1
OG0003872	As006G121350	XP_010419615.1, XP_010427264.1, XP_010456258.1, XP_010456228.1
OG0003873	As006G122480	XP_019089886.1, XP_010428534.1
OG0003874	As006G123540	XP_010430109.1, XP_010455989.1, XP_010422550.1
OG0003876	As006G126090	XP_010414109.1, XP_010469733.1, XP_010510184.1, XP_010469609.1, XP_010414012.1, XP_010510038.1
OG0003877	As006G132510	XP_010433393.1, XP_010448166.1
OG0003878	As006G139920	XP_010486142.1, XP_010438858.1, XP_010464205.1, XP_010503257.1, XP_010464206.1, XP_010438963.1, XP_010486143.1
OG0003880	As006G148820, As006G148810	XP_010462462.1, XP_010463496.1, XP_010463508.1, XP_010463504.1
OG0003881	As007G152470	XP_010472853.1
OG0003881	As010G243230	XP_019099026.1, XP_010476701.1, XP_010459138.1
OG0003882	As007G154510	XP_010459441.1, XP_010497368.1, XP_010498216.1, XP_010477003.1
OG0003883	As007G158890	XP_010475773.1, XP_010458224.1, XP_010498182.2, XP_019095079.1
OG0003884	As007G160570	XP_010477823.1, XP_010499003.1, XP_010460270.1
OG0003885	As007G163750	XP_010438954.1, XP_010433708.1, XP_010448500.1, XP_010442545.1, XP_010482369.1
OG0003886	As007G178360	XP_010438102.1, XP_010432923.1, XP_010447639.1
OG0003887	As008G182590	XP_010476558.1, XP_010462709.1, XP_010501467.1, XP_010437860.1, XP_010447350.1
OG0003888	As008G189140	XP_010501559.1, XP_019094436.1
OG0003889	As008G189240	XP_010475711.1, XP_019091589.1, XP_010489519.1
OG0003890	As008G194200	XP_010418730.1, XP_010469705.1, XP_010510200.1
OG0003891	As009G201620	XP_010453732.1, XP_010492432.1, XP_010420260.1
OG0003892	As009G202890	XP_019096331.1
OG0003893	As009G204140	XP_010454051.1, XP_010492829.1, XP_010420572.1
OG0003894	As009G206320	XP_010455118.1, XP_010421606.1, XP_010494006.1
OG0003896	As009G207440	XP_010442413.1, XP_010440606.1, XP_010482220.1, XP_010511759.1, XP_019083234.1
OG0003897	As009G212730	XP_010423397.1, XP_010491146.1, XP_010452509.1
OG0003898	As009G214230	XP_010424773.2, XP_010491033.1, XP_010452406.1
OG0003899	As009G215120	XP_010421430.1, XP_010493831.1, XP_010445193.1
OG0003900	As010G221610	XP_010463494.1, XP_010444583.1, XP_010484408.1
OG0003901	As010G223350	XP_010482056.1, XP_010515093.1, XP_010503391.1
OG0003902	As010G224000	XP_010515031.1, XP_010503323.1, XP_010426161.1
OG0003903	As010G231110	XP_010446522.1, XP_010446523.1, XP_010431943.1, XP_010444898.2
OG0003904	As010G236930	XP_010471808.1, XP_010428717.1, XP_010471806.1, XP_010416572.1, XP_010428716.1
OG0003905	As010G237050	XP_010416564.1, XP_010428703.1, XP_010471798.1
OG0003906	As010G237540	XP_010416171.1, XP_010428287.1, XP_010471423.1
OG0003907	As010G237560, As010G237570	XP_019082682.1, XP_019093359.1
OG0003908	As010G242240	XP_010429753.1, XP_010472721.1, XP_010417499.1
OG0003909	As010G242780	XP_010429822.1, XP_010472795.1
OG0003910	As011G246310	XP_010465313.1, XP_019095396.1, XP_010487221.1, XP_010465312.1, XP_019095354.1, XP_010476980.1
OG0003911	As011G246660, As011G246610	XP_010424228.1
OG0003912	As011G247410	XP_010502751.1, XP_010465482.1, XP_010487351.1
OG0003912	As012G269980	XP_010479856.1, XP_010462174.1, XP_010462176.1
OG0003913	As011G247940	XP_010468193.1
OG0003914	As012G270820	XP_010500827.1, XP_010462065.1, XP_010479733.1
OG0003914	As011G248290	XP_010487456.1, XP_010465617.1, XP_010503804.1
OG0003915	As011G251160	XP_019096459.1, XP_019096648.1
OG0003916	As011G251860	XP_010466134.1, XP_010507980.1, XP_010487917.1
OG0003917	As011G252470	XP_010508646.1, XP_010487991.1, XP_019092427.1
OG0003918	As011G252890	XP_010509121.1, XP_010466260.1, XP_010488046.1
OG0003919	As011G253850	XP_010467065.1, XP_019084365.1, XP_010488757.1, XP_019091999.1, XP_010488196.1, XP_010510561.1
OG0003920	As011G254760	XP_010511764.1, XP_010466577.1, XP_010488320.1
OG0003921	As011G266120	XP_010415390.1, XP_010467893.1, XP_010489492.1, XP_010469571.1, XP_010421791.1
OG0003922	As012G269750	XP_010501267.2, XP_010462239.1, XP_010479904.1, XP_010500990.1, XP_010479902.2, XP_010462234.1, XP_010462235.1, XP_010500991.1, XP_010479905.1
OG0003923	As012G274150	XP_010500309.1, XP_010479202.1, XP_010461600.1, XP_010479201.1, XP_010500308.1, XP_010463262.1
OG0003924	As012G278770	XP_010515611.1, XP_010426749.1, XP_010503881.1
OG0003925	As012G281550	XP_010427283.1, XP_010427281.1, XP_010504366.1, XP_010516081.1, XP_010504369.1, XP_010516082.1
OG0003926	As012G287150	XP_010413450.1, XP_010469040.1
OG0003948	As001G001850	XP_010433045.1, XP_010447785.1, XP_010438238.1
OG0003948	As011G265930	XP_019098948.1, XP_010490415.1, XP_010467872.1
OG0003949	As001G002710	XP_010436321.1
OG0003950	As001G016530	XP_010499750.1, XP_019091715.1, XP_010478623.1
OG0003951	As001G018200, As001G018180, As011G264680	XP_019087021.1, XP_010449800.1, XP_010434837.1
OG0003952	As001G018840	XP_010414954.1, XP_010480217.1, XP_010511245.1
OG0003953	As001G021240	XP_019085201.1, XP_010473302.1, XP_010418046.2
OG0003954	As001G023250	XP_010424971.1, XP_010502216.1, XP_010513959.1
OG0003955	As001G023780	XP_010497377.1, XP_010425067.1, XP_010506927.1, XP_010496523.1, XP_010514062.1
OG0003956	As001G026420	XP_010506629.1, XP_010508042.1, XP_010514644.1, XP_010502959.1, XP_010425732.1
OG0003957	As001G026450	XP_010425527.1, XP_010502760.1, XP_010514459.1
OG0003958	As004G077260	XP_010435590.1, XP_010440868.1, XP_010450513.1
OG0003958	As001G029020	XP_010511545.1, XP_010470489.1, XP_010415160.1
OG0003959	As002G033730	XP_019101229.1, XP_010517514.1, XP_010505827.1, XP_010512921.1
OG0003960	As009G214470, As002G035970	XP_010452360.1, XP_010490975.1, XP_010423559.1
OG0003961	As002G036570	XP_010486716.1
OG0003961	As009G213780	XP_010452432.1, XP_019084504.1, XP_019097812.1
OG0003962	As002G037220	XP_010464844.1, XP_010495666.1, XP_010486794.1
OG0003963	As002G040080	XP_010473575.1, XP_010430427.1, XP_010418355.1
OG0003964	As002G040140	XP_010441723.1, XP_019095704.1
OG0003965	As002G042610	XP_010482391.1, XP_010472856.1, XP_010442562.1, XP_019098735.1
OG0003967	As002G051060	XP_010491977.1, XP_010419809.1, XP_010453284.1
OG0003968	As002G051630	XP_010453211.1, XP_010491902.1, XP_010419739.1
OG0003969	As002G051810	XP_010491880.1, XP_010419718.1, XP_019089870.1
OG0003970	As002G052470	XP_019097610.1, XP_019084554.1, XP_019097983.1, XP_019090583.1
OG0003971	As002G054270	XP_010515697.1, XP_010503977.1, XP_010426852.1
OG0003972	As002G055130	XP_010482360.1, XP_010486630.1, XP_010423183.1, XP_010491383.1, XP_010452732.1
OG0003973	As003G055920, As004G089980	XP_010481352.1, XP_010441491.1, XP_010495811.1
OG0003974	As003G057050	XP_010504010.1, XP_010426883.1, XP_010515734.1, XP_010439835.1
OG0003975	As003G058840	XP_010439554.1, XP_010434262.1, XP_010449145.1
OG0003976	As003G060960	XP_010448795.1, XP_010445194.1, XP_019088653.1, XP_010433961.1, XP_010433783.2, XP_019089057.1
OG0003977	As012G276670, As003G066850	XP_010515800.1, XP_010426943.1, XP_010504068.1
OG0003978	As006G144580, As003G069520	XP_010460678.1, XP_010499425.1, XP_010478265.1
OG0003980	As003G072720	XP_010437334.1, XP_010446779.1, XP_010432167.1
OG0003981	As003G072830	XP_010432154.1, XP_010437324.1, XP_010446766.1
OG0003982	As003G073740	XP_010437222.1, XP_010437224.1, XP_010446656.1, XP_010432057.1
OG0003983	As003G074540	XP_010417006.1, XP_010429169.1, XP_010472236.1
OG0003984	As004G083600	XP_010437308.1, XP_010421948.1, XP_010455427.1
OG0003985	As004G085790	XP_010455778.1, XP_010422308.1, XP_010432374.1
OG0003986	As004G088130	XP_010441687.1, XP_010481547.1, XP_010494682.1
OG0003986	As004G088120	XP_010494681.1
OG0003987	As011G257790	XP_010514082.1, XP_010488636.1, XP_010466946.1
OG0003987	As004G093320	XP_019087948.1, XP_010435320.1, XP_010450262.1
OG0003988	As004G095470	XP_010440467.1, XP_010450044.1, XP_010435133.1, XP_010466646.1, XP_010488382.1
OG0003989	As004G096680	XP_010434940.1, XP_010440274.1, XP_010449918.1
OG0003990	As004G097720	XP_010431404.1, XP_010507043.1, XP_010412390.1, XP_019087992.1, XP_010450568.1, XP_010436049.1
OG0003991	As005G099930	XP_010413297.1, XP_010468977.1, XP_010512607.1, XP_019101140.1, XP_010506730.1, XP_010518396.1
OG0003993	As005G101180, As006G126880	XP_010469068.1, XP_010413418.1, XP_010512470.1
OG0003995	As005G103140	XP_019101192.1, XP_019082381.1, XP_019100619.1, XP_019085778.1, XP_019100052.1
OG0003996	As005G103420	XP_019100611.1, XP_019088936.1, XP_019101197.1, XP_019084989.1, XP_019092809.1, XP_019092807.1, XP_019097794.1, XP_019082373.1, XP_019085848.1
OG0003997	As005G106470	XP_019097747.1, XP_010451967.1
OG0003998	As005G107400	XP_010452066.1, XP_019084405.1, XP_019097824.1
OG0004000	As010G225280	XP_010514874.2, XP_010425964.1
OG0004001	As005G115180	XP_010443689.1, XP_010483558.1, XP_010454932.1
OG0004002	As005G116460	XP_019088371.1, XP_010460440.1, XP_010484094.2
OG0004003	As006G130470, As005G117650	XP_010417904.1, XP_010510764.1, XP_010473143.1, XP_010497715.1
OG0004004	As006G121940	XP_010427699.1, XP_010456219.1, XP_010422777.1
OG0004006	As006G130440	XP_010510761.1, XP_010473146.1, XP_010417907.1
OG0004007	As006G137920	XP_019093032.1, XP_010485856.1, XP_010463959.1, XP_010485855.1
OG0004008	As006G138240, As009G206850	XP_010422585.1, XP_019097141.1, XP_010464012.1
OG0004009	As012G273990, As006G140960	XP_010479227.1, XP_010461616.1, XP_010500323.1
OG0004010	As006G141640, As009G212110	XP_010464432.1, XP_010459013.1, XP_010486363.1
OG0004011	As006G142700	XP_010508891.1, XP_010505747.1, XP_010517440.1
OG0004011	As012G282540	XP_010516199.1, XP_010504478.1, XP_010430627.1, XP_010427409.1
OG0004012	As006G143040	XP_010517373.1, XP_010505693.1, XP_010508943.1
OG0004013	As012G282260, As006G143070	XP_019084891.1, XP_019102084.1, XP_019099906.1
OG0004014	As006G143270	XP_019096102.1, XP_010463178.2, XP_010441226.1, XP_010500225.1
OG0004015	As006G143670	XP_010509062.1, XP_010505586.1, XP_010412940.1
OG0004016	As006G143900	XP_019101778.1, XP_019101958.1, XP_010517290.1, XP_010509017.1, XP_010505613.1, XP_019099777.1, XP_010512961.1, XP_019101957.1
OG0004017	As006G145950	XP_010505310.1, XP_010516997.1, XP_010509354.1
OG0004019	As006G147200	XP_010505504.1, XP_010517169.1, XP_010509151.1
OG0004021	As006G148300	XP_010505478.1, XP_010509127.1, XP_010517145.1
OG0004022	As007G152020, As007G177620	XP_010417245.2, XP_010417244.2, XP_019093742.1, XP_010429480.1, XP_010419323.2
OG0004024	As007G162480, As007G152540	XP_019094299.1, XP_010497823.1, XP_010462740.2, XP_010476752.1, XP_010497819.1, XP_019091283.1
OG0004025	As007G159370	XP_010477613.1, XP_010498830.1, XP_010460113.1
OG0004026	As007G163630	XP_010433711.1, XP_010448505.1, XP_010442528.1, XP_010442093.1, XP_010482354.1
OG0004027	As007G164540	XP_010448457.1, XP_010438905.1, XP_010442644.1, XP_010443260.1
OG0004028	As007G165260	XP_010448412.1, XP_010438862.1, XP_010433616.1
OG0004030	As007G178020	XP_010417204.1, XP_010429425.1, XP_010472452.1
OG0004031	As011G245950, As007G180840, As007G180850	XP_010516790.1, XP_010412890.1, XP_010509551.1, XP_010505108.1
OG0004032	As007G182130	XP_010416840.1, XP_010472075.1, XP_010428991.1
OG0004033	As008G185010	XP_010458642.1, XP_010476180.1, XP_010493812.1, XP_010418249.1
OG0004034	As008G187450	XP_010462624.2, XP_010491256.1, XP_010480415.1, XP_010450993.1
OG0004035	As008G191840	XP_010475556.1, XP_010475536.1, XP_010457963.1, XP_010487820.1
OG0004036	As008G194270	XP_010438930.1, XP_010442197.1, XP_010482029.1
OG0004037	As008G197570	XP_010474883.1, XP_010457291.1, XP_010481364.1, XP_010481374.1, XP_010457292.1, XP_010474884.1
OG0004038	As009G201890, As009G201900	XP_010492472.1, XP_010453749.1, XP_010492469.1
OG0004039	As009G205460	XP_010424350.1, XP_010495522.1, XP_010455009.1, XP_010421516.1, XP_010493915.1, XP_010421515.1
OG0004040	As009G206590	XP_010421638.1, XP_010494018.1
OG0004041	As009G217840, As009G206830	XP_019096103.1
OG0004042	As009G207060	XP_010421698.1, XP_010455182.1
OG0004043	As009G208000	XP_010442379.1, XP_010440302.1, XP_010515111.1, XP_019100210.1, XP_010482200.1
OG0004044	As009G213930	XP_019101142.1, XP_010464776.1
OG0004045	As009G215710	XP_010493739.1, XP_010421340.1, XP_010454819.1
OG0004046	As009G216920	XP_010454656.1, XP_010493490.1, XP_010421177.1, XP_010515211.1, XP_010503525.1, XP_010426382.1
OG0004047	As009G216980	XP_010454651.1, XP_010493483.1, XP_010421169.1
OG0004048	As009G217550	XP_010491438.1, XP_010483738.1, XP_010443890.1, XP_010456776.1
OG0004049	As009G218170	XP_010457459.1, XP_010443973.1, XP_010483826.1
OG0004050	As010G225880	XP_019102249.1, XP_010503133.1, XP_010425910.1
OG0004051	As010G226350	XP_010514763.1, XP_010503078.1, XP_010425840.1
OG0004052	As010G234160	XP_010415834.1, XP_010471141.1, XP_010427953.1
OG0004053	As010G235210	XP_010428946.1, XP_010472034.1, XP_010416801.1
OG0004054	As011G244730	XP_019092335.1, XP_010499635.1, XP_019096579.1, XP_019092214.1, XP_019092205.1
OG0004055	As011G245670	XP_010465233.1, XP_010501099.1, XP_010487142.1, XP_010501087.1, XP_010487141.1, XP_010465232.1
OG0004056	As012G274720, As011G248850	XP_010434916.1, XP_010449886.1, XP_010440245.1
OG0004057	As011G249280	XP_010465739.1, XP_010505010.1, XP_010487585.1
OG0004058	As011G249290	XP_010465741.1, XP_010487584.1, XP_010505038.1
OG0004060	As011G250180	XP_010465894.1, XP_010506462.1, XP_010487725.1, XP_010472197.1, XP_019085764.1, XP_019082912.1
OG0004061	As011G250270	XP_010465903.1, XP_010487731.1, XP_010506531.1
OG0004062	As011G250550, As011G250570, As011G250600, As011G250560	XP_010465949.1, XP_010506935.1, XP_010487776.1
OG0004063	As011G250770	XP_010465978.1, XP_010507076.1, XP_010487791.1
OG0004064	As012G271950	XP_010461925.1, XP_019099459.1, XP_010479536.1
OG0004065	As011G253220	XP_010488093.1, XP_010509651.1, XP_010466324.1
OG0004066	As011G254320	XP_010511250.1, XP_010466511.1, XP_010488256.1
OG0004067	As011G256390	XP_010497254.2, XP_010488536.1, XP_010468457.1, XP_010513389.1
OG0004068	As011G262720	XP_010467299.1, XP_010488959.1, XP_010518168.1
OG0004069	As012G273000	XP_010461769.1, XP_010479365.1, XP_010500474.1
OG0004070	As012G282310	XP_010502412.1, XP_010465435.1, XP_010465434.1, XP_010487312.1
OG0004071	As012G283350	XP_010427541.1, XP_010504601.1, XP_010516294.1
OG0004073	As012G285330	XP_010413721.1, XP_010469335.1, XP_010512176.1
OG0004092	As001G002580	XP_010438166.1, XP_010432977.1, XP_010447702.1
OG0004093	As001G003020	XP_010432928.1, XP_010438115.1, XP_010447651.1
OG0004094	As001G012290	XP_010432517.1, XP_010437720.1, XP_010447198.1
OG0004095	As001G012460	XP_010432503.1, XP_010447183.1, XP_010437708.1
OG0004096	As001G014080	XP_010432431.1, XP_010437630.1, XP_010447101.1
OG0004097	As001G019550	XP_010511380.1, XP_010470293.1, XP_010414781.1, XP_010414783.1
OG0004098	As001G019910, As008G187860	XP_010475871.1, XP_010458347.1, XP_010490708.1
OG0004099	As001G022420	XP_010424870.1, XP_010513845.1, XP_010502099.1, XP_010502096.1, XP_010502102.1, XP_010502104.1
OG0004100	As001G027270	XP_010430856.2, XP_019099626.1, XP_010412445.1, XP_019099621.1
OG0004101	As001G029080	XP_019090660.1, XP_010430220.1, XP_010422541.1, XP_010449695.1, XP_010443180.1, XP_010482995.1
OG0004102	As004G098370	XP_010446926.1, XP_010445748.2, XP_010436892.1
OG0004103	As002G037810, As002G037800, As002G037790	XP_010464915.1, XP_010498165.1, XP_010486852.1
OG0004104	As002G043900	XP_010482557.1, XP_010442726.1, XP_010444324.1
OG0004105	As002G046100	XP_010482842.1, XP_010443012.1, XP_010446805.1
OG0004106	As002G046540, As009G207520	XP_019095937.1, XP_010443053.1, XP_010448624.1
OG0004107	As002G046780	XP_010471161.1, XP_010505764.1, XP_010517454.1, XP_010508874.1
OG0004108	As002G047980	XP_010450833.1, XP_019098680.1, XP_010443272.1, XP_010483096.1
OG0004109	As002G052000	XP_010453171.1, XP_010419684.1, XP_010491847.1
OG0004110	As002G053550	XP_010422946.1, XP_010491615.1, XP_010422945.1, XP_010452975.1, XP_010491616.1
OG0004112	As009G218120	XP_010485273.1, XP_010457389.1
OG0004113	As004G088410, As003G057000	XP_010434520.1, XP_010439840.1, XP_010496238.1
OG0004114	As003G057030, As004G088400	XP_010496244.1, XP_010434515.1, XP_019087253.1, XP_010439837.1
OG0004115	As003G057230	XP_010436491.1, XP_010439813.1, XP_010449469.1
OG0004116	As003G058820	XP_010439560.1, XP_010434265.1, XP_019086234.1, XP_010449149.1, XP_010434264.1
OG0004117	As003G059100	XP_019087374.1, XP_019087373.1, XP_010449102.1, XP_010434210.1
OG0004118	As003G059740	XP_019087793.1, XP_010434140.1
OG0004119	As004G083370	XP_010455402.1, XP_010437626.1, XP_010424478.1
OG0004120	As003G063760	XP_010439519.1, XP_010434236.1, XP_010449115.1
OG0004121	As003G064620	XP_010479037.1, XP_010500132.1
OG0004122	As004G082890, As003G064780	XP_010479021.1, XP_010461415.1, XP_010500117.1
OG0004123	As003G069730	XP_010499433.1, XP_010478273.1, XP_010460686.1
OG0004124	As003G071390	XP_010480777.1, XP_010501677.1, XP_010460890.1, XP_010424543.1, XP_010456874.1, XP_010468673.1
OG0004125	As003G072870	XP_010432153.1, XP_010446762.2, XP_019087278.1
OG0004126	As003G073720	XP_010505239.1, XP_010509417.1, XP_010516923.1, XP_010442533.1
OG0004127	As003G073890	XP_010446642.1, XP_010437201.1, XP_019086135.1, XP_019083743.1, XP_010429244.1
OG0004128	As003G076290	XP_010431792.1, XP_010446363.1, XP_010436949.1, XP_010466864.1, XP_010466863.1, XP_019096775.1
OG0004129	As004G078290	XP_019089138.1, XP_019085595.1, XP_010475530.1, XP_010457957.1
OG0004130	As004G078500	XP_019085958.1, XP_010502910.1, XP_019102225.1
OG0004133	As004G082180	XP_010480278.1, XP_010415010.1, XP_010511304.1
OG0004134	As004G082540	XP_010461578.1, XP_010479186.1
OG0004135	As004G084160	XP_010435712.1, XP_010455492.1, XP_010422030.1, XP_010433842.1
OG0004136	As004G084940	XP_010455636.1, XP_010422172.1, XP_010433838.1
OG0004137	As004G089940	XP_010494936.1, XP_010481361.1, XP_010441495.1
OG0004139	As004G097850	XP_010436855.1, XP_010447200.1, XP_010441284.1
OG0004140	As005G099510	XP_010413104.1, XP_010413103.1, XP_010507892.1, XP_010518439.1, XP_010506777.1, XP_010497708.1
OG0004141	As005G099950, As012G288140	XP_010506728.1, XP_010506727.1, XP_019101143.1
OG0004142	As005G103000	XP_010506334.1, XP_010518013.1, XP_019101187.1
OG0004143	As005G103610	XP_010517944.1, XP_010506256.1, XP_010508393.1
OG0004144	As005G104410	XP_019099801.1, XP_010413026.1
OG0004145	As005G104470	XP_010517832.1, XP_010508514.1
OG0004147	As005G112540	XP_010454419.1, XP_010493218.1, XP_010412486.1, XP_010425835.1, XP_010503047.2
OG0004148	As005G113170	XP_010421000.1, XP_019084224.1, XP_019097154.1, XP_019090732.1
OG0004150	As005G114510, As010G225010	XP_010455988.1, XP_010483656.1, XP_010443800.1
OG0004151	As005G115870	XP_010443644.1, XP_010454531.1, XP_019095975.1
OG0004152	As005G117090	XP_010484182.1, XP_010461417.1, XP_010444341.1
OG0004153	As008G198700	XP_019091327.1, XP_019095312.1, XP_019098117.1
OG0004153	As006G121660	XP_010456304.1, XP_019084143.1, XP_010426821.1
OG0004154	As006G122110	XP_010466797.1, XP_010422752.1, XP_010427969.1
OG0004155	As006G122150	XP_010428025.1, XP_010456184.1, XP_010422744.1
OG0004156	As006G123180	XP_010422602.1, XP_010456043.1, XP_010429564.1
OG0004157	As006G123200	XP_010422597.1, XP_010429608.1
OG0004158	As006G124850	XP_010490763.1, XP_010452157.1, XP_010423793.1, XP_010441992.1, XP_019095993.1, XP_010495648.1
OG0004159	As008G196350	XP_010457463.1, XP_010483317.1, XP_010475075.1
OG0004160	As006G126710	XP_010414055.1, XP_010510121.1, XP_010469645.1
OG0004161	As006G126870	XP_019101382.1, XP_010414068.1, XP_010469657.1
OG0004162	As006G128050	XP_010414262.1, XP_019093993.1, XP_010510352.1, XP_010510353.1
OG0004163	As006G128110	XP_010469857.1, XP_010414270.1, XP_010510366.1
OG0004164	As006G128260	XP_010486924.1, XP_010457855.1, XP_010475448.1, XP_010510387.1, XP_010469878.1, XP_010414286.1
OG0004165	As006G129050	XP_010510533.1, XP_010414439.1, XP_010487520.1, XP_010475509.1
OG0004166	As006G131720	XP_010514743.1, XP_010427122.1, XP_010503058.1, XP_010507158.1
OG0004167	As006G132450	XP_010438640.1, XP_010433384.1, XP_010448156.1
OG0004168	As009G200130	XP_010453546.1, XP_010492231.1, XP_010420058.1
OG0004168	As006G133220	XP_010485365.1, XP_019096725.1, XP_010435667.1
OG0004169	As006G136100	XP_010489652.1, XP_010463755.1, XP_010506301.1
OG0004170	As006G137240	XP_010516945.1, XP_010485768.1, XP_010463866.1
OG0004171	As006G137640	XP_010463923.1, XP_010485822.1, XP_010415201.1
OG0004172	As006G138260	XP_010485898.1, XP_010421939.1, XP_010464003.1
OG0004174	As006G141250	XP_010486321.1, XP_010454009.1, XP_010464388.1
OG0004175	As006G142360	XP_010505786.1, XP_010517476.1, XP_010508855.1
OG0004176	As006G146830	XP_010509278.1, XP_019100485.1, XP_010517051.1, XP_010509277.1
OG0004178	As007G152740	XP_010459162.1, XP_010476730.1, XP_010497732.1
OG0004179	As007G155390	XP_010459551.1, XP_010477100.1, XP_019091386.1, XP_010498304.1, XP_010477101.1
OG0004180	As010G237660, As007G156240	XP_019090104.1
OG0004181	As007G156800	XP_019099113.1, XP_010477321.1, XP_010462808.1
OG0004182	As010G233100, As007G158660	XP_010477523.1, XP_010498745.1
OG0004184	As007G163160	XP_010448533.1, XP_010438986.1, XP_010433738.1
OG0004185	As007G163590	XP_010438962.1, XP_010448512.1, XP_010433719.1
OG0004186	As007G163940	XP_010435849.1, XP_010450766.1, XP_019088599.1, XP_010421821.1, XP_010455314.1, XP_010436038.1
OG0004187	As007G164400	XP_010433682.1, XP_010451202.1, XP_010448472.1, XP_010438923.1
OG0004188	As007G179030, As007G179010	XP_010444156.1, XP_019091131.1, XP_010446043.1, XP_010485065.1
OG0004189	As008G184410	XP_010458730.1, XP_010494757.1, XP_010476271.1, XP_010514320.1, XP_010425377.1
OG0004190	As008G184700, As008G184690	XP_010476225.1, XP_010494315.1
OG0004191	As008G191410	XP_010488691.1, XP_010458066.1, XP_010475622.1
OG0004192	As008G197350	XP_010481613.1, XP_010474914.1, XP_010474925.1
OG0004194	As009G202240	XP_010420318.1, XP_010453788.1, XP_010492514.1
OG0004195	As009G203180	XP_010492673.1
OG0004196	As009G205970	XP_019097552.1, XP_010455083.1, XP_019084210.1
OG0004197	As009G211300	XP_010423267.1, XP_010452648.1, XP_010491300.1
OG0004198	As009G214930	XP_010493845.1, XP_010421450.1, XP_010454934.1
OG0004199	As009G215090, As009G215070	XP_010432792.1, XP_010447461.1, XP_010447464.1, XP_010432794.1, XP_019088325.1
OG0004200	As009G216370	XP_019098023.1, XP_019090566.1, XP_019097769.1, XP_019097224.1, XP_019083921.1
OG0004201	As009G217150	XP_010421137.1, XP_010454616.1, XP_010493460.1
OG0004202	As009G217710	XP_010443915.1, XP_010483759.1
OG0004203	As009G218930	XP_019094284.1, XP_019099506.1, XP_019091638.1
OG0004204	As010G223320	XP_010503398.1, XP_010426249.1, XP_010515098.1
OG0004204	As009G219070	XP_019093636.1, XP_010444111.1, XP_010483976.1
OG0004205	As009G219810	XP_010503534.1, XP_010412644.1, XP_010426391.1, XP_010443595.1, XP_010453909.1, XP_010483456.1
OG0004206	As010G221690	XP_010515308.1, XP_010503616.1, XP_010426472.1
OG0004207	As010G225090, As010G225080, As010G225100, As010G225060, As010G225070	XP_010514891.1, XP_010425990.1
OG0004208	As010G233390	XP_019093043.1, XP_019090245.1
OG0004209	As010G234300	XP_010471159.1, XP_010427981.1, XP_010415855.1, XP_010415854.1, XP_019098576.1
OG0004210	As010G234490	XP_010471175.1, XP_010415874.1, XP_010427998.1
OG0004211	As010G234890	XP_010428060.1, XP_010415924.1, XP_010471227.1
OG0004212	As010G235670	XP_010471973.1, XP_010416732.1, XP_010428861.1
OG0004213	As010G239270	XP_019085311.1, XP_010474333.1, XP_010416273.1
OG0004214	As010G240480	XP_010428233.1, XP_010471381.1, XP_010416114.1
OG0004215	As010G241600, As010G241620	XP_010428961.1, XP_010416819.1, XP_010472051.1
OG0004216	As010G243430	XP_010429916.1, XP_010472882.1, XP_010419382.1, XP_010417669.1
OG0004217	As011G244640	XP_019092212.1, XP_010499376.1
OG0004218	As011G247420	XP_010465483.1, XP_010487352.1, XP_010502759.1
OG0004219	As011G247730	XP_010503141.1, XP_010487381.1, XP_010465525.1
OG0004220	As011G248180, As012G270710	XP_010465597.1, XP_010503650.1, XP_010487443.1
OG0004223	As011G251120	XP_010466030.1, XP_019092850.1, XP_010466033.1, XP_019092851.1, XP_010487827.1, XP_010507341.1
OG0004224	As011G251370, As012G272690	XP_010507592.1, XP_019092816.1, XP_010487862.1
OG0004225	As011G251650	XP_010487903.1, XP_010507810.1, XP_010466108.1
OG0004226	As011G253300	XP_010509827.1, XP_010466338.1, XP_019096984.1
OG0004227	As011G253800	XP_010466427.1, XP_010488190.1, XP_010510504.1
OG0004228	As011G253810	XP_010510513.1, XP_010466428.1, XP_010488191.1
OG0004229	As011G254240	XP_010466499.1, XP_010511117.1, XP_010488243.1
OG0004230	As011G254340	XP_019092653.1, XP_019083273.1, XP_019096432.1
OG0004231	As011G254780	XP_010466578.1, XP_010511795.1, XP_010490045.2
OG0004233	As011G255710	XP_010488453.1, XP_010466734.1, XP_010512882.1
OG0004234	As011G264880	XP_010489436.1, XP_010413277.1, XP_010467591.1
OG0004235	As011G265830	XP_019092665.1, XP_010489457.1, XP_019093947.1, XP_019084721.1, XP_019095705.1, XP_019084716.1
OG0004236	As011G266690	XP_010438373.1, XP_010433157.1
OG0004237	As011G267270, As011G267280	XP_010450440.1
OG0004238	As012G267910	XP_010493550.2, XP_019096708.1, XP_010501222.1, XP_010462460.1, XP_010480155.1
OG0004239	As012G268080	XP_019099542.1, XP_019094988.1, XP_010462437.1, XP_010480129.1
OG0004240	As012G269260	XP_019098710.1, XP_010479987.1, XP_010462312.1, XP_010501069.1
OG0004241	As012G269460	XP_010479953.1, XP_010501036.1, XP_010462282.1
OG0004242	As012G269770	XP_010479898.1, XP_010500986.1, XP_010462230.1
OG0004243	As012G269900	XP_010479874.1, XP_010500958.1, XP_010462200.1
OG0004244	As012G271830	XP_010497890.1
OG0004246	As012G280620, As012G273950	XP_010456326.1, XP_010479235.1, XP_010483679.1, XP_010500339.1, XP_010483678.1, XP_010461624.1
OG0004247	As012G274970	XP_010516639.1, XP_010509705.1, XP_010504961.1
OG0004248	As012G275400, As012G276260	XP_010486185.1, XP_010468047.1, XP_010464249.1, XP_010500154.1, XP_010463219.1, XP_010443175.1
OG0004250	As012G281060	XP_010417698.1, XP_010429945.1, XP_010472914.1
OG0004251	As012G283920	XP_010504666.1, XP_010427610.1, XP_010516354.1
OG0004252	As012G284390	XP_010516435.1, XP_010507502.2, XP_010427692.1
OG0004253	As012G286840	XP_010413523.1, XP_010512409.1, XP_010469149.1, XP_010449746.1, XP_019083554.1, XP_010415079.1
OG0004254	As012G287640	XP_010423448.1, XP_010452470.1, XP_010491096.1, XP_010413372.1, XP_010469116.1, XP_010512522.1
OG0004255	As012G288240	XP_010512617.1, XP_010413290.1, XP_010468968.1
OG0004275	As001G000870	XP_010447900.1, XP_010438361.1, XP_010433147.1
OG0004276	As001G002160	XP_010425197.1, XP_010514171.1, XP_010502429.1, XP_010467738.1, XP_010489450.1, XP_010414943.1
OG0004277	As011G265640, As001G002210	XP_010433014.1, XP_010438203.1, XP_010447751.1
OG0004279	As001G003660	XP_010432870.1, XP_010447564.1, XP_010438047.1
OG0004280	As001G006810	XP_010432597.1, XP_010447269.1, XP_010437789.1
OG0004281	As001G013770	XP_010447167.1, XP_010437687.1, XP_010432485.1
OG0004282	As001G014300	XP_010447053.1, XP_010432394.1, XP_010437587.1
OG0004283	As001G015050	XP_010432316.1, XP_010437509.1, XP_010446966.1
OG0004285	As001G016710	XP_010461038.1, XP_010499766.1
OG0004286	As001G018890, As001G018880	XP_010414960.1, XP_010480221.1, XP_010511252.1, XP_010511253.1, XP_010480222.1
OG0004287	As001G022460	XP_010424880.1, XP_010513852.1, XP_010502111.1
OG0004288	As001G023610	XP_010514040.1, XP_010425041.1, XP_010502279.1
OG0004289	As001G024600	XP_010514176.1, XP_010425204.1, XP_010502434.1
OG0004290	As001G026120	XP_010425464.1, XP_010514415.1
OG0004290	As004G097690	XP_010450611.1, XP_010441241.1
OG0004291	As001G026380, As011G255770	XP_010494963.1, XP_010441475.1, XP_010481341.1
OG0004292	As001G027050	XP_010497663.1, XP_010514549.1, XP_010502846.1
OG0004294	As001G030160	XP_010506079.1, XP_010508562.1, XP_010517776.1
OG0004295	As002G033190	XP_010517607.1, XP_010505884.1, XP_010508748.1
OG0004296	As002G035220	XP_010480268.1, XP_010486587.1, XP_010464666.1
OG0004297	As002G037050	XP_010486770.1, XP_010487129.1, XP_010464823.1
OG0004298	As006G130640, As002G037710	XP_010486851.1, XP_010464885.1, XP_010498154.1
OG0004299	As007G162270, As002G042660	XP_010482394.1, XP_010442418.1, XP_010442565.1
OG0004300	As002G043250	XP_010442607.1, XP_010442753.1, XP_010482456.1
OG0004301	As002G043300	XP_010442612.1, XP_019095713.1, XP_010443022.1
OG0004302	As002G043550	XP_010442667.1, XP_010482497.1, XP_010443466.1, XP_010485059.1, XP_010482495.1
OG0004303	As002G047780	XP_010448260.1, XP_010438741.1, XP_010433491.1
OG0004304	As002G049650	XP_010483358.1, XP_010443509.1, XP_010453037.1
OG0004305	As002G051210	XP_010454969.1, XP_010493880.1
OG0004306	As006G141850, As002G051270	XP_010453418.1, XP_010419923.1, XP_019097844.1
OG0004307	As002G051350	XP_010491938.1, XP_010453249.1, XP_010419769.1, XP_010461048.1, XP_010478653.1, XP_010499775.1
OG0004308	As002G052440	XP_019098063.1, XP_010453111.1, XP_010422809.1
OG0004309	As002G054450	XP_010452832.1, XP_010424724.1, XP_010491478.1
OG0004310	As002G054710	XP_010452793.1, XP_010423128.1, XP_010491440.1
OG0004312	As003G056690	XP_010517552.1, XP_010439869.1, XP_010434550.1
OG0004313	As003G057420	XP_010434474.1, XP_010449432.1, XP_010497421.1, XP_010445283.1
OG0004314	As003G058230	XP_010439622.1, XP_010434329.1, XP_010449257.1
OG0004315	As003G058610	XP_010439574.1, XP_010434279.1, XP_010451335.1
OG0004316	As003G058920	XP_010439537.1, XP_010434251.1
OG0004318	As003G060620	XP_010448860.1, XP_019086088.1, XP_010439305.2
OG0004319	As003G060790, As003G060800	XP_010448832.1, XP_010439280.1, XP_010433988.1
OG0004320	As003G061430, As003G061420	XP_010448713.1, XP_010433910.1, XP_010439177.1
OG0004321	As003G062130	XP_010433819.1, XP_010448615.1, XP_010445158.2, XP_010439092.1
OG0004322	As003G062240, As010G221830	XP_010424621.1, XP_010436796.1, XP_010421990.1, XP_010455461.1
OG0004323	As003G063810	XP_010456803.1
OG0004324	As006G145530, As003G067450	XP_010488299.1, XP_010511556.1, XP_010466553.1
OG0004325	As003G069760	XP_010479873.1, XP_010500956.1, XP_010462196.1, XP_010432539.1
OG0004326	As003G070110	XP_010499474.1, XP_010478328.1, XP_010460736.1
OG0004327	As003G071060	XP_019099287.1, XP_010478456.1, XP_010460839.1
OG0004328	As003G071160	XP_010499597.1, XP_010478480.1, XP_010460862.1
OG0004329	As003G071370, As003G071360	XP_010472078.1, XP_010428993.1
OG0004330	As003G072100	XP_010432230.1, XP_010446878.1, XP_010437424.1
OG0004331	As003G073090	XP_010446732.1, XP_010437294.1, XP_010432122.1
OG0004332	As003G073170	XP_010446722.1, XP_010432113.1, XP_010437287.1
OG0004333	As004G083380	XP_010421923.1, XP_010455404.1, XP_010437583.1, XP_010421929.1, XP_010455403.1
OG0004334	As004G084920	XP_019084085.1, XP_010455623.1
OG0004335	As004G087240	XP_010422367.1, XP_010455831.1
OG0004336	As004G091550	XP_010435424.1, XP_010450361.1, XP_010440700.1
OG0004337	As004G091730	XP_010514389.1, XP_010466988.1, XP_010488671.1, XP_010496358.1, XP_010435361.1, XP_010450331.1
OG0004338	As004G092930	XP_010435340.1, XP_010450242.1, XP_010440620.1
OG0004339	As004G095500, As011G255130	XP_010450040.1, XP_010435124.1, XP_010440464.1
OG0004340	As004G095810	XP_010435082.1, XP_010450006.1
OG0004341	As004G095920	XP_010449987.1, XP_010445420.1, XP_010435063.1, XP_010436178.1
OG0004342	As012G267840, As011G267630, As004G098550	XP_010462280.1, XP_010479950.1, XP_010501033.1
OG0004343	As012G288780, As005G098860	XP_010512690.1, XP_010468905.1, XP_010413219.1
OG0004344	As005G099940	XP_010507934.1, XP_010506729.1, XP_010518395.1
OG0004345	As005G100750	XP_019101152.1, XP_010506638.1, XP_010518309.1
OG0004347	As005G102940	XP_010508315.1, XP_010506340.1, XP_010518024.1, XP_019083397.1, XP_010471767.1
OG0004348	As005G104170	XP_010508466.1, XP_010517868.1
OG0004349	As005G104940	XP_010427718.1, XP_010516458.1, XP_010504759.1
OG0004350	As005G110660	XP_010493059.1, XP_010420796.1, XP_010454264.1
OG0004351	As006G142910, As005G111560	XP_010412482.1
OG0004352	As005G111570	XP_010508920.1, XP_010505710.1, XP_010517400.1
OG0004353	As010G226220, As010G226230, As005G113390	XP_010421027.1, XP_010493320.1, XP_010454500.1
OG0004354	As005G115740	XP_010454798.1, XP_010443676.1, XP_010483543.1
OG0004355	As005G116660	XP_010484122.1, XP_010444286.1, XP_010460889.1, XP_010485303.1
OG0004356	As005G117010	XP_010461339.1, XP_010484176.1, XP_010444330.1
OG0004357	As005G118520	XP_019088721.1, XP_010484363.1, XP_010463069.1
OG0004358	As005G119610	XP_010444702.1, XP_010444698.1, XP_010444701.1, XP_010444697.1, XP_010484558.1, XP_010464574.1
OG0004359	As005G119720	XP_010484570.1, XP_010464737.1, XP_010444713.1
OG0004360	As008G199550	XP_010479382.1, XP_010474840.1
OG0004361	As006G121370	XP_010456263.1, XP_010419607.1, XP_010427229.1
OG0004362	As006G123980	XP_010455983.1, XP_010430775.1
OG0004363	As006G125290	XP_010469479.1, XP_010509893.1, XP_010413869.1
OG0004364	As008G196110, As006G125340	XP_010509897.1, XP_010469483.1, XP_010413875.1, XP_010413880.1
OG0004365	As006G127270, As008G194240	XP_010457707.1, XP_010475319.1, XP_010485557.1
OG0004366	As006G127430	XP_010469744.1, XP_010414162.1, XP_010510221.1
OG0004367	As006G127590	XP_019083087.1, XP_019093669.1, XP_019101062.1, XP_019091518.1, XP_019097975.1, XP_019094931.1
OG0004368	As006G128080	XP_010491642.1, XP_010469852.1, XP_010414264.1
OG0004369	As006G128150	XP_010510374.1, XP_010414277.1, XP_010469866.1
OG0004370	As006G128230, As006G128220	XP_010510381.1, XP_010469872.1, XP_010414283.1
OG0004371	As006G128560	XP_010414326.1, XP_010469908.1, XP_010510423.1
OG0004372	As009G206020, As006G132780	XP_010442312.1, XP_010439406.1, XP_010482122.1, XP_010463524.1, XP_010489642.1
OG0004373	As006G135750	XP_010500496.1, XP_010485601.1, XP_010463699.1
OG0004374	As006G138530	XP_010424752.1, XP_010464041.1, XP_010485953.1
OG0004375	As009G206280, As006G138610, As006G138590	XP_010455112.1, XP_010421598.1, XP_010494000.1
OG0004376	As006G138730	XP_010486009.1, XP_019092879.1, XP_010428677.1
OG0004377	As006G139470	XP_010464163.1, XP_010434631.1
OG0004378	As006G139690	XP_010464178.1, XP_010436176.1, XP_010486102.1
OG0004379	As006G140010	XP_010464213.1, XP_010486149.1, XP_010439690.1
OG0004380	As006G141010	XP_010450963.1, XP_019096982.1, XP_010464349.1
OG0004381	As006G144560	XP_010509522.1, XP_010505130.1, XP_010516811.1
OG0004382	As006G144700	XP_010509503.1, XP_010516826.1, XP_010505149.1
OG0004383	As006G145490	XP_010505243.1, XP_010516927.1, XP_010509413.1
OG0004385	As007G152550, As007G152530	XP_010476706.1, XP_010459143.1, XP_010497615.1
OG0004386	As010G240780, As007G154150	XP_010462759.1, XP_010498144.1, XP_010476933.1
OG0004387	As010G240180, As007G154430	XP_010474312.1, XP_010416157.1, XP_010428274.1, XP_010416154.1, XP_010428273.1
OG0004388	As007G154920	XP_010498247.1, XP_010459472.1, XP_010477032.1, XP_010428370.2, XP_010428368.1, XP_010471496.1
OG0004389	As007G155160	XP_019091454.1, XP_010477066.1, XP_010498279.1
OG0004390	As010G236300	XP_010428781.1, XP_010471900.1, XP_010416641.1
OG0004391	As010G234860	XP_010428055.1, XP_010415923.1, XP_010471224.1
OG0004392	As007G159020	XP_010477564.1, XP_019086609.1, XP_019091228.1, XP_019099154.1, XP_010477563.1
OG0004393	As007G160690, As007G160670	XP_010477841.1, XP_010462889.1, XP_010499021.1
OG0004394	As007G161540	XP_010499135.1, XP_010460404.1, XP_010477974.1
OG0004395	As007G163610	XP_010464008.1, XP_010485902.1, XP_010433717.1, XP_010448510.1, XP_010438959.1
OG0004396	As007G178290	XP_010429398.1, XP_010472431.1, XP_019083721.1, XP_010432914.1
OG0004397	As008G184060	XP_010495285.1, XP_010476337.1, XP_010458791.1
OG0004398	As008G184470	XP_010494723.1, XP_010458722.1, XP_010476263.1
OG0004399	As008G184550	XP_010476241.1, XP_010458710.1, XP_010494577.1
OG0004400	As008G185490	XP_019098952.1, XP_010476131.1, XP_010458604.1
OG0004401	As008G186530	XP_010495900.1, XP_010458486.1, XP_019098935.1, XP_010475997.1, XP_010480427.1
OG0004402	As008G186970	XP_019091468.1, XP_010458418.1
OG0004403	As008G187820	XP_010490672.1, XP_010458344.1, XP_010475868.1
OG0004404	As008G189000	XP_019092193.1, XP_010487100.1, XP_010418983.1, XP_010475726.1, XP_010489669.1, XP_010458172.1
OG0004405	As008G191210	XP_010458027.1, XP_010488284.1, XP_010475591.1, XP_010488306.1, XP_010458028.2
OG0004406	As008G191790	XP_019091601.1, XP_010488092.1, XP_019095309.1
OG0004407	As009G201360	XP_010420180.1, XP_010492348.1, XP_010453651.1
OG0004408	As009G202170	XP_010420314.1, XP_010453785.1, XP_010492511.1
OG0004409	As009G202800	XP_010492616.1, XP_010453860.1, XP_019083842.1
OG0004410	As009G204440	XP_010456579.1, XP_010456578.1, XP_010420628.1, XP_010492870.1
OG0004411	As009G204520	XP_010454118.1, XP_010420645.1, XP_010492886.1
OG0004412	As009G205510	XP_010421520.1, XP_010455017.1, XP_010493920.1
OG0004413	As009G206130	XP_010421587.1, XP_010493993.1, XP_010455104.1
OG0004414	As009G209000	XP_010445941.1, XP_010495442.1, XP_010484925.1
OG0004415	As009G212570	XP_010491162.1, XP_010423382.1, XP_010452533.1
OG0004416	As009G215230	XP_010493823.1, XP_010421423.1, XP_010454906.1
OG0004417	As009G216590	XP_010454693.1
OG0004417	As009G216580	XP_010421212.1, XP_010493536.1
OG0004418	As009G217040	XP_010421480.1, XP_019090330.1, XP_010493474.1, XP_010421159.1, XP_010454641.1
OG0004419	As009G217350	XP_010454594.1, XP_010421114.1, XP_010493428.1
OG0004420	As009G217950	XP_010443954.1, XP_010483800.1, XP_010457239.1
OG0004421	As010G221640	XP_010426483.1, XP_019102298.1
OG0004422	As010G229220, As010G229210	XP_010511828.1
OG0004423	As010G232750	XP_010512019.1, XP_010421613.1, XP_010470965.1, XP_019096536.1
OG0004424	As010G233230	XP_010415702.1, XP_010512104.1, XP_010471020.1
OG0004425	As010G233630	XP_010427854.1, XP_010471070.1, XP_010415757.1
OG0004426	As010G234750	XP_010471207.1, XP_010497531.2, XP_010428041.1, XP_010415907.1
OG0004427	As010G234950	XP_010428072.1, XP_019083166.1, XP_010415943.1, XP_010428067.1, XP_010428074.1
OG0004428	As010G237990	XP_010416444.1, XP_010471665.1, XP_010428580.1
OG0004429	As010G238940, As010G238950	XP_010428448.1, XP_010471550.1, XP_010416313.1
OG0004430	As010G238980	XP_010416315.1, XP_019085004.1, XP_010416312.1, XP_019085005.1, XP_010471543.1
OG0004431	As010G240900	XP_010471334.1, XP_010416061.1, XP_010428191.1
OG0004432	As010G241990	XP_010472693.1, XP_010417463.1, XP_010429688.1
OG0004433	As010G242310	XP_010429761.1, XP_019083524.1
OG0004433	As010G242320	XP_010472731.1, XP_010417509.1, XP_019085158.1
OG0004434	As010G242650	XP_010472780.1, XP_010429809.1, XP_010417590.1
OG0004435	As010G243010	XP_010429852.1, XP_010472822.1, XP_010472821.1, XP_010417625.1
OG0004436	As011G244750	XP_010465072.1, XP_010487021.1, XP_010499673.1
OG0004437	As011G246140	XP_010465290.1, XP_010501611.1, XP_010487194.1
OG0004438	As011G246280	XP_010487215.1, XP_010497654.1, XP_010487217.1, XP_010465308.1, XP_010501747.1
OG0004439	As011G246400	XP_010489829.1
OG0004440	As011G247280	XP_010487335.1, XP_010465466.1, XP_010502576.1
OG0004441	As011G247520	XP_010487359.1, XP_019092582.1, XP_010502851.1
OG0004442	As011G247660	XP_019089148.1, XP_019092227.1, XP_019097131.1, XP_010419208.1
OG0004444	As011G250670	XP_019096402.1, XP_010465964.1, XP_010507004.1, XP_010506995.1
OG0004445	As011G251920	XP_010508099.1, XP_010487934.2, XP_019092412.1, XP_019091965.1
OG0004447	As011G253150	XP_010466300.1, XP_010509502.1, XP_010488077.1
OG0004448	As011G253180, As012G271840	XP_010488078.1, XP_010509534.1, XP_010466303.1
OG0004449	As011G253600	XP_010510094.1, XP_010466370.1, XP_010488143.1
OG0004450	As011G253980	XP_010510748.1, XP_010466451.1, XP_010488209.1
OG0004451	As011G255250	XP_010466641.1, XP_010512224.1, XP_010488375.1
OG0004452	As011G263640	XP_010429618.1, XP_010472632.1, XP_010417382.1, XP_010436281.1
OG0004453	As011G265220	XP_010414379.1, XP_010467670.1, XP_010489555.1
OG0004454	As011G265530	XP_010467622.1, XP_010497753.1, XP_010413979.1, XP_010489514.1
OG0004455	As011G265750	XP_010489452.1, XP_010467741.1
OG0004456	As011G267180	XP_019096773.1, XP_019092557.1, XP_019099008.1, XP_010505134.1, XP_019101290.1
OG0004457	As012G270680	XP_010500845.1
OG0004458	As012G271520	XP_010461982.1, XP_010479633.1, XP_010500725.1
OG0004459	As012G272100	XP_010479513.1, XP_010500623.1, XP_010461906.1
OG0004460	As012G273600	XP_010461687.1, XP_010500399.1, XP_010479285.1
OG0004461	As012G275430	XP_010516586.1, XP_010504896.1, XP_010509757.1
OG0004462	As012G275460	XP_010515630.1, XP_010426772.1, XP_010503900.1
OG0004463	As012G278020	XP_010515911.1, XP_010504187.1, XP_010427062.1
OG0004465	As012G282680	XP_010427436.1, XP_010516224.1, XP_010504515.1
OG0004466	As012G283150	XP_010504578.1, XP_010516275.1, XP_010427507.1
OG0004467	As012G283840	XP_010442884.1, XP_010482716.1, XP_010482715.2, XP_010445672.2, XP_010442883.1
OG0004469	As012G284540	XP_010504765.1, XP_010516462.1, XP_010427720.1
OG0004470	As012G284870	XP_010516509.1, XP_010504816.1, XP_010427764.1
OG0004471	As012G286860	XP_010518145.1, XP_010506469.1, XP_010508182.1
OG0004472	As012G287440	XP_010467018.1, XP_010512491.1, XP_010413402.1, XP_010469079.1
OG0004473	As012G288260	XP_010512622.1, XP_019093699.1
OG0004474	As012G288860	XP_010512700.1, XP_010413209.1, XP_010468895.1
OG0004498	As001G000170	XP_010448005.1, XP_010438485.1, XP_010433243.1
OG0004499	As001G000420	XP_010438442.1, XP_010433206.1, XP_010447967.2
OG0004500	As001G000790	XP_010447908.1, XP_010438372.1, XP_010433156.1
OG0004501	As011G265920, As001G001860	XP_010447784.1, XP_010438236.1, XP_010433044.1
OG0004502	As001G002140, As002G049030	XP_010443417.1, XP_010451961.1, XP_010483242.1
OG0004503	As001G002250	XP_010438200.1, XP_010447747.1, XP_010433010.1
OG0004504	As001G002530	XP_010417133.1, XP_010472388.1, XP_010429348.1, XP_010438171.1
OG0004505	As001G002630	XP_010447696.1, XP_010438156.1, XP_010438155.1, XP_010445045.1, XP_010432968.1
OG0004506	As001G002870	XP_010432948.1, XP_010447674.1, XP_010438135.1
OG0004507	As001G003820	XP_010412467.1
OG0004508	As001G004070	XP_010437991.1, XP_010432815.1, XP_010447543.1
OG0004509	As001G004590, As007G163180	XP_010447434.1, XP_010437948.1, XP_010432766.1
OG0004510	As001G004650	XP_010432760.1, XP_010447426.1, XP_010417303.1, XP_019093488.1, XP_010429529.1
OG0004511	As001G006600	XP_010432629.1, XP_010437819.1, XP_010447301.1
OG0004512	As001G013860	XP_010447093.1, XP_010437623.1, XP_010432422.1
OG0004513	As001G014180, As011G263170	XP_010437612.1, XP_010447077.1, XP_010432411.1
OG0004514	As001G017770, As001G017780	XP_010449740.1, XP_010434796.1, XP_010440124.1
OG0004515	As001G020380, As008G187160	XP_010510993.1, XP_010414629.1, XP_010470173.1
OG0004516	As001G021640	XP_010418106.1, XP_010430149.1, XP_010473342.1, XP_010480429.1
OG0004518	As001G022660	XP_010433876.1, XP_019086227.1, XP_010448673.1, XP_010448672.1, XP_010439144.1
OG0004519	As001G022670	XP_010513880.1, XP_010502133.1, XP_010424926.1
OG0004520	As001G024360	XP_019100953.1, XP_019085766.1
OG0004521	As001G024900	XP_010425248.1, XP_010506963.1, XP_010514216.1
OG0004522	As001G026910	XP_019098296.1, XP_010435938.1, XP_010441144.1
OG0004523	As001G027440	XP_010514606.1, XP_010425680.1, XP_010502890.1
OG0004524	As001G027910	XP_010425750.1, XP_010502976.1, XP_010514662.1, XP_010514663.1
OG0004525	As001G029530	XP_010415064.1, XP_010511416.1, XP_010496205.1
OG0004526	As001G031770, As008G184770	XP_010494181.1, XP_010458672.1, XP_010476215.1
OG0004527	As002G032370	XP_010486983.1, XP_010465035.1, XP_010499230.1
OG0004529	As002G038860	XP_010498844.1, XP_010486925.1, XP_010464991.1
OG0004530	As004G088910	XP_010455547.1, XP_010443761.1, XP_010485244.1, XP_010483626.1
OG0004531	As002G047610	XP_010443225.1, XP_019092194.1, XP_010495907.1
OG0004532	As002G047950	XP_010450774.1, XP_010483090.1, XP_010443268.1, XP_010476288.1
OG0004533	As002G048330, As002G048320	XP_010451360.1, XP_010443315.1, XP_010483143.1
OG0004534	As002G048480	XP_010451459.1, XP_010483159.1, XP_010443331.1
OG0004535	As002G049210	XP_010443439.1, XP_019095741.1, XP_010452207.1
OG0004536	As002G049590	XP_010452935.1, XP_010443501.1, XP_010483347.1
OG0004537	As002G050170	XP_010482028.1, XP_010442196.1, XP_010438920.1
OG0004538	As002G050780	XP_010453337.1, XP_010419845.1, XP_010492023.1
OG0004539	As002G050870	XP_010419831.1, XP_010453309.1, XP_010491999.1
OG0004540	As002G051190	XP_019090124.1, XP_010495163.1, XP_010419789.1, XP_010453269.1
OG0004542	As002G052120	XP_010419666.1, XP_010491806.1
OG0004543	As002G052580	XP_010491743.1, XP_010456473.1, XP_010422822.1
OG0004544	As005G118330, As002G053000	XP_010456465.1
OG0004545	As002G054050	XP_010452896.1, XP_010423023.1, XP_010491536.1
OG0004546	As002G054780	XP_010452781.1, XP_010423138.1, XP_010495111.1
OG0004547	As002G055310	XP_010452711.1, XP_010423206.1, XP_010491363.1
OG0004548	As004G088510	XP_010439856.1, XP_010434537.1, XP_010496223.1
OG0004549	As003G056980	XP_019088075.1, XP_019086555.1
OG0004550	As003G057550	XP_010434448.1, XP_010449394.1, XP_010439756.1
OG0004551	As003G060550, As004G085190	XP_010455686.1
OG0004552	As003G061560	XP_010448690.1, XP_010433891.1, XP_010439160.1
OG0004553	As003G061580	XP_010448687.1, XP_010433890.1, XP_010439158.1
OG0004554	As003G062110	XP_010439094.1, XP_010433821.1, XP_010448618.1
OG0004555	As010G223860, As010G223820, As010G223840, As010G223870, As003G062910	XP_010507274.1, XP_010426168.1
OG0004556	As003G063970	XP_010463158.1, XP_019094530.1, XP_010480925.1, XP_010512791.1
OG0004557	As003G066240	XP_010461484.1, XP_010500197.2
OG0004558	As003G068490	XP_010436584.1, XP_010445414.1, XP_010499312.1, XP_010460587.1, XP_010478177.1
OG0004559	As004G081350, As003G069100	XP_010499374.1, XP_010460642.1, XP_019095223.1
OG0004560	As003G069170	XP_010478222.1, XP_010460647.1, XP_010499379.1
OG0004561	As003G070250	XP_010478348.1, XP_010499496.1, XP_010462980.1
OG0004562	As003G070690	XP_019091500.1, XP_010478383.1, XP_010499526.1
OG0004563	As003G071430	XP_010499636.1, XP_010478523.1, XP_010460900.1
OG0004564	As003G071740	XP_010446920.1, XP_010437466.1, XP_010432277.1
OG0004565	As003G071820	XP_010432267.1, XP_010437457.1, XP_010446911.1
OG0004566	As003G072650	XP_010446786.1, XP_010437345.1, XP_010432172.1, XP_010446788.1
OG0004567	As003G075090	XP_010431937.1, XP_010454871.1, XP_010437079.1, XP_010446515.1
OG0004568	As004G076930	XP_010450436.1, XP_010435505.1, XP_010440791.1
OG0004569	As004G077080	XP_010450468.1, XP_010435545.1, XP_010440819.1
OG0004570	As004G078450	XP_010450786.1, XP_010435868.1
OG0004571	As004G078690	XP_010426209.1, XP_010503368.1, XP_019102273.1
OG0004572	As004G078860	XP_010505012.1, XP_010516681.1, XP_010509659.1, XP_010420656.1, XP_010492917.1, XP_010454131.1
OG0004573	As004G089620	XP_010441514.1, XP_010494912.1, XP_010481382.1
OG0004574	As004G079990	XP_010516768.1, XP_010509578.1, XP_010505089.1
OG0004575	As004G081570	XP_010469439.1, XP_010413822.1, XP_010509844.1
OG0004576	As004G084010	XP_010422008.1, XP_010455476.1, XP_010436689.1
OG0004577	As004G084320	XP_010455520.1, XP_010435373.1, XP_010422057.1
OG0004578	As004G086090	XP_010455838.1, XP_010422373.1, XP_010431858.1, XP_010451314.1
OG0004579	As004G086580, As004G086630	XP_010441892.1, XP_010494464.1, XP_010481680.1
OG0004580	As004G086670	XP_010494468.1, XP_010441890.1, XP_010481681.1
OG0004581	As004G088710	XP_010494795.1, XP_010481479.1, XP_010441609.1
OG0004582	As004G089650	XP_010494913.1, XP_010441512.1, XP_010481380.1
OG0004583	As004G092640	XP_010440331.1, XP_010435024.1, XP_010449963.1, XP_010435367.1
OG0004584	As004G094230, As004G094130, As004G094150, As004G094120	XP_010435263.1, XP_010450206.1, XP_010440580.1
OG0004585	As004G095110	XP_019089545.1, XP_010450110.1, XP_019086712.1
OG0004586	As011G254200, As004G096140	XP_010488236.1, XP_010511056.2, XP_010466490.1
OG0004588	As005G101990	XP_010506451.1, XP_010518127.1, XP_010512843.1
OG0004589	As005G102570	XP_010518065.1, XP_010506390.1, XP_010508272.1
OG0004590	As005G102580	XP_010506389.1, XP_010508276.1, XP_010518063.1
OG0004592	As005G103900	XP_010506214.1, XP_010508431.1, XP_010517904.1
OG0004593	As005G107390	XP_010452061.1, XP_010423878.1, XP_010490647.1
OG0004594	As005G108270	XP_010452218.1, XP_010513523.1, XP_010423725.1, XP_010490818.1
OG0004595	As005G112110	XP_019083908.1, XP_010456609.1, XP_010493176.1
OG0004596	As005G112490	XP_010493214.1, XP_010454412.1, XP_010420947.1
OG0004597	As005G113240	XP_019084769.1, XP_019097654.1, XP_019090728.1
OG0004598	As005G113640	XP_010493365.1, XP_010421063.1, XP_010454538.1
OG0004599	As005G116060	XP_010444194.1, XP_010459902.1
OG0004600	As005G116670	XP_010444288.1, XP_010460909.1, XP_010484124.1
OG0004601	As005G117060, As005G117070	XP_010461398.1, XP_010484181.1, XP_010444339.1
OG0004602	As005G117530	XP_010444390.1, XP_010484238.1, XP_010461940.1
OG0004603	As005G118490	XP_010484369.1, XP_010444532.1, XP_019094316.1
OG0004604	As005G118570	XP_010484351.1, XP_010444519.1, XP_010463010.1
OG0004605	As005G119490	XP_019094539.1, XP_010444687.1, XP_010484543.1
OG0004606	As005G120070	XP_010484607.1, XP_010444759.1, XP_010465123.1
OG0004607	As005G120720, As005G120700	XP_010515530.1, XP_010426680.1, XP_010503819.1
OG0004608	As006G121010	XP_010419523.1, XP_010426463.1, XP_010456333.1, XP_010484386.1, XP_010444545.1
OG0004609	As006G123070	XP_010422615.1, XP_010456059.1, XP_010429447.1
OG0004610	As006G125090	XP_010481865.1, XP_010481864.1, XP_010494325.1
OG0004611	As006G125600	XP_010413916.1, XP_010509930.1, XP_010469518.1
OG0004612	As006G127160	XP_010414118.1, XP_010510191.1, XP_019094099.1
OG0004613	As006G129290	XP_010470026.1, XP_010414463.1
OG0004614	As006G130790	XP_010480378.2, XP_010487808.1, XP_010457962.1
OG0004615	As006G130930	XP_010473123.1, XP_010510768.2
OG0004616	As006G133000, As006G132980	XP_010497964.1, XP_010476768.1, XP_010435645.1, XP_010496287.1, XP_010485390.1
OG0004617	As006G133180	XP_010435664.1, XP_010485362.1, XP_010497430.1
OG0004618	As006G133500	XP_010492194.1, XP_010453510.1, XP_010420024.1
OG0004619	As006G133560	XP_010468286.1, XP_010466075.1, XP_010487873.1, XP_019082446.1
OG0004620	As006G141990, As006G133730	XP_010463622.1, XP_010486413.1, XP_010464478.1
OG0004621	As006G135760, As009G202400	XP_010463700.1, XP_010501216.1, XP_010485605.1
OG0004622	As006G135970	XP_010492605.1, XP_010453849.1, XP_010420382.1, XP_010463734.1, XP_010504178.1, XP_010485628.1
OG0004623	As006G137260	XP_010517168.1, XP_010463869.1, XP_010517869.1
OG0004624	As006G139180	XP_010432199.1, XP_010464133.1, XP_010486055.1
OG0004625	As006G139360	XP_010433579.1, XP_010486071.1, XP_010464151.1
OG0004626	As006G139540	XP_010435264.1, XP_010464168.1, XP_010486087.1
OG0004627	As006G139570	XP_010435576.1, XP_010464172.1, XP_010486091.1
OG0004628	As006G139900	XP_010486135.1, XP_019100253.1, XP_010464202.1
OG0004629	As006G141110, As006G141120	XP_010486293.1, XP_010464359.1, XP_010451744.1
OG0004630	As006G141420	XP_010464406.1, XP_010456670.1, XP_010486337.1
OG0004631	As006G141470	XP_010464412.1, XP_010486343.1
OG0004632	As006G141630	XP_010458908.1, XP_010464431.1, XP_010486361.1
OG0004633	As006G141660	XP_010486368.1, XP_010459539.1, XP_010464436.1
OG0004634	As006G142290	XP_010505801.1, XP_010517492.1, XP_010508845.1
OG0004635	As006G142670	XP_010512934.1, XP_010445694.1, XP_010517442.1, XP_010508888.1, XP_010505750.1
OG0004636	As006G142710	XP_010508892.1, XP_010507658.1, XP_010517439.1
OG0004637	As006G142850	XP_010505719.1, XP_010508911.1, XP_010517422.1
OG0004638	As006G143330	XP_010505651.1, XP_010505653.1, XP_010505654.1, XP_010507641.1, XP_010517327.1, XP_010508986.1
OG0004639	As006G144970	XP_010509480.1, XP_010505170.1, XP_010516848.1
OG0004640	As006G145040	XP_010509471.1, XP_010516864.1, XP_010513024.1, XP_010505189.1
OG0004641	As006G145410	XP_010516915.1, XP_010505232.1, XP_010509424.1
OG0004642	As006G146400	XP_010509314.1, XP_010505351.1, XP_010517030.1
OG0004643	As006G147190	XP_010505506.1, XP_019101955.1, XP_010509154.1
OG0004644	As007G152340	XP_019094248.1, XP_010459121.1, XP_010497468.1
OG0004645	As007G154210, As007G152410	XP_010459129.1, XP_010497534.1, XP_010476696.1, XP_010462736.1
OG0004646	As007G154330	XP_010498164.1, XP_010459406.1, XP_010476950.1
OG0004647	As007G154990	XP_010498257.1, XP_010498253.1, XP_010459478.1
OG0004648	As007G156100	XP_010498415.1, XP_010477216.1, XP_010459669.1
OG0004649	As010G236360, As007G157390	XP_010459857.1, XP_010498603.1, XP_010496503.1
OG0004650	As007G158000	XP_010498656.1, XP_010459921.1, XP_010477449.1
OG0004651	As007G159490	XP_010477631.1, XP_010498843.1, XP_010460122.1
OG0004652	As007G159630, As007G159640	XP_019099165.1, XP_010460141.1, XP_010477648.1, XP_010498904.1
OG0004653	As007G159650	XP_010477646.1, XP_010498865.1, XP_010460139.1
OG0004654	As007G160410	XP_010498987.1, XP_010477801.1
OG0004655	As007G163000, As007G165660	XP_010439016.1, XP_010448554.1, XP_010433757.1
OG0004657	As007G163600	XP_010433718.1, XP_010438961.1, XP_010448511.1, XP_010442521.1, XP_010482350.1, XP_010442043.1
OG0004659	As007G177700	XP_019093898.1, XP_010417278.1, XP_019085130.1
OG0004661	As008G184680	XP_010494333.1, XP_010458682.1, XP_010476227.1
OG0004662	As008G187370	XP_019094652.1, XP_010458358.1, XP_010490812.1
OG0004664	As008G188000	XP_010458276.1, XP_010475824.1, XP_010490310.1
OG0004665	As008G188240	XP_010490115.1, XP_010458241.1, XP_010475791.1
OG0004666	As008G188780	XP_019101924.1, XP_010504448.1, XP_019085597.1, XP_010458196.1, XP_010489775.1, XP_010501389.2
OG0004667	As008G189020	XP_010458170.1, XP_010489630.1, XP_010475723.1
OG0004668	As008G190320	NP_001289910.1, NP_001289923.1, NP_001289912.1
OG0004669	As008G191130	XP_010488242.1, XP_010475582.1, XP_010458019.1
OG0004670	As008G193050	XP_010475464.1, XP_010457873.1, XP_010487146.1
OG0004671	As008G195650	XP_010475155.1, XP_010484352.1, XP_010457547.1
OG0004672	As009G200150	XP_010420055.1, XP_010453543.1, XP_010492226.1
OG0004673	As009G202420	XP_010453806.1, XP_010420340.1, XP_010492554.1
OG0004674	As009G203750	XP_010420508.1, XP_010453981.1, XP_010492746.1
OG0004675	As009G203800	XP_010492753.1, XP_010453990.1, XP_010420516.1
OG0004676	As009G204380	XP_010420618.1, XP_010492861.1, XP_010454100.1
OG0004677	As009G204480	XP_010454112.1, XP_010420636.1, XP_010492876.1
OG0004678	As009G205010	XP_010492964.1, XP_010420707.1, XP_010454182.1
OG0004679	As009G205800	XP_010493944.1, XP_010455052.1, XP_010421548.1
OG0004680	As009G206920	XP_010494062.1, XP_010455162.1, XP_010421660.1, XP_010421661.1
OG0004681	As009G207210	XP_010455205.1, XP_019084286.1, XP_010455207.1, XP_010494120.1
OG0004682	As009G207670, As009G207660, As009G207710, As009G207700	XP_010482211.1, XP_010442396.1, XP_010440493.1
OG0004683	As009G208820	XP_010493675.1, XP_010442272.1, XP_010482098.1
OG0004684	As009G208870	XP_010493671.1, XP_010442270.1, XP_010482096.1
OG0004685	As009G209640	XP_010492149.1, XP_010453472.1, XP_010419980.1
OG0004686	As009G212060	XP_010439224.1, XP_010482051.1, XP_010442218.1
OG0004687	As009G212090	XP_010512219.1, XP_019093207.1, XP_010469303.1, XP_010413676.1
OG0004688	As009G212420, As009G212410	XP_010423363.1, XP_010456415.1
OG0004689	As009G213660	XP_010491069.1, XP_010452439.1, XP_010423480.1
OG0004690	As009G214620	XP_010490953.1, XP_019084520.1, XP_019090498.1
OG0004691	As009G215110	XP_019090423.1, XP_010493832.1
OG0004692	As009G215150	XP_010421426.1, XP_010454909.1, XP_010493826.1
OG0004693	As009G215480	XP_010493767.1, XP_010454840.1, XP_010421367.1
OG0004694	As009G217250	XP_010456657.1, XP_010421124.1, XP_010454607.1, XP_010493443.1
OG0004695	As009G218500	XP_010444031.1, XP_010457985.1, XP_010483888.1
OG0004696	As009G218640	XP_010483927.1, XP_010444066.1, XP_010458334.1
OG0004697	As009G218750	XP_010444051.1, XP_010483907.1, XP_010458485.1
OG0004698	As009G218840	XP_019086972.1, XP_010483951.1, XP_010444086.1
OG0004699	As009G218920	XP_010444096.1, XP_010483959.1, XP_010458949.1
OG0004700	As009G219250	XP_010444139.1, XP_010459386.1, XP_010483997.1
OG0004701	As010G220550	XP_010426641.1, XP_010503777.1, XP_010515481.1
OG0004702	As010G222340	XP_010503531.1, XP_010515222.1, XP_010426387.1
OG0004703	As010G222740	XP_010426332.1, XP_010503472.1, XP_010515159.1
OG0004704	As010G224140	XP_010473087.1
OG0004705	As011G257540, As010G226740	XP_010466914.1, XP_010488592.1, XP_010490124.1, XP_010513757.1
OG0004706	As010G226830	XP_010514723.1, XP_010503046.1, XP_010425820.1
OG0004707	As010G232320	XP_010511954.1, XP_010415566.1, XP_010470907.1
OG0004708	As010G232500	XP_010470928.1, XP_019083265.1, XP_010511969.1
OG0004709	As010G232900	XP_010415654.1, XP_010470990.1, XP_010512052.1, XP_010482935.1, XP_010475864.1
OG0004710	As010G234800	XP_010428049.1, XP_010471215.1, XP_010415916.1
OG0004711	As010G235100	XP_010428088.1, XP_010414846.1, XP_010415951.1, XP_010471241.1
OG0004712	As010G237140	XP_010428693.1, XP_010416552.1, XP_010471786.1
OG0004713	As010G237780	XP_019083147.1, XP_019085872.1, XP_019093705.1
OG0004714	As010G238010	XP_010428578.1, XP_010471663.1, XP_010416441.1
OG0004715	As010G238050, As010G238040	XP_010499085.1, XP_010460368.1, XP_010477916.1
OG0004716	As010G239010	XP_010416308.1, XP_010428438.1, XP_010471540.1
OG0004717	As010G239890	XP_010476969.1, XP_010498184.1
OG0004718	As010G242420	XP_010472744.1, XP_010429775.1, XP_010417520.1
OG0004719	As010G243200	XP_010472852.1, XP_010417649.1, XP_010429884.1
OG0004720	As010G243480	XP_010417677.1, XP_019085183.1, XP_010472892.1
OG0004721	As010G243680	XP_010417696.1, XP_010429944.1, XP_010472912.1, XP_010417697.1
OG0004722	As010G243730	XP_010429953.1, XP_010417705.1, XP_010472924.1
OG0004723	As010G243830	XP_019094113.1, XP_010417715.1, XP_010429973.1
OG0004724	As010G243840	XP_010472944.1, XP_010431655.1, XP_010417716.1
OG0004725	As010G244010	XP_010459082.1, XP_019099013.1, XP_010476633.1
OG0004726	As011G244610	XP_010486992.1, XP_010499304.1, XP_010465042.1
OG0004727	As011G244720	XP_010499608.1, XP_010487015.1, XP_010465068.1
OG0004729	As011G245400	XP_010500633.1, XP_010500612.1, XP_010487111.1, XP_010465190.1
OG0004730	As011G245970	XP_010487179.1, XP_010465271.1, XP_010501463.1
OG0004732	As011G247150	XP_010487317.1, XP_019101908.1
OG0004733	As011G247580	XP_010487368.1, XP_019102015.1, XP_010465509.1
OG0004734	As011G248970	XP_010504647.1, XP_010497642.1, XP_010487543.1, XP_010465699.1
OG0004735	As011G249420	XP_010500320.1, XP_010461608.1, XP_010479220.1, XP_019101356.1
OG0004736	As011G250360	XP_019096174.1, XP_019102511.1, XP_010506674.1, XP_010497756.1, XP_019092021.1
OG0004737	As011G250700	XP_010465969.1, XP_010507022.1, XP_010487784.1
OG0004738	As011G250930	XP_010507157.1, XP_010489925.1, XP_010465995.1
OG0004739	As012G272860, As011G251110	XP_010487822.1, XP_010466027.1
OG0004740	As011G252030	XP_010508234.1, XP_010487952.1, XP_010466162.1
OG0004741	As011G253470	XP_010510226.1, XP_010466387.1, XP_010488159.1
OG0004742	As011G254510	XP_010511454.1, XP_010466537.1, XP_010490033.1
OG0004743	As011G254540	XP_010488287.1, XP_010511489.1, XP_010466540.1
OG0004744	As011G255150	XP_019092272.1, XP_010488364.1, XP_010512158.1
OG0004745	As011G255330	XP_010488395.1, XP_010512431.1, XP_010466672.1
OG0004746	As011G256090	XP_010488491.1, XP_010421934.1, XP_010466777.1
OG0004747	As011G256630	XP_019096733.1, XP_019097965.1, XP_019096780.1, XP_019099075.1
OG0004748	As011G262550, As011G262540	XP_010428278.1, XP_010474316.1, XP_010419181.1
OG0004749	As011G263460	XP_010489227.1, XP_010467384.1, XP_010516587.1
OG0004750	As011G266140	XP_010489493.1, XP_010467894.1, XP_010415402.1
OG0004751	As011G267050	XP_010467837.1, XP_010415893.1, XP_010489051.1
OG0004752	As012G268020	XP_010480143.1, XP_010501210.1
OG0004753	As012G269500	XP_010436041.1, XP_010441263.1, XP_019089711.1
OG0004754	As012G272120	XP_010461908.1, XP_010479509.1, XP_010500621.1
OG0004755	As012G272400	XP_010500562.1, XP_010461858.1, XP_010478439.1, XP_010478440.1, XP_010461857.1, XP_010500560.1
OG0004756	As012G273590	XP_010479286.1, XP_019091301.1, XP_010500400.1
OG0004757	As012G273670	XP_010466713.1
OG0004758	As012G277580	XP_010514078.1, XP_010502320.1, XP_010425096.1
OG0004759	As012G279310	XP_010504221.1, XP_010504211.1, XP_010515937.1, XP_010427088.1
OG0004760	As012G279450	XP_010515573.1, XP_019100265.1, XP_010426729.1, XP_010431249.1
OG0004761	As012G279480	XP_010503855.1, XP_010515587.1, XP_010426733.1
OG0004762	As012G281540	XP_010488806.1, XP_019084459.1, XP_010417448.1, XP_010472682.1, XP_010429677.1
OG0004763	As012G282030	XP_010427334.1, XP_010516134.1, XP_010504415.1
OG0004764	As012G282670	XP_010504505.1
OG0004765	As012G283070	XP_010427495.1, XP_010516269.1, XP_010504569.1
OG0004766	As012G283240	XP_010516282.1, XP_010427518.1, XP_010504589.1
OG0004767	As012G283940	XP_010427612.1, XP_010504667.1, XP_010516355.1
OG0004768	As012G284140	XP_010504701.1, XP_010516391.1, XP_010427649.1
OG0004769	As012G284280	XP_010504726.1, XP_010427677.1, XP_010516423.1
OG0004770	As012G289140	XP_010454959.1, XP_010493870.1, XP_010421482.1, XP_010493809.1
OG0004801	As011G267360, As001G000190	XP_010438481.1, XP_010433239.1, XP_010448000.1
OG0004802	As001G000200	XP_010433237.1, XP_010438479.1, XP_010447998.1
OG0004803	As001G000240	XP_010447381.1, XP_010432713.1, XP_010437907.1
OG0004804	As001G000330	XP_010433218.1, XP_010438455.1, XP_010447980.1
OG0004805	As001G000920	XP_010433137.1, XP_010447890.1, XP_010438345.1
OG0004806	As001G002130	XP_010438211.1, XP_010447761.1, XP_010433022.1
OG0004807	As001G002880	XP_010432947.1, XP_010447673.1, XP_010438134.1
OG0004808	As001G004040	XP_010447539.1, XP_010437994.1, XP_010432818.1
OG0004809	As001G004150	XP_010447549.2, XP_010432809.1, XP_010437986.1
OG0004810	As001G004320	XP_010482231.1, XP_010442422.1, XP_010440762.1
OG0004811	As001G005970	XP_010437843.1, XP_010447328.1, XP_010432647.1
OG0004812	As001G006400	XP_010437863.1, XP_019098618.1, XP_010432672.1, XP_010447351.1
OG0004813	As001G007090	XP_010432624.1, XP_010447297.1, XP_010437814.1
OG0004814	As001G013570	XP_010444977.1, XP_010447128.1, XP_010432455.1
OG0004815	As001G014410	XP_010447042.1, XP_010437574.1, XP_010432383.1
OG0004816	As001G016270, As001G016260, As001G016300	XP_010463058.1
OG0004817	As004G083110, As001G017700	XP_010449737.1, XP_010434789.1, XP_010440121.1
OG0004818	As001G017790	XP_010440125.1, XP_010449743.1, XP_010434797.1
OG0004819	As001G018060	XP_010434822.1, XP_010440153.1, XP_010449790.1
OG0004820	As001G018530	XP_010470364.1, XP_010470361.1, XP_010414907.1, XP_010511204.1, XP_010414911.1, XP_010511565.1, XP_019098549.1
OG0004821	As001G018760	XP_010480210.1, XP_010511231.1, XP_019091578.1, XP_019094884.1
OG0004823	As001G021690	XP_010430162.1, XP_010473362.1, XP_010418123.1
OG0004824	As001G022350	XP_010502084.1, XP_019102120.1, XP_010424858.1, XP_010514456.1, XP_010425537.1, XP_010514473.1
OG0004825	As008G182410, As001G022410	XP_010518539.1, XP_010502101.1, XP_010502094.1, XP_010502095.1, XP_010502103.1, XP_010502105.1, XP_010502098.1, XP_010502091.1, XP_010424868.1
OG0004826	As001G023400	XP_010425000.1, XP_010502234.1, XP_010513998.1
OG0004827	As001G025020	XP_010514229.1, XP_010425261.1
OG0004828	As001G025450	XP_010502584.1, XP_010425360.1, XP_019102190.1
OG0004829	As001G025570	XP_010502605.1, XP_019085302.1, XP_010514329.1
OG0004830	As004G097530, As001G026310	XP_010441225.1, XP_010450631.1, XP_010436006.1
OG0004831	As001G026350	XP_010502717.1, XP_010514446.1, XP_010425491.1
OG0004832	As001G026590, As005G119760	XP_010425543.1, XP_010502770.1, XP_010412413.1
OG0004833	As001G027610	XP_010495863.1, XP_019099923.1, XP_010425709.1
OG0004834	As001G027630	XP_010495865.1, XP_010502934.1, XP_010425711.1
OG0004835	As001G027750	XP_010514639.1, XP_010502874.1, XP_010425724.1
OG0004836	As001G027800	XP_010502961.1, XP_010514646.1, XP_010425734.1
OG0004837	As001G028020	XP_019099631.1, XP_019101836.1
OG0004838	As001G028180	XP_010496051.1, XP_010495871.1, XP_010514690.1
OG0004839	As001G028190	XP_010514691.1, XP_010495873.1, XP_010425783.1
OG0004840	As001G028760	XP_010415192.1, XP_010470525.2, XP_010511479.1
OG0004841	As001G031140	XP_010430487.1
OG0004841	As001G031130	XP_010418409.1, XP_010473623.1
OG0004842	As001G031750	XP_010458674.1, XP_010494192.1, XP_010476219.1
OG0004843	As008G185240, As001G032070	XP_010458631.1, XP_010476164.1, XP_010493696.1
OG0004844	As002G033080	XP_010508734.1, XP_010505899.1, XP_010517619.1
OG0004845	As002G034250	XP_010464580.1, XP_010472002.1, XP_010486504.1
OG0004846	As002G035570	XP_010464706.1, XP_010482945.1
OG0004847	As002G035930	XP_010464729.1, XP_010486666.1, XP_010485439.1
OG0004848	As002G037420	XP_010464875.1, XP_010486825.1, XP_010497206.1
OG0004849	As002G038820	XP_010486918.1, XP_010498813.1, XP_010464988.1
OG0004850	As007G164360, As002G042970	XP_010482442.1, XP_010442595.1, XP_010426305.1
OG0004851	As002G043200	XP_010482453.1, XP_010426295.1, XP_010482454.1, XP_010426296.1
OG0004852	As002G043810, As009G209900	XP_010444055.1, XP_010482534.1, XP_010442699.1
OG0004853	As002G044150	XP_010482580.1, XP_010442755.1
OG0004854	As002G044600	XP_010442832.1, XP_010445307.1, XP_010482663.1
OG0004855	As002G044650	XP_010442840.1, XP_010482671.1, XP_010445387.1
OG0004856	As002G044980	XP_019087659.1, XP_019086983.1, XP_019095774.1
OG0004857	As002G045730	XP_010482790.1, XP_010442957.1, XP_010446133.1
OG0004858	As002G046440	XP_010482878.1, XP_010448513.1, XP_010443048.1
OG0004859	As006G132620	XP_010438665.1, XP_010448182.1, XP_010433416.1
OG0004860	As002G048650	XP_010451683.1, XP_019095465.1, XP_010443359.1
OG0004861	As002G049390	XP_010452725.1, XP_010443478.1, XP_010483307.1
OG0004862	As002G049870, As010G227590	XP_010443521.1, XP_010453128.1, XP_010483381.1
OG0004863	As002G050320	XP_010419908.1, XP_010453397.1, XP_010492081.1
OG0004864	As002G050440	XP_010495178.1, XP_010419889.1, XP_010453379.1
OG0004865	As002G050480	XP_010419883.1, XP_010453374.1, XP_010492064.1
OG0004866	As002G050490	XP_010492063.1, XP_010453373.1, XP_010419882.1
OG0004867	As002G051840	XP_010419714.1, XP_019097704.1
OG0004868	As002G051860, As009G201870	XP_010492399.1, XP_010453693.1, XP_010420221.1
OG0004869	As002G052150	XP_010453149.1, XP_010419663.1, XP_010491803.1
OG0004870	As002G052750	XP_010491724.1, XP_010453080.1, XP_010422835.1
OG0004872	As002G053820	XP_010452932.1, XP_010422984.1, XP_010491571.1
OG0004873	As003G055900	XP_010445312.1, XP_010434650.1, XP_010449598.1
OG0004874	As003G056390	XP_010449528.1, XP_019086145.1
OG0004874	As004G089050	XP_010481439.1, XP_010441568.1, XP_010494835.1
OG0004875	As003G056530	XP_010434566.1, XP_010439894.1, XP_010449496.1
OG0004876	As003G056620, As004G088760	XP_010441599.1, XP_010481467.1, XP_019097988.1
OG0004877	As003G057300	XP_010439804.1, XP_010434489.1, XP_010449457.1
OG0004878	As003G057320	XP_010439797.1, XP_010449453.1, XP_010434484.1
OG0004879	As003G057800	XP_010434413.1, XP_010449353.1
OG0004880	As003G058210	XP_010434330.1, XP_019087827.1, XP_010449238.1, XP_010445256.1
OG0004881	As003G058480	XP_019086235.1, XP_010449207.1, XP_010439602.1
OG0004882	As003G058730	XP_010449165.1, XP_010434275.1
OG0004883	As003G059030	XP_010439517.1, XP_010449114.1, XP_010434234.1, XP_019086700.1
OG0004884	As003G059460	XP_019089342.1, XP_010439475.1, XP_010434179.1
OG0004885	As003G059780	XP_010454217.1, XP_010493009.1, XP_010420748.1, XP_010493006.1, XP_010493011.1, XP_010454218.1, XP_010493008.1
OG0004886	As003G059800	XP_010439426.1, XP_010449006.1, XP_010434129.1
OG0004887	As003G059840	XP_010449004.1, XP_010434126.1, XP_010439424.1
OG0004888	As003G060430	XP_010448900.1, XP_010434052.1, XP_010439338.1, XP_010448893.1
OG0004889	As003G060940	XP_010433968.1, XP_010439256.1, XP_010448808.1
OG0004890	As003G061450	XP_010433909.1, XP_010448705.1, XP_010448707.1, XP_010439176.1
OG0004891	As003G061960	XP_010448647.1, XP_010433850.1, XP_010439126.1
OG0004892	As003G062150	XP_010448613.1
OG0004894	As003G065660	XP_010461537.1, XP_010479140.1, XP_010500262.1
OG0004895	As003G067740	XP_010478148.1, XP_010460563.1, XP_010499289.1
OG0004896	As003G068660	XP_010460592.1, XP_010499315.1, XP_010480691.1
OG0004897	As003G068770	XP_010460611.1, XP_010499341.1, XP_019098774.1
OG0004898	As012G275180	XP_010478408.1, XP_010499553.1, XP_010460819.1
OG0004899	As003G070960	XP_010490893.1, XP_010490892.1, XP_010423642.1
OG0004900	As003G072940	XP_010437310.1, XP_010446748.1, XP_010432141.1
OG0004901	As003G073810	XP_010432051.1, XP_010437219.1
OG0004902	As003G074050	XP_010446628.1, XP_010432034.1, XP_010437189.1
OG0004904	As003G076520	XP_010431777.1, XP_010436936.1
OG0004905	As004G079710	XP_010516702.1, XP_010505030.1, XP_010509635.1
OG0004906	As004G086100	XP_010422375.1, XP_019090720.1
OG0004907	As004G086370	XP_010422428.1, XP_010455864.1, XP_010431438.1
OG0004908	As004G087110, As004G089370, As004G089390	XP_010481719.1, XP_010494519.1, XP_010441837.1
OG0004910	As004G088520	XP_010441642.1, XP_010481510.1, XP_010494758.1
OG0004911	As011G262950, As004G088540	XP_010494766.1, XP_010481506.1, XP_010441634.1
OG0004912	As004G089270	XP_010441533.1, XP_010481408.1, XP_010494865.1
OG0004913	As004G090260	XP_010481301.1, XP_010441434.1, XP_010494999.1
OG0004914	As004G090350	XP_010494952.1, XP_010481346.1, XP_010441485.1
OG0004915	As004G090850	XP_010441443.1, XP_010481311.1, XP_010494988.1
OG0004916	As004G093460	XP_010466932.1, XP_010488619.1, XP_010513927.1
OG0004917	As012G270330	XP_019095031.1, XP_010462136.2
OG0004918	As004G096130	XP_010496122.2
OG0004919	As004G097840	XP_010436071.1, XP_010441287.1, XP_010447179.1
OG0004920	As004G098270	XP_010444617.1, XP_010484449.1, XP_010463807.1
OG0004921	As012G288850	XP_010468896.1, XP_010512698.1, XP_010413210.1
OG0004922	As005G099440, As012G288450	XP_010512659.1, XP_010468935.1, XP_010413261.1
OG0004924	As005G100960	XP_010458967.1, XP_010476524.1, XP_010496294.1
OG0004925	As012G287450, As005G101030	XP_010469081.1, XP_010512494.1, XP_010413398.1
OG0004926	As005G101090	XP_010506593.1, XP_010518256.1, XP_010508080.1
OG0004927	As005G101280	XP_010518220.1, XP_010506558.1, XP_010508107.1
OG0004928	As005G101340	XP_010506524.1, XP_019101161.1, XP_010518193.1
OG0004929	As005G102400	XP_010508257.1, XP_010506407.1, XP_010518078.1
OG0004930	As005G103650	XP_010517939.1
OG0004931	As005G104220	XP_010512127.1, XP_010504861.1
OG0004932	As005G104320	XP_010508485.1, XP_010517852.1, XP_010506152.1
OG0004933	As005G104880	XP_010506068.1, XP_010517768.1, XP_010508576.1
OG0004936	As005G107480	XP_010452081.1, XP_010490693.1, XP_010423865.1, XP_010423866.1
OG0004937	As005G108370	XP_010423704.1, XP_010424795.1, XP_010490834.1, XP_010452231.1
OG0004938	As005G108800	XP_010518052.1, XP_010506377.1, XP_010508286.1
OG0004939	As005G109120	XP_010490909.1, XP_010423629.1
OG0004940	As005G111070	XP_010454323.1, XP_010420859.1, XP_010493127.1
OG0004941	As005G111180	XP_010493069.1, XP_019089891.1, XP_010420807.1
OG0004942	As005G112060	XP_010420906.1, XP_010454370.1, XP_010493168.1
OG0004943	As005G112360	XP_010454400.1, XP_010493202.1, XP_010420934.1
OG0004944	As005G113020	XP_010496782.1, XP_010420986.1, XP_010454459.1
OG0004945	As005G113300	XP_019084763.1, XP_010493309.1, XP_010454496.1
OG0004946	As005G113780	XP_010421089.1, XP_010454569.1, XP_010493384.1
OG0004947	As005G113910	XP_010468530.1, XP_010463191.1, XP_010500109.1
OG0004948	As005G114610	XP_010455850.1, XP_010443793.1, XP_010483648.1
OG0004949	As005G115090	XP_010454903.1, XP_019095509.1, XP_010443687.1, XP_010497724.1, XP_010497476.1
OG0004950	As005G115760	XP_010483544.1, XP_010443679.1, XP_010454821.1
OG0004951	As005G115840	XP_010483516.1, XP_010483514.1, XP_010483515.1, XP_010483512.1, XP_010443650.1, XP_010454463.1
OG0004952	As005G116130	XP_010444202.1, XP_010459953.1
OG0004953	As005G116150	XP_010506656.1, XP_010508012.1, XP_010518321.1
OG0004954	As005G116380	XP_010460513.1, XP_010484082.1, XP_010444246.1
OG0004955	As005G117550	XP_010444391.1, XP_010461962.1, XP_010484239.1
OG0004956	As005G118410	XP_010463211.1, XP_010484383.1, XP_010444541.1
OG0004957	As005G118630	XP_010444510.1, XP_019096078.1, XP_010462023.1
OG0004958	As005G118700	XP_010444575.1, XP_010484400.1, XP_010463444.1
OG0004959	As005G118850	XP_010463572.1, XP_010484423.1, XP_010444598.1
OG0004960	As005G119160	XP_010484494.1, XP_010444644.1, XP_010464022.1
OG0004961	As005G119230	XP_010444654.1, XP_010464120.1, XP_010484505.1
OG0004962	As005G119600	XP_010464563.1, XP_010444699.1, XP_010484560.1, XP_010484557.1
OG0004963	As005G119980	XP_010465037.1, XP_010444751.1, XP_010484600.1
OG0004965	As006G121990	XP_010427766.1, XP_010422770.1, XP_019090237.1
OG0004966	As006G124550	XP_010441940.1, XP_019097938.1, XP_010481786.1
OG0004967	As008G196340	XP_010457464.1, XP_010483331.1, XP_010475076.1
OG0004968	As006G125250	XP_010457490.1, XP_010483813.1, XP_010475103.1, XP_010413860.1, XP_010509883.1, XP_010469469.1
OG0004969	As006G126170	XP_010509991.1, XP_010469564.1
OG0004970	As006G127960	XP_010414241.1, XP_010469830.1, XP_010510329.1
OG0004971	As006G128010	XP_010414255.1, XP_010510342.1, XP_010469842.1
OG0004972	As006G128270	XP_010469879.1, XP_010510388.1, XP_010414287.1
OG0004973	As006G128640	XP_010513240.1, XP_010418780.1, XP_010473969.1
OG0004974	As006G128740	XP_019085735.1, XP_010414338.1, XP_010418788.1, XP_010510468.1, XP_010510436.1, XP_010510470.1, XP_010510433.1, XP_010414900.1, XP_010470349.1
OG0004975	As006G129710	XP_010510601.1, XP_010414511.1, XP_010470069.1
OG0004976	As006G130190	XP_010510705.1, XP_019083114.1, XP_010470145.1
OG0004977	As006G130530	XP_010510826.2, XP_010473091.1
OG0004978	As006G133540, As009G199820	XP_010453505.1, XP_010492187.1
OG0004979	As006G133750, As006G141960	XP_010464476.1, XP_010463237.1, XP_010486409.1
OG0004980	As006G142010	XP_010464485.1, XP_010486420.1, XP_010464238.1
OG0004981	As006G134770	XP_010485517.1, XP_010463547.1, XP_010512938.1
OG0004982	As009G202500, As006G135830	XP_010501847.1, XP_010463709.1, XP_010485612.1
OG0004983	As006G136020, As009G202790	XP_010492615.1, XP_010420385.1, XP_010453858.1
OG0004986	As009G205410, As006G139410	XP_010455001.1, XP_010421509.1
OG0004988	As006G139830, As009G204740	XP_010464196.1, XP_010486120.1, XP_010437511.1
OG0004989	As006G140070, As012G283670	XP_010504638.1, XP_010516323.1, XP_010427581.1
OG0004990	As006G140740	XP_010447457.1, XP_010464304.1, XP_010486233.1
OG0004991	As006G141260	XP_010464386.1, XP_010454123.1
OG0004992	As006G141680	XP_010464440.1, XP_010486369.1, XP_010460091.1
OG0004993	As006G141950	XP_010464473.1, XP_010486406.1, XP_010463169.1
OG0004994	As006G142580	XP_010517452.1, XP_010505762.1, XP_010508879.1
OG0004995	As006G142980	XP_010505700.1, XP_010508936.1, XP_010517385.1
OG0004996	As006G143310	XP_010517330.1, XP_010505656.1, XP_010508984.1
OG0004997	As006G143760	XP_010516058.1, XP_010504341.1, XP_010427243.1
OG0004998	As006G144480	XP_010516800.1, XP_010505120.1, XP_010509533.1
OG0004999	As006G144570	XP_010509519.1, XP_010505129.1, XP_010516813.1
OG0005000	As006G144590	XP_010499426.1, XP_010478266.1, XP_010460679.1
OG0005001	As006G147050	XP_010509243.1, XP_010509244.1, XP_010505403.1, XP_010505406.1, XP_010517079.1
OG0005002	As006G147700	XP_010509228.1, XP_010505420.1, XP_010517093.1
OG0005003	As006G147990	XP_010517106.1, XP_010509212.1
OG0005005	As007G151970	XP_010501470.1, XP_010459056.1, XP_010476618.1
OG0005006	As007G153190	XP_010498006.1, XP_019091443.1
OG0005007	As007G154040, As007G153880	XP_010414715.1, XP_019100866.1, XP_010498096.1, XP_010476897.1, XP_010459339.1
OG0005008	As007G153990	XP_010476912.1, XP_010498129.2, XP_010480517.1
OG0005009	As007G154750	XP_010476963.1, XP_010496041.1, XP_010498178.1
OG0005010	As007G154930	XP_010498248.1, XP_010459473.1, XP_010477033.1
OG0005011	As007G155560	XP_010498328.1, XP_010477122.1, XP_010459578.1
OG0005012	As007G156050	XP_010498407.1, XP_010459661.1, XP_010477210.1
OG0005013	As007G158050	XP_010497175.1, XP_010428868.1, XP_010416741.1, XP_010471983.1
OG0005014	As007G158130	XP_019091353.1, XP_010498673.1, XP_010477466.1
OG0005015	As007G158650	XP_010497801.1, XP_019091212.1, XP_010460022.1, XP_010460023.1, XP_010498744.1, XP_010498742.1, XP_010477522.1
OG0005016	As007G160000	XP_010461529.1, XP_010500256.1, XP_010479133.1
OG0005018	As007G160180	XP_010477762.1, XP_010498961.1, XP_010460208.1
OG0005019	As007G160320	XP_010498979.1, XP_010477789.1, XP_010460241.1
OG0005020	As010G232330, As007G160760	XP_010499034.1, XP_010460303.1, XP_010477849.1
OG0005021	As007G161470, As007G163920	XP_010499129.1, XP_010460402.1, XP_010477951.1
OG0005022	As007G161710	XP_010499149.1, XP_010460422.1, XP_010477987.1
OG0005023	As007G161950	XP_010478024.1, XP_010499182.1, XP_010460464.1
OG0005024	As007G162060, As010G228460	XP_010415309.1, XP_010470640.1, XP_010511662.1
OG0005025	As007G163520	XP_010438970.1, XP_010433726.1, XP_010448520.1, XP_010438971.2
OG0005026	As007G164830	XP_010433644.1, XP_010438887.1, XP_010448437.1
OG0005027	As007G176570	XP_010451067.1, XP_010447276.1, XP_010437794.1, XP_010432603.1
OG0005028	As008G182510	XP_010474360.1, XP_010416509.1, XP_010428649.1
OG0005029	As008G183630	XP_010476404.1, XP_010495563.1, XP_010458836.1
OG0005030	As008G184850	XP_010429919.1, XP_010472886.1
OG0005031	As008G184860	XP_010476210.1, XP_010494116.1, XP_010458667.1
OG0005032	As008G185200	XP_010493764.1, XP_010476168.1, XP_010458635.1
OG0005033	As008G185880	XP_010476088.1, XP_010501430.1, XP_010458563.1
OG0005034	As008G187000	XP_010475934.1, XP_010458414.1, XP_010491496.1
OG0005035	As008G187350	XP_010475886.1, XP_010458362.1, XP_010490833.2
OG0005036	As008G187850	XP_010458346.1, XP_010475870.1, XP_010490695.1
OG0005037	As008G188970	XP_010489684.1, XP_010458174.1, XP_010475730.1
OG0005038	As008G190460	XP_010439873.1, XP_010517556.1, XP_010516665.1, XP_010509681.1, XP_010504988.1
OG0005039	As008G190580	XP_010488516.1, XP_010458047.1, XP_010475606.1
OG0005040	As008G190680	XP_010458084.1, XP_010488902.1, XP_010475645.1
OG0005041	As008G193840	XP_010485999.1, XP_019090825.1, XP_019095190.1
OG0005042	As008G193930, As008G193940	XP_010457751.1, XP_010485918.1, XP_010475351.1
OG0005043	As008G194160	XP_010485788.1, XP_010475325.1, XP_010457718.1
OG0005044	As008G195190	XP_010484767.1, XP_010457601.1, XP_010475192.1
OG0005045	As008G195270, As008G195280	XP_010484708.1, XP_010475184.1, XP_010457587.1
OG0005046	As008G197560	XP_010457293.1, XP_010481385.1, XP_010474885.1
OG0005047	As008G198960	XP_010480342.1, XP_010474733.1, XP_010457134.1
OG0005048	As008G199030	XP_010474772.1, XP_010457095.1, XP_010479985.1
OG0005049	As008G199040	XP_010462518.1, XP_010474777.1, XP_010479963.1
OG0005050	As009G200820	XP_010420166.1, XP_010492336.1, XP_010453639.1
OG0005051	As009G201840	XP_010471479.1, XP_010471282.1, XP_010416009.1, XP_010428143.1
OG0005052	As009G201920	XP_010453753.1
OG0005053	As009G202060	XP_010492497.1, XP_010453774.1, XP_010420299.1
OG0005054	As009G202510	XP_010453819.1, XP_010492567.1, XP_010420353.1
OG0005055	As009G203120	XP_010453906.1, XP_010420428.1, XP_010492665.1
OG0005056	As009G203200	XP_010492675.1, XP_010453914.1, XP_010420441.1
OG0005057	As009G203710	XP_010453978.1, XP_010420505.1
OG0005058	As009G204170	XP_019097274.1, XP_010420573.1, XP_010454055.1
OG0005059	As009G204310	XP_019097155.1, XP_010454086.1, XP_010420608.1
OG0005060	As009G204730	XP_010420666.1, XP_010454143.1, XP_010492932.1
OG0005061	As009G205060	XP_010492973.1, XP_010420716.1, XP_010454186.1
OG0005062	As009G205390	XP_010493903.1, XP_010454993.1, XP_010421506.1
OG0005063	As009G206840	XP_019092149.1, XP_010422378.1, XP_010468015.2, XP_010485903.1, XP_010424389.1, XP_010494041.1, XP_010456756.1
OG0005064	As009G206910	XP_010455160.1, XP_010421659.1, XP_010494063.1
OG0005065	As009G207370	XP_010442419.1, XP_010482227.1, XP_010440671.1
OG0005066	As009G207390	XP_010482187.1, XP_010440006.1, XP_010442353.1, XP_010512518.1
OG0005067	As009G208350	XP_010439760.1, XP_010442335.1, XP_019095537.1
OG0005068	As009G209370	XP_010442237.1, XP_010493628.1, XP_010482066.1
OG0005069	As009G210130	XP_010482068.1, XP_010493636.1, XP_010442239.1
OG0005070	As009G211070	XP_010504230.1, XP_010427103.1, XP_010515951.1
OG0005071	As009G212280	XP_010452560.1, XP_010423350.1, XP_010491193.1
OG0005072	As009G214020	XP_010452410.1, XP_010423502.1, XP_010491036.1
OG0005073	As009G216020	XP_010426466.1, XP_010503606.1, XP_010515302.1
OG0005074	As009G216210, As009G216220	XP_010454752.1
OG0005075	As009G217570	XP_010456781.1, XP_010443892.1, XP_010483740.1
OG0005076	As009G217600	XP_010443902.1, XP_010456827.1, XP_010483747.1
OG0005077	As009G217940	XP_010443950.1, XP_010483797.1, XP_010457201.1, XP_010468046.1
OG0005078	As009G218030	XP_010457323.1, XP_010483809.1, XP_010443962.1
OG0005079	As009G218730	XP_010444053.1, XP_010458449.1, XP_010483910.1
OG0005080	As009G219690	XP_010483467.1, XP_010454072.1, XP_010443612.1
OG0005081	As009G219900	XP_010443584.1, XP_010453747.1, XP_019095909.1
OG0005082	As009G220060	XP_010453526.1, XP_010483410.1, XP_010443559.1
OG0005083	As009G220070	XP_010453547.1, XP_010483412.1
OG0005084	As010G221270	XP_010426550.1, XP_010515372.1, XP_010503676.1
OG0005085	As010G221790	XP_010515297.1, XP_010426451.1, XP_010503600.1
OG0005086	As010G221820	XP_010515291.1, XP_010503586.1, XP_010426447.1
OG0005087	As010G222060	XP_010503576.1, XP_019084896.1, XP_010515268.2
OG0005088	As010G222240	XP_010515236.1, XP_010503547.1, XP_010426403.1
OG0005089	As010G223760	XP_010515041.1, XP_010503333.1, XP_010426174.1
OG0005090	As010G227320	XP_010420875.1, XP_010493140.1, XP_010454339.1
OG0005091	As010G227690	XP_010415362.1, XP_010470701.1, XP_010511733.1
OG0005092	As010G230480	XP_010511845.1, XP_010470798.1, XP_010415468.1
OG0005093	As010G230830	XP_010415475.1, XP_010470806.1, XP_010511854.1
OG0005094	As010G231100	XP_010415480.1, XP_010511860.1, XP_010470810.1
OG0005095	As010G231510	XP_010513814.1, XP_010496935.1, XP_010506872.1, XP_010502065.1, XP_019085915.1
OG0005097	As010G232030	XP_019101038.1, XP_019082840.1, XP_019093578.1
OG0005098	As010G232760	XP_010415624.1, XP_010470967.1, XP_010513689.1
OG0005099	As010G234810	XP_010428050.1, XP_010415918.1, XP_010471216.1
OG0005100	As010G235320	XP_010428926.1, XP_010416780.1, XP_010472013.1
OG0005101	As010G235560, As010G235550	XP_010471991.1, XP_010416752.1, XP_010428874.1
OG0005102	As010G235970	XP_010493638.1, XP_010442244.1, XP_010482070.1
OG0005103	As010G236600	XP_010416611.1, XP_019093961.1, XP_010428752.1
OG0005104	As010G237160	XP_010416547.1, XP_010471783.1, XP_010428688.1, XP_010513032.1
OG0005105	As010G237330	XP_010428669.1, XP_010416529.1, XP_010474361.2
OG0005106	As010G238190	XP_010416418.1, XP_010471646.1, XP_010428558.1
OG0005107	As010G242810	XP_010472797.1, XP_010417603.1, XP_010429825.1
OG0005108	As010G243740	XP_010417706.1, XP_010429955.1, XP_010472926.1
OG0005109	As010G243850	XP_010417720.1, XP_010472945.1, XP_010429976.1
OG0005110	As011G248220	XP_019096729.1
OG0005111	As011G245140	XP_010487077.1, XP_010500263.1, XP_010465152.1
OG0005112	As011G245560	XP_019092195.1, XP_019101491.1
OG0005113	As011G245600	XP_010500960.1, XP_019096979.1, XP_010465212.1
OG0005114	As011G245840	XP_010465259.1, XP_010501378.1, XP_010487163.1
OG0005115	As011G246010	XP_019098599.1
OG0005116	As011G246550, As012G269560	XP_010501914.1, XP_010487252.1, XP_010465340.1
OG0005117	As011G247300	XP_010502610.1, XP_010465470.1, XP_010487339.1
OG0005118	As011G247570	XP_010487364.1, XP_010502892.1, XP_010465502.1
OG0005119	As011G247670	XP_010487376.1, XP_010465519.1, XP_010503052.1
OG0005120	As011G247850	XP_010465544.1, XP_010503320.1, XP_010487398.1
OG0005121	As011G248190	XP_010465600.1, XP_010487444.1, XP_010503660.1
OG0005122	As011G248500	XP_010465655.1, XP_010487489.1, XP_010504158.1
OG0005123	As011G248720	XP_010487512.1, XP_010504392.1, XP_010465673.1
OG0005124	As011G250650	XP_019096273.1, XP_019096718.1, XP_019092501.1
OG0005125	As011G251080	XP_019096285.1, XP_019082392.1, XP_010466025.1
OG0005126	As011G252180	XP_010487972.1, XP_010508451.1, XP_010466182.1
OG0005127	As011G252870	XP_010488043.1, XP_010509110.1, XP_010466257.1
OG0005128	As011G252920	XP_010466266.1
OG0005129	As011G252980	XP_010466273.1, XP_010488058.1
OG0005130	As011G253260	XP_010509687.1, XP_010488096.1, XP_010466332.1
OG0005131	As011G253360	XP_010488114.1, XP_010509953.1, XP_010466355.1
OG0005133	As011G253680	XP_010466363.1, XP_010488133.1, XP_010510044.1
OG0005134	As011G253700	XP_010488124.1, XP_010466356.1, XP_010509961.1, XP_010509973.1
OG0005135	As011G254010	XP_010435042.1, XP_010449958.1
OG0005136	As011G254750	XP_010511753.1, XP_010488319.1, XP_010466576.1
OG0005137	As011G256120	XP_010488493.1, XP_010513159.1
OG0005138	As011G256170	XP_010466785.1, XP_010488499.1, XP_010513230.1
OG0005139	As011G262510	XP_010467274.1, XP_010488933.1, XP_010517902.1
OG0005140	As011G265140	XP_010468740.1, XP_010490444.1, XP_010489562.1, XP_010414446.1
OG0005142	As011G265810	XP_010489455.1, XP_010415011.1, XP_010467743.1
OG0005143	As011G265870	XP_019084728.1, XP_010489466.1, XP_010467867.1
OG0005144	As011G266960	XP_010489060.1, XP_010495927.1
OG0005145	As012G268090	XP_019094817.1, XP_019097613.1, XP_019091428.1
OG0005146	As012G268410	XP_010501164.1, XP_010462401.1, XP_010480084.1
OG0005148	As012G271810	XP_010479603.1, XP_010500705.1, XP_010479600.1, XP_019091305.1
OG0005150	As012G275500	XP_010426777.1, XP_010503905.1, XP_010515635.1
OG0005151	As012G275980	XP_010515711.1, XP_010426860.1
OG0005152	As012G276380	XP_010426913.1, XP_010504032.1
OG0005153	As012G278160	XP_010504199.1, XP_010427074.1, XP_010515922.1
OG0005154	As012G278270	XP_010504203.1, XP_010515928.1, XP_010427081.1
OG0005155	As012G278420	XP_010503891.1, XP_010515620.1, XP_010426764.1
OG0005156	As012G280450	XP_010504305.1, XP_010516021.1, XP_010427199.1
OG0005157	As012G280490	XP_010427201.1, XP_010504307.1, XP_010516023.1
OG0005158	As012G280950	XP_010516036.1, XP_010427220.1, XP_010504320.1
OG0005159	As012G282630	XP_010504495.1, XP_010427420.1, XP_010516210.1
OG0005160	As012G282710	XP_010427441.1, XP_010504519.1, XP_010516228.1
OG0005161	As012G282890	XP_010504547.1, XP_010516246.1, XP_010427459.1
OG0005162	As012G284100	XP_010516380.1, XP_010427644.1, XP_010504693.1
OG0005163	As012G285650	XP_010501098.1, XP_010480017.1, XP_010462336.1, XP_010469296.1, XP_010413669.1
OG0005164	As012G285670	XP_010469291.1, XP_010512238.1, XP_010413663.1
OG0005165	As012G287130	XP_010512447.1, XP_010413455.1, XP_010469035.1
OG0005166	As012G287510	XP_010506611.1, XP_010508062.1
OG0005167	As012G287550	XP_010512510.1, XP_010413381.1, XP_010469097.1
OG0005168	As012G287590	XP_010454107.1, XP_010469104.1, XP_010413376.1, XP_010512514.1, XP_010420627.1, XP_010492869.1
OG0005192	As001G000030	XP_010433257.1, XP_010438499.1, XP_010448023.1
OG0005193	As001G000450	XP_010433205.1, XP_010447966.1, XP_010438434.1
OG0005194	As001G000820	XP_010438369.1, XP_010433154.1, XP_010447907.1
OG0005195	As001G000860	XP_010433148.1, XP_010438362.1, XP_010447902.1
OG0005196	As001G001460	XP_010438279.1
OG0005197	As011G265330, As001G001510	XP_010467653.1, XP_010489545.1, XP_010467657.1, XP_019084615.1, XP_010467659.1
OG0005198	As001G001540	XP_010433072.1, XP_010447815.1, XP_010438273.1
OG0005199	As001G001750	XP_010433052.1, XP_010438249.1
OG0005200	As001G001880	XP_019082643.1
OG0005201	As001G002200	XP_010447754.1, XP_010433015.1, XP_010438204.1
OG0005202	As001G002220	XP_010438202.1, XP_010447750.1, XP_010433013.1
OG0005203	As001G002680, As001G002700, As001G002690	XP_019100165.1, XP_010430958.1, XP_010412526.1
OG0005204	As001G002730, As001G002720	XP_010438147.1, XP_010447687.1, XP_010432959.1
OG0005205	As001G003030	XP_010438111.1, XP_019086650.1, XP_010447647.1
OG0005206	As001G003180	XP_010432919.1, XP_010438101.1, XP_010447637.1
OG0005207	As001G003510	XP_010438056.1, XP_010447590.1, XP_010432880.1
OG0005209	As001G004470	XP_010447319.1, XP_010437831.1, XP_010432638.1
OG0005210	As001G006380	XP_010437858.1, XP_010432669.1, XP_010447346.1
OG0005211	As001G013560	XP_010447126.1, XP_010437660.1, NP_001289918.1
OG0005212	As001G013840	XP_010447086.1, XP_010437621.1, XP_010432419.1
OG0005213	As001G013850	XP_010447092.1, XP_010432420.1
OG0005214	As001G014850	XP_010437529.1, XP_010432343.1, XP_010446985.1
OG0005215	As001G016310	XP_010499725.1, XP_010461001.1, XP_010478598.1
OG0005216	As001G019480, As001G016550	XP_010461027.1, XP_010499753.1, XP_010478626.1
OG0005217	As001G017460	XP_010449700.1, XP_010434754.1, XP_010440089.1
OG0005218	As001G019600	XP_010470285.1, XP_010414766.1, XP_010511088.1
OG0005219	As001G021490	XP_010473314.1, XP_019085723.1, XP_019083623.1
OG0005220	As001G021830	XP_010473381.1, XP_010430184.1, XP_010418136.1
OG0005221	As001G022830	XP_010518548.1, XP_019085920.1
OG0005222	As001G023020	XP_010502182.1, XP_010424965.1, XP_010513920.1
OG0005223	As001G023090	XP_010513938.1, XP_010502187.1
OG0005225	As001G023510	XP_010502258.1, XP_010425023.1, XP_010514016.1
OG0005226	As001G024000	XP_010514098.1, XP_010502346.1, XP_010425120.1
OG0005227	As001G024070	XP_010502356.1, XP_010514115.1, XP_010425133.1
OG0005228	As001G024300	XP_019085286.1, XP_010502390.1, XP_010514138.1
OG0005229	As001G024310	XP_010425167.1, XP_010502389.1, XP_010514136.1
OG0005230	As001G025120	XP_010514251.1, XP_010425283.1, XP_010502516.1
OG0005231	As008G184490, As001G025700	XP_010476260.1, XP_010494669.1
OG0005232	As001G025830	XP_010514369.1, XP_010502648.1, XP_010425430.1
OG0005233	As002G050110, As001G026680	XP_010482034.1, XP_010438979.1, XP_010442206.1
OG0005234	As001G026780	XP_010425570.1, XP_010502795.1, XP_010502797.1, XP_010425571.1, XP_010425572.1, XP_010514500.1, XP_010502798.1
OG0005235	As001G027570	XP_010425696.1, XP_010502912.1, XP_010514620.1
OG0005236	As001G028240	XP_019083210.1, XP_019101045.1
OG0005237	As001G031580	XP_010473541.1, XP_010418322.1, XP_010430394.1, XP_010458704.1, XP_010476247.1
OG0005238	As001G031860	XP_010418280.1, XP_010430357.1, XP_010473504.1
OG0005239	As002G032740	XP_010448328.1, XP_010438801.1, XP_019086876.1
OG0005240	As002G033370	XP_010517531.1, XP_010508790.1, XP_010505847.1
OG0005241	As002G035650	XP_010483821.1, XP_010486643.1, XP_010464713.1
OG0005242	As002G037520	XP_010464902.1, XP_010497969.1, XP_010486836.1
OG0005243	As002G038200	XP_010452604.1
OG0005244	As002G040220	XP_010441037.1, XP_010442442.1, XP_010482264.1, XP_010441063.1, XP_010482265.1, XP_010442443.1
OG0005245	As002G044780	XP_010482709.1, XP_010445649.1, XP_010442879.1
OG0005246	As002G044790	XP_010442878.1, XP_010445643.1, XP_010482708.1
OG0005248	As002G047450	XP_010443209.1, XP_010483030.1, XP_010450036.1
OG0005249	As002G047550	XP_010469196.1, XP_010512355.1, XP_010425534.1, XP_010413567.1, XP_010514466.1
OG0005250	As002G047570	XP_010483049.1, XP_010443220.1, XP_010450154.1
OG0005251	As002G049350	XP_010443469.1, XP_010483299.1, XP_010452674.1
OG0005252	As002G049940	XP_010453258.1, XP_010443529.1, XP_010483373.1
OG0005253	As002G050050	XP_010455223.1, XP_010438722.1, XP_010421727.1, XP_010500233.1, XP_010479108.1, XP_010461509.1
OG0005254	As002G050270	XP_010492092.1, XP_010419919.1, XP_010453414.1
OG0005255	As002G050710	XP_010419855.1, XP_010492033.1
OG0005256	As002G050800	XP_010419840.1, XP_010453330.1, XP_010492015.1
OG0005257	As002G051180	XP_010491961.1, XP_010419790.1, XP_010453270.1
OG0005258	As002G051280	XP_010453260.1, XP_010491951.1, XP_010419781.1
OG0005259	As002G051440	XP_010453237.1, XP_010419762.1, XP_010491931.1
OG0005260	As002G052400	XP_019097952.1
OG0005261	As002G052420	XP_010422808.1, XP_010453113.1, XP_010491760.1
OG0005262	As002G053420	XP_010422922.1, XP_010491637.1, XP_010453003.1
OG0005263	As002G054560	XP_010491463.1, XP_010423107.1
OG0005264	As002G054620	XP_010423118.1, XP_010491454.1, XP_019090407.1
OG0005265	As002G054940	XP_019097207.1, XP_010452754.1
OG0005266	As002G055500	XP_010491329.1, XP_010452680.1, XP_010423236.1
OG0005267	As003G056420	XP_010439911.1, XP_019089491.1, XP_019086747.1, XP_019097245.1, XP_010481446.1
OG0005268	As003G056520	XP_010439896.1, XP_010434568.1, XP_010449497.1
OG0005270	As003G060400	XP_010439340.1, XP_010434056.1, XP_010448903.1
OG0005271	As003G062220	XP_019088896.1, XP_010433812.1, XP_010439083.1
OG0005272	As003G063090, As003G063080	XP_010478810.1, XP_010461213.1, XP_010499934.1
OG0005273	As003G064100	XP_010500064.1
OG0005274	As003G064590, As004G080920	XP_010479043.1, XP_010500135.1, XP_019091112.1
OG0005275	As003G067440	XP_010488301.1, XP_010511601.1, XP_010466559.1, XP_010466557.1
OG0005276	As003G067920	XP_010499268.1, XP_010499270.1, XP_010460534.1, XP_010478126.1
OG0005277	As003G068670	XP_010499318.1, XP_010478183.1, XP_010460593.1
OG0005278	As003G068760	XP_010478194.1, XP_010499335.1, XP_010460605.1
OG0005279	As003G069010	XP_010499360.1, XP_010460624.1, XP_010478205.1
OG0005280	As004G081400, As003G069020	XP_010460625.1, XP_010499361.1, XP_010478206.1
OG0005281	As003G070060	XP_010478320.1, XP_010460730.1, XP_010499463.1
OG0005282	As003G070120	XP_010460737.1, XP_010478329.1, XP_010499475.1
OG0005283	As003G070550, As003G070630, As003G070540	XP_010460780.1
OG0005284	As003G070820	XP_010460821.1, XP_010499555.1, XP_010478411.1
OG0005285	As003G073530	XP_019087996.1, XP_019089734.1, XP_019086382.1
OG0005286	As003G073790, As007G179760	XP_010472307.1, XP_010429253.1
OG0005287	As003G073950	XP_010446640.1, XP_010444919.2, XP_010432042.1, XP_019086969.1
OG0005288	As007G180210, As003G074510	XP_010472240.1, XP_010417010.1, XP_010429171.1
OG0005289	As003G074790	XP_019087241.1, XP_019089640.1, XP_010431971.1
OG0005290	As003G075710	XP_010446436.1, XP_010437016.1, XP_010431869.1
OG0005291	As004G076710	XP_010512674.1, XP_010468920.1, XP_010413241.1
OG0005292	As004G078110	XP_010482681.1, XP_010445441.1, XP_010442853.1
OG0005293	As004G078660	XP_010509685.1, XP_010504982.1, XP_010516662.1
OG0005294	As004G079840	XP_010505019.1, XP_010516689.1, XP_010509641.1
OG0005295	As012G278310, As010G237850	XP_010471679.1, XP_010428590.1, XP_010416454.1
OG0005296	As004G083990	XP_019084059.1, XP_019090729.1, XP_019090004.1
OG0005297	As004G084530	XP_010448720.1, XP_010439186.1, XP_019086019.1
OG0005298	As004G085110	XP_010455673.1, XP_010422202.1, XP_010433591.1, XP_019100841.1, XP_019085405.1
OG0005299	As004G086400, As005G113080	XP_010422433.1, XP_010455871.1, XP_010431301.1, XP_010431307.1, XP_010431349.1
OG0005300	As004G086500	XP_010481752.1, XP_010441899.1, XP_010494442.1
OG0005301	As004G088600	XP_010494774.1, XP_010481500.1, XP_010441629.1
OG0005302	As004G089670	XP_010481378.1, XP_010494917.1
OG0005303	As004G092590	XP_010435112.1, XP_010435111.1, XP_010450027.1, XP_010440452.1
OG0005304	As004G093480	XP_010466929.1, XP_010513902.1, XP_010488617.1
OG0005305	As004G094220	XP_010450205.1, XP_010440579.1, XP_010435262.1
OG0005306	As004G094400	XP_010435254.1, XP_010450199.1, XP_010440571.1
OG0005307	As004G095160	XP_010497578.1, XP_010450103.1, XP_010435184.1, XP_010440527.1
OG0005308	As004G097330	XP_010518093.1, XP_010508237.1, XP_010506420.1
OG0005309	As004G098310	XP_010477833.1, XP_010499011.1, XP_010460283.2
OG0005310	As005G101900	XP_010506460.1, XP_010518135.1, XP_010508199.1
OG0005311	As005G101940	XP_010518132.1, XP_010506457.1, XP_010508202.1
OG0005312	As005G102030	XP_010508211.1, XP_010506447.1, XP_010518123.2
OG0005313	As005G102990	XP_010508322.1, XP_010506335.1, XP_010518015.1
OG0005314	As005G103830	XP_010450653.1, XP_010441201.1, XP_010435981.1
OG0005316	As005G104140	XP_010506175.1, XP_010508457.1, XP_010517871.1
OG0005317	As005G104740	XP_010517796.1, XP_010506094.1, XP_010508549.1
OG0005318	As005G105010	XP_010517701.1, XP_010508644.1, XP_010505992.1
OG0005319	As005G105050	XP_010517703.1, XP_010508637.1, XP_010505997.1
OG0005320	As005G105080	XP_010508625.1, XP_010517712.1, XP_010506006.1
OG0005321	As005G105830	XP_010517659.1, XP_010505952.1, XP_010508693.1
OG0005322	As005G106390	XP_019084409.1, XP_010490532.1, XP_010451959.1
OG0005323	As005G107120	XP_010452036.1, XP_010490618.1, XP_010424820.1
OG0005324	As005G107610	XP_019084525.1, XP_019097636.1, XP_019090247.1
OG0005325	As005G107770	XP_010423831.1, XP_010490738.1, XP_010452122.1
OG0005326	As005G108100	XP_019084553.1, XP_019090252.1, XP_019097653.1
OG0005327	As005G108310	XP_010490819.1, XP_010456377.2, XP_010423717.1
OG0005329	As005G109100	XP_019101072.1, XP_010412995.1, XP_019100728.1, XP_019094560.1, XP_019091139.1
OG0005330	As005G109560	XP_010493874.1, XP_010421489.1, XP_010454964.1
OG0005331	As005G110880	XP_010454328.1, XP_010420863.1
OG0005332	As005G111210	XP_010493136.1
OG0005333	As005G111980	XP_010495333.1, XP_010420905.1, XP_010493167.1, XP_010454369.1
OG0005334	As005G112100	XP_010420912.1, XP_010493175.1, XP_010454373.1
OG0005335	As005G112280	XP_010420927.1, XP_010493193.1, XP_010454389.1
OG0005336	As005G112520	XP_010439073.1, XP_010448597.1, XP_010433803.1
OG0005337	As005G112640	XP_010454436.1, XP_010424211.1, XP_010493233.1
OG0005338	As005G113040, As010G226430	XP_010454461.1, XP_010493256.1, XP_010420988.1
OG0005339	As005G113270	XP_010454494.1, XP_010493306.1, XP_010421017.1
OG0005340	As005G113290	XP_010493080.1, XP_010454280.1, XP_010420809.1
OG0005341	As010G226240, As005G113340	XP_010421024.1, XP_010454499.1, XP_010493317.1
OG0005342	As005G113890	XP_010483735.1, XP_010456760.1, XP_010443886.1
OG0005343	As005G114460	XP_010485257.1, XP_010456134.1, XP_010443812.1
OG0005344	As005G114910	XP_019088825.1, XP_010483617.1
OG0005345	As005G115620	XP_010483577.1, XP_010455026.1
OG0005346	As005G116070	XP_010444195.1, XP_010459914.1, XP_010484042.1, XP_010503461.1
OG0005347	As005G116700	XP_010485174.1, XP_010460928.1, XP_010444290.1, XP_010484128.1
OG0005348	As005G116970	XP_019088322.1, XP_019095897.1, XP_019085985.1, XP_010486300.1, XP_010444225.1, XP_010482548.1, XP_019087844.1, XP_010460230.1, XP_010440449.1
OG0005349	As005G116990	XP_010461308.1, XP_010444325.1, XP_010484171.1
OG0005350	As005G117270	XP_010444358.1, XP_010484202.1, XP_019094107.1, XP_019098596.1
OG0005351	As005G117780	XP_010462789.1, XP_010484270.1, XP_010444422.1
OG0005352	As005G117820	XP_010484276.1, XP_010444429.1, XP_010462706.1
OG0005353	As005G118500	XP_010463118.1, XP_010484368.1, XP_010444529.1
OG0005354	As005G118650	XP_010444508.1, XP_010484340.1, XP_010462068.1
OG0005355	As005G119000	XP_010444619.1, XP_010463826.1, XP_010484450.1, XP_010484452.1
OG0005356	As005G119020	XP_010463854.1, XP_010444621.1, XP_010484477.1
OG0005357	As005G119650	XP_010464626.1, XP_019088062.1
OG0005358	As005G120230	XP_010444782.1, XP_010484628.1, XP_010465316.1, XP_010417317.1, XP_010429543.1, XP_010472549.1
OG0005359	As006G135260, As005G120420	XP_010444804.1, XP_010484653.1, XP_010465598.1
OG0005360	As008G199610	XP_010435812.1, XP_010421843.1, XP_010455334.1
OG0005361	As006G121060	XP_010456327.1, XP_010419529.1, XP_010426522.1
OG0005362	As006G121210	XP_010456247.1, XP_010419632.1, XP_010427438.1
OG0005363	As006G122260	XP_019084419.1, XP_019090179.1, XP_010428144.1
OG0005364	As008G198420, As006G122320	XP_010457174.1, XP_010480668.1, XP_010474696.1
OG0005365	As006G122550	XP_010428596.1, XP_010422700.1, XP_010456136.1
OG0005366	As006G123900	XP_010455974.1, XP_010422496.1, XP_010430730.1
OG0005368	As006G125730	XP_010414022.1, XP_019093820.1, XP_010510075.1
OG0005369	As006G125790	XP_010413958.1, XP_010509978.1
OG0005370	As006G127060	XP_010414101.1, XP_010510174.1, XP_010469688.1
OG0005371	As006G127310	XP_019101391.1, XP_019094151.1, XP_010414136.1
OG0005372	As006G127400	XP_010469741.1, XP_010510219.1, XP_010414153.1, XP_010414152.1
OG0005373	As006G130030	XP_010414583.1, XP_010470133.1, XP_010510679.1
OG0005374	As006G130880	XP_010473131.1, XP_010417892.1, XP_010510776.1
OG0005375	As006G131170	XP_010513335.1, XP_010417820.1, XP_010473058.1
OG0005376	As006G132090	XP_010447327.1, XP_010437841.1, XP_010432645.1
OG0005377	As006G133310	XP_010473568.1, XP_010418339.1, XP_010430419.1
OG0005378	As006G136010	XP_010485631.1, XP_010463737.1, XP_010504664.1
OG0005379	As006G136190	XP_010485654.1, XP_010507107.1, XP_010463765.1
OG0005380	As006G137130, As009G203990	XP_010420549.1, XP_010454031.1, XP_010492803.1
OG0005381	As006G138810	XP_010485998.1, XP_010464074.1, XP_010428004.1
OG0005382	As006G139330	XP_010486067.1, XP_010464145.1, XP_019092154.1, XP_010433368.1
OG0005383	As006G139670	XP_010453465.1, XP_010492145.1, XP_010419968.1
OG0005384	As006G140170	XP_010441518.1, XP_010464226.1, XP_010486163.1
OG0005385	As006G140490	XP_010464276.1, XP_010486216.1, XP_010445530.1
OG0005386	As006G141090	XP_010486284.1, XP_010464356.1
OG0005387	As006G141390	XP_010486334.1, XP_019100549.1, XP_010464401.1
OG0005388	As006G142900	XP_010508917.1, XP_010517404.1, XP_010505713.1
OG0005389	As012G282400, As006G142930	XP_010517397.1, XP_010505707.1, XP_010508924.1
OG0005390	As006G143390	XP_010517317.1, XP_010508995.1
OG0005391	As006G143790	XP_010505599.1, XP_010509029.1, XP_010517273.1
OG0005392	As006G144000	XP_010509073.1, XP_010505571.1, XP_010517243.1
OG0005393	As006G144220	XP_010427169.1, XP_010504273.2, XP_010515998.1
OG0005394	As006G144290	XP_010505537.1, XP_019101253.1, XP_010517202.1
OG0005395	As006G144490	XP_010509532.1, XP_010505121.1
OG0005396	As006G145630	XP_010509402.1, XP_010516942.1, XP_010505259.1
OG0005397	As006G146190	XP_010505331.1, XP_010509332.1, XP_010517015.1
OG0005398	As006G146370	XP_010505349.1, XP_010509317.1, XP_010517028.1
OG0005400	As006G147530, As012G278560	XP_010505424.1, XP_010509224.1, XP_010517097.1
OG0005401	As007G163120, As006G147870	XP_010464373.1, XP_010452871.1
OG0005402	As006G148690	XP_010509188.1, XP_010517123.1, XP_010505454.1
OG0005403	As007G152380	XP_019095216.1, XP_010497500.1, XP_010459126.1
OG0005404	As007G153370	XP_010476828.1, XP_010498032.1, XP_010459250.1, XP_010430643.1
OG0005405	As007G155080	XP_010498268.1, XP_010477051.1, XP_010459495.1
OG0005406	As007G155200	XP_010477076.1, XP_010498286.1, XP_010459520.1
OG0005407	As007G155290	XP_010498293.1, XP_010459533.1, XP_010477088.1
OG0005408	As007G155310	XP_010459536.1, XP_010477090.1, XP_010498295.1
OG0005409	As007G155490	XP_010459567.1, XP_010498320.1, XP_010477113.1
OG0005410	As007G155980, As010G238120	XP_010459648.2, XP_010477196.1, XP_010498396.1
OG0005411	As007G156250	XP_010498437.1, XP_010477233.1, XP_010459688.1
OG0005412	As007G156740	XP_010477309.1, XP_010498499.1, XP_010459754.1
OG0005413	As007G157620	XP_019099132.1, XP_010497477.2, XP_010496321.1, XP_010459877.1
OG0005414	As010G235650, As007G158030	XP_010471975.1, XP_010416734.1, XP_010428863.1
OG0005415	As007G158210	XP_010498685.1, XP_010477482.1, XP_010459962.1
OG0005417	As010G234630, As007G158760	XP_010415895.1, XP_010471193.1, XP_010428031.1
OG0005418	As007G158920	XP_010415864.1, XP_010471165.1, XP_010427987.1
OG0005419	As007G160140	XP_019099192.1, XP_010460214.1, XP_010477766.1
OG0005420	As007G160270	XP_010460237.1, XP_019099193.1, XP_010477780.1
OG0005421	As007G160420	XP_010498988.1, XP_010477804.1, XP_010460256.1
OG0005422	As007G160840	XP_010460316.1, XP_010477862.1, XP_010499046.1
OG0005423	As007G161750	XP_010511752.1, XP_010470718.1, XP_010415379.1, XP_010460428.1, XP_010499159.1, XP_010477998.1
OG0005424	As007G161800	XP_010499166.1, XP_010478003.1, XP_010460445.1
OG0005425	As007G161820	XP_010478004.1, XP_010460446.1
OG0005426	As007G164240	XP_010433695.1, XP_010438928.1, XP_010448483.1
OG0005427	As007G165270	XP_010448413.1, XP_010433621.1, XP_010438868.1
OG0005429	As007G178550	XP_010429364.1, XP_010472408.1, XP_010417152.1
OG0005430	As007G180420	XP_010429140.1
OG0005432	As008G185190	XP_010458639.1, XP_010493787.1, XP_010458637.1, XP_010458636.1, XP_010476174.1
OG0005433	As008G185260	XP_010476160.1, XP_010493674.1, XP_010458629.1, XP_010512427.1
OG0005434	As008G186720	XP_010475960.1, XP_010492002.1, XP_010458448.1
OG0005435	As008G186740	XP_010475962.1, XP_010458443.1, XP_010491944.1
OG0005436	As008G187770	XP_010458328.1, XP_010490604.1, XP_010475865.1
OG0005437	As008G187800	XP_010490644.1, XP_010458335.1, XP_010475866.1, XP_010458339.1
OG0005438	As008G188070	XP_010475813.1, XP_010490259.1, XP_010458267.1, XP_010458266.1, XP_010490254.1, XP_010475812.1
OG0005439	As008G188380	XP_010475772.1, XP_010489953.1, XP_010458220.1
OG0005440	As008G188430	XP_010475762.1, XP_010458215.1, XP_010489920.1
OG0005441	As008G189400	XP_010458146.1, XP_010489423.1, XP_010475699.1
OG0005443	As008G191180	XP_019091616.1, XP_010501367.1, XP_010475594.1, XP_010480385.1
OG0005444	As008G193410	XP_010475413.1, XP_019098866.1, XP_010457818.1
OG0005446	As008G194650	XP_019091878.1, XP_010485141.1, XP_010475271.1
OG0005447	As008G198530	XP_010474711.1, XP_010457154.1, XP_010480542.1
OG0005448	As009G199760	XP_010420002.1, XP_010453495.1, XP_010492174.1
OG0005449	As009G199880	XP_010453582.1, XP_010492266.1, XP_010420100.1, XP_019083812.1
OG0005450	As009G200330	XP_010492199.1, XP_010420029.1, XP_010453518.1
OG0005451	As009G200560	XP_010453610.1
OG0005452	As009G202220	XP_019090664.1, XP_010420315.1
OG0005453	As009G202520	XP_010492568.1, XP_010420352.1, XP_019090691.1
OG0005454	As009G203370	XP_010492685.1, XP_010420449.1, XP_010453924.1
OG0005455	As009G203540	XP_010492719.1, XP_010453959.1, XP_010420488.1
OG0005456	As009G203720	XP_010453979.1, XP_010492743.1
OG0005457	As009G204260	XP_010454080.1, XP_010420594.1, XP_019097183.1
OG0005458	As009G205380	XP_010421505.1, XP_010454992.1, XP_010493902.1
OG0005459	As009G206170	XP_019090025.1, XP_019083975.1
OG0005460	As009G207070	XP_010421699.1, XP_010494101.1, XP_010455183.1
OG0005461	As009G208680	XP_010442330.1, XP_010482147.1, XP_010439683.1
OG0005462	As009G211500	XP_010452621.1, XP_010423296.1, XP_010491262.1
OG0005463	As009G212510	XP_010452538.1, XP_010491167.1, XP_010423375.1
OG0005464	As009G213280	XP_010491076.1, XP_010452446.1
OG0005465	As009G213960	XP_010491043.1, XP_010452416.1, XP_010423498.1
OG0005466	As009G214080	XP_010423521.1, XP_010491017.1, XP_010452391.1
OG0005467	As009G214330	XP_010490996.1, XP_010423540.1, XP_010452376.1
OG0005468	As009G214350	XP_010490995.1, XP_010452375.1, XP_010423543.1, XP_010423544.1
OG0005469	As009G214590	XP_010497845.1, XP_010452344.1, XP_010490959.1, XP_010423574.1
OG0005470	As009G215170	XP_019098412.1, XP_019090716.1, XP_010421428.1, XP_010493828.1, XP_010497284.1, XP_010421427.2, XP_010493827.2
OG0005471	As009G218530	XP_010458034.1, XP_010483894.1
OG0005472	As009G218540	XP_010444038.1, XP_010483895.1, XP_010458062.1
OG0005473	As009G218600	XP_010444070.1, XP_010483931.1, XP_010458286.1
OG0005474	As009G218900, As010G223550	XP_010444092.1, XP_010483956.1, XP_010458929.1
OG0005475	As009G220040	XP_010483414.1
OG0005476	As010G220650	XP_010515471.1, XP_010424888.1, XP_010503764.1
OG0005477	As010G223310	XP_010503397.1, XP_010515101.1, XP_010426250.1
OG0005478	As010G223900, As010G227850	XP_010426165.1, XP_010503327.1, XP_010515036.1
OG0005479	As010G224970	XP_010426004.1, XP_010514897.1, XP_010503185.1, XP_010507214.1
OG0005480	As010G227370	XP_010420824.1, XP_010493088.1, XP_010454289.1
OG0005481	As010G227770	XP_010470695.1, XP_010511728.1, XP_010415357.1
OG0005482	As010G230120	XP_010448390.1, XP_010464294.1, XP_019096875.1
OG0005483	As012G279230	XP_010437468.1
OG0005483	As010G230890	XP_010421914.1
OG0005484	As010G231250	XP_010415489.1, XP_010470815.1, XP_010511871.1
OG0005485	As010G232340	XP_010415567.1, XP_010511955.1, XP_010470908.1
OG0005486	As010G232680	XP_010415611.1, XP_010415609.1, XP_010470951.1, XP_010512002.1
OG0005487	As010G233660	XP_010471075.1, XP_010427863.1, XP_010415761.1
OG0005488	As010G234000	XP_010427921.1, XP_010415803.1, XP_010471112.1
OG0005489	As010G234410	XP_010471168.1, XP_019082794.1, XP_010427993.1
OG0005490	As010G235270	XP_010416790.1, XP_010428935.1, XP_010472024.1
OG0005491	As010G235360	XP_010472009.1, XP_010416777.1, XP_010416775.1, XP_010428923.1
OG0005492	As010G236640	XP_010471839.1, XP_010428749.1, XP_010416603.1
OG0005493	As010G236980	XP_010498533.1, XP_019090906.1, XP_010477346.1
OG0005494	As010G237580	XP_010428640.1, XP_010471741.1, XP_010416499.1
OG0005495	As010G237980	XP_010471668.1, XP_010428581.1, XP_010416445.1
OG0005496	As010G238020	XP_010416439.1, XP_010471662.1, XP_010428577.1
OG0005497	As010G238170	XP_010428562.1, XP_010471651.1, XP_019083385.1
OG0005498	As010G239260	XP_010416274.1, XP_010471510.1, XP_010428405.1
OG0005499	As010G239280	XP_010428404.1, XP_010416272.1, XP_010471509.1
OG0005500	As010G239620	XP_010471470.1, XP_010497818.1, XP_010416215.1, XP_010428339.1
OG0005501	As010G239980	XP_010490150.1, XP_010468512.1, XP_019090334.1, XP_010424315.1
OG0005502	As010G240960	XP_010471322.1, XP_010428186.1, XP_019083319.1
OG0005503	As010G241410	XP_010471262.1, XP_010431491.1, XP_010419165.1
OG0005504	As010G241690	XP_010472065.1, XP_010472064.1, XP_010472063.1, XP_010428972.1
OG0005505	As010G243330	XP_019093443.1, XP_010429891.1, XP_019083557.1
OG0005506	As010G243530	XP_010419387.1, XP_010472901.1, XP_010429932.1
OG0005507	As010G243800	XP_010417709.1, XP_010429971.1
OG0005508	As011G244660, As012G267750	XP_010487002.1, XP_010499460.1, XP_010465055.1
OG0005509	As011G245180	XP_010500313.1, XP_010487083.1, XP_010465160.1
OG0005510	As011G247140	XP_010487316.1, XP_010465437.1, XP_010502427.1
OG0005511	As011G247560	XP_010502919.1, XP_010487363.1, XP_010465506.1
OG0005512	As011G247600	XP_010487370.1, XP_010502973.1, XP_010465512.1, XP_010417668.1
OG0005513	As011G248560	XP_010487494.1, XP_010504205.1, XP_010465662.1
OG0005514	As011G248700	XP_010465672.1, XP_010487511.1, XP_010504374.1
OG0005515	As011G248780	XP_010504414.1, XP_010487514.1, XP_019092592.1, XP_019092593.1, XP_010465677.1, XP_019092135.1
OG0005516	As012G274680, As011G248860	XP_010434911.1, XP_010440238.1, XP_010449881.1
OG0005517	As011G249180	XP_010487572.1, XP_010465732.1, XP_010504913.1
OG0005518	As011G249590	XP_010505514.1, XP_010487638.1, XP_010465797.1
OG0005520	As011G250780	XP_010507082.1, XP_010487792.1, XP_010465980.1
OG0005521	As011G250870	XP_010507128.2, XP_010487798.1, XP_010465990.1
OG0005522	As011G250990	XP_010466019.1, XP_010507262.1, XP_010487814.1
OG0005523	As011G251240, As011G257370	XP_010468282.1, XP_010489934.1, XP_010419888.1
OG0005524	As011G251620	XP_010487900.1
OG0005525	As011G252560	XP_010466213.1, XP_010488001.1, XP_010508774.1
OG0005526	As011G252910	XP_019092859.1, XP_010488049.1, XP_010509162.1
OG0005527	As011G254490	XP_010488281.1, XP_010466535.1, XP_010511424.1, XP_010488278.1, XP_010466531.1
OG0005529	As011G262000, As011G262680	XP_010490926.1, XP_019084392.1
OG0005530	As011G262240	XP_010447209.1, XP_010437733.1, XP_010432528.1, XP_010467231.1
OG0005531	As011G263780	XP_010467429.1, XP_010489304.1
OG0005532	As011G263890	XP_010467456.1, XP_010515693.1, XP_010489321.1
OG0005533	As011G264950	XP_010489444.1, XP_010413202.1, XP_010467599.1
OG0005534	As011G265510	XP_010414002.1, XP_010467626.1, XP_019096671.1
OG0005535	As011G266540	XP_010489123.1, XP_010467918.1
OG0005536	As012G268750	XP_010501139.1, XP_010462371.1, XP_010480054.1
OG0005537	As012G269120	XP_010501082.1, XP_010443135.1, XP_010480005.1, XP_010462321.1
OG0005538	As012G269130	XP_010480008.1, XP_010482944.1, XP_010501083.1, XP_010446121.1, XP_010463474.1
OG0005539	As012G269280	XP_010462308.1, XP_010479986.1
OG0005540	As012G269570	XP_010501022.1, XP_010462263.1, XP_010479939.1
OG0005541	As012G269860	XP_010462204.1, XP_019094594.1, XP_010479878.1, XP_010500963.1
OG0005542	As012G272150	XP_010461899.1, XP_010479505.1
OG0005543	As012G272990	XP_010481047.1, XP_010500476.1, XP_010463313.1, XP_010463314.2
OG0005544	As012G273870	XP_010500355.1, XP_010479251.1
OG0005545	As012G273980	XP_010479228.1, XP_010500325.1, XP_010461617.1
OG0005546	As012G277470	XP_010504142.1, XP_010427030.1
OG0005547	As012G278040	XP_010515912.1, XP_010504188.1, XP_010427063.1
OG0005548	As012G279160	XP_010515597.1, XP_010503862.1, XP_010426743.1
OG0005549	As012G279470	XP_010515586.1, XP_010426732.1, XP_010503854.1
OG0005550	As012G283980	XP_019100389.1, XP_019102410.1, XP_019085349.1
OG0005551	As012G284120	XP_010427647.1, XP_010516388.1, XP_010516386.1, XP_010516385.1, XP_010504698.1
OG0005552	As012G284430	XP_010516443.1, XP_019100403.1, XP_010427700.1
OG0005553	As012G284600	XP_019102429.1, XP_010463513.1, XP_010447400.2, XP_010427727.1, XP_010495277.1, XP_010504776.1
OG0005554	As012G286950	XP_010413513.1, XP_010469142.1, XP_010512413.1
OG0005555	As012G288020	XP_010413312.1, XP_019101742.1, XP_010468989.1
OG0005556	As012G288420	XP_010468943.1, XP_010413269.1, XP_010512648.1
OG0005557	As012G288720	XP_010512686.1, XP_010413222.1, XP_019098410.1, XP_019093835.1
OG0005592	As001G000970	XP_010433131.1, XP_010438335.1
OG0005593	As001G002110	XP_010447763.1, XP_010433025.1, XP_010438214.1
OG0005594	As006G136630, As001G002230	XP_010475648.1, XP_010458086.1, XP_010488927.1, XP_010480391.1
OG0005595	As001G002670	XP_010432962.1, XP_010438152.1, XP_010447692.1
OG0005596	As001G002890	XP_010432946.1, XP_010438133.1, XP_010447672.1
OG0005597	As001G002940	XP_010432944.1, XP_010447670.1
OG0005598	As001G003080	XP_010438104.1, XP_010432925.1, XP_010447640.1
OG0005599	As001G003160	XP_010445042.2
OG0005600	As001G003530	XP_010438052.1, XP_010432878.1, XP_019089694.1
OG0005601	As001G003860	XP_019086171.1, XP_019087309.1, XP_010447513.1, XP_019086634.1
OG0005602	As001G004790	XP_010432736.1, XP_010437925.1, XP_010447410.1, XP_019089020.1
OG0005603	As001G005240	XP_010447372.1, XP_010432701.1, XP_019088631.1
OG0005604	As006G131940, As001G005600	XP_019086614.1, XP_010447305.1, XP_010437823.1
OG0005605	As001G005830	XP_010447323.1, XP_010437836.1, XP_010444995.1, XP_010432642.1
OG0005606	As001G012120	XP_010447210.1, XP_010432529.1, XP_010437734.1
OG0005607	As001G013590	XP_010447138.1, XP_010432460.1, XP_010437667.1
OG0005608	As001G015710	XP_010454473.1, XP_010421001.1, XP_010493270.1
OG0005609	As004G079180, As001G016190	XP_010516741.1, XP_010505074.1, XP_010509590.1
OG0005610	As001G018030	XP_010451455.1, XP_010434817.1, XP_010449785.1, XP_010449784.1, XP_010440150.1, XP_019088958.1, XP_010434830.1, XP_010440161.1
OG0005611	As008G188180, As001G019310	XP_019094815.1, XP_010511347.1, XP_010415047.1
OG0005613	As001G021190	XP_010430076.1, XP_010418033.1, XP_010473271.1
OG0005614	As001G021890	XP_010473387.1, XP_010430192.1, XP_010418145.1
OG0005615	As001G022220	XP_010497545.1, XP_010513811.1, XP_019085916.1, XP_010502057.1
OG0005616	As001G023370	XP_010513987.1, XP_010513982.1, XP_010513984.1, XP_010424994.1, XP_010502232.1
OG0005617	As001G023570	XP_019101790.1, XP_010425033.1, XP_010502268.1
OG0005618	As001G024320	XP_010514140.1, XP_010425168.1, XP_010502392.1
OG0005619	As008G183820, As001G024480	XP_010495426.1, XP_010458812.1, XP_010476366.1
OG0005620	As001G024500	XP_010425192.1, XP_010514163.1, XP_010502421.1, XP_010425191.1, XP_019101802.1
OG0005621	As001G024560	XP_010425184.1, XP_010502407.1, XP_010514155.1
OG0005622	As001G025080	XP_010502505.1, XP_010425278.1, XP_010502481.1, XP_010514240.1, XP_019084795.1, XP_019100065.1, XP_019102181.1
OG0005623	As001G025110	XP_010514248.1, XP_010425280.1, XP_010502511.1
OG0005624	As001G025980	XP_010425448.1, XP_010514392.1, XP_010502669.1
OG0005625	As001G026930	XP_010502819.1, XP_010514525.1, XP_010425599.1
OG0005626	As004G078310, As001G027760	XP_010514641.1, XP_010502876.1, XP_010425728.1
OG0005627	As001G027810	XP_010425737.1, XP_010502963.1, XP_010514650.1
OG0005628	As001G028350	XP_010511628.1, XP_019093708.1, XP_010415269.1
OG0005629	As004G076910	XP_010496604.1, XP_010435484.1, XP_010440779.1
OG0005630	As004G098390	XP_010436149.1, XP_010441381.1, XP_010446938.1
OG0005631	As001G031070	XP_010430497.1, XP_010418424.1, XP_010473630.1
OG0005632	As001G031180, As009G201530	XP_010453717.1, XP_010420249.1, XP_010492422.1
OG0005633	As008G184530, As001G031460	XP_019085748.1, XP_019083675.1, XP_019093592.1
OG0005634	As001G031680	XP_010430376.1, XP_010473526.1, XP_010418304.1
OG0005635	As002G032560	XP_010433582.1, XP_010448356.1, XP_010438825.1
OG0005636	As012G283610	XP_010497906.1, XP_010516315.1, XP_010427569.1, XP_010504628.1
OG0005637	As002G033850	XP_010517501.1, XP_010505810.1, XP_010508833.1
OG0005638	As002G034410	XP_010486531.1, XP_010464607.1, XP_010474235.1
OG0005639	As002G034720, As005G108070	XP_010476472.1, XP_010486548.1, XP_010464632.1
OG0005640	As002G035100	XP_010464658.1, XP_010479518.1
OG0005641	As002G038610	XP_010498677.1, XP_010464965.1, XP_010489789.1
OG0005642	As002G043760	XP_010443953.1, XP_010442689.1, XP_010482526.1
OG0005644	As002G044970	XP_019086982.1, XP_010482687.2
OG0005645	As002G046580	XP_010482887.1, XP_010443058.1
OG0005647	As006G134300, As002G047690	XP_010450456.1, XP_010483063.1, XP_010443234.1
OG0005648	As002G047990	XP_010450849.1, XP_010443274.1, XP_010483097.1
OG0005649	As002G048200	XP_010483126.1, XP_010443304.1, XP_010451242.1
OG0005650	As002G048770	XP_010443379.1, XP_010451791.1, XP_010483204.1
OG0005651	As002G049090	XP_019095658.1, XP_019095949.1, XP_010443424.1, XP_010452040.1
OG0005652	As002G049520	XP_010443493.2, XP_010483334.1, XP_010452842.1
OG0005653	As002G049860	XP_010443518.1, XP_010453140.1, XP_010483382.1
OG0005654	As002G050000	XP_010482038.1, XP_010439013.1
OG0005655	As002G050360	XP_010453388.1, XP_010492077.1, XP_010419900.1
OG0005656	As002G050400	XP_010492071.1, XP_010453384.1, XP_010419897.1
OG0005657	As002G050640	XP_010492042.1, XP_019090193.1, XP_010419865.1
OG0005658	As002G051120	XP_010453275.1
OG0005659	As002G051500	XP_019083779.1, XP_010491925.1, XP_010453228.1, XP_019083778.1
OG0005660	As002G051530	XP_010419758.1, XP_019098060.1, XP_010453225.1
OG0005661	As002G051570	XP_010491913.1
OG0005662	As002G051910	XP_010491858.1, XP_010419691.1, XP_010453178.1
OG0005663	As002G053900	XP_010423008.1, XP_010452912.1, XP_010491555.1
OG0005664	As002G054020	XP_019084444.1, XP_010452902.1, XP_010491542.1
OG0005665	As002G054720	XP_010491439.1, XP_010452792.1, XP_010423129.1
OG0005666	As003G055610	XP_010449653.1, XP_010440041.1, XP_010434706.1
OG0005667	As003G055790	XP_010434667.1, XP_010440005.1, XP_010449618.1
OG0005668	As004G089530, As003G056060	XP_010494896.1, XP_010441522.1, XP_010481398.1
OG0005669	As003G057730	XP_010449364.1, XP_010439724.1, XP_010434428.1
OG0005670	As003G057810	XP_010439711.1, XP_010449351.1, XP_010434412.1
OG0005672	As003G058080, As004G087440	XP_010434359.1, XP_010439651.1, XP_010449293.1
OG0005673	As003G059120	XP_010434207.1, XP_019087177.1
OG0005674	As003G060330	XP_010434064.1, XP_010439350.1, XP_010448914.1
OG0005675	As003G060650	XP_019088829.1, XP_010448858.1, XP_010434699.1, XP_019087360.1
OG0005676	As003G060780	XP_010433989.1, XP_010448833.1, XP_010439281.1
OG0005678	As003G063370	XP_010461263.1, XP_010499979.1, XP_010478866.1
OG0005680	As003G068930	XP_019090782.1, XP_010499355.1
OG0005681	As003G069990	XP_010478300.1, XP_010460718.1, XP_010499454.1, XP_010478299.1, XP_010499453.1, XP_010460717.1
OG0005682	As003G070090	XP_019090873.1, XP_010499472.1, XP_019094261.1, XP_019094260.1, XP_010460734.1
OG0005683	As003G071570	XP_010499642.1, XP_010460905.1, XP_010478530.1
OG0005684	As003G072040	XP_010446884.1, XP_010432237.1, XP_010437431.1
OG0005685	As003G072410	XP_010437379.1, XP_010432200.1, XP_010446822.1
OG0005686	As003G072600	XP_010437350.1, XP_010432175.1, XP_010446794.1
OG0005687	As003G073130	XP_010446726.1, XP_010437290.1, XP_010432116.1
OG0005688	As003G073860, As007G179770	XP_010417062.1, XP_010472305.1, XP_010429250.1
OG0005689	As003G074090	XP_010432030.1, XP_010437184.1, XP_010446622.1
OG0005691	As003G074760	XP_010437119.1, XP_010431974.1
OG0005693	As003G075440	XP_010437064.1, XP_010431912.1, XP_010446487.1
OG0005694	As003G075450	XP_010437062.1, XP_010431911.1, XP_010446486.1
OG0005695	As004G077720	XP_010435734.1, XP_010450925.1, XP_010440933.1
OG0005697	As004G079740	XP_010509637.1, XP_010505023.1, XP_010516696.1
OG0005698	As004G081030	XP_010516581.1, XP_010504889.1, XP_010509763.1
OG0005699	As004G081880	XP_010481888.1, XP_010442050.1, XP_010494300.1
OG0005700	As004G081900	XP_010453356.1, XP_019097321.1
OG0005701	As004G081910	XP_019087578.1, XP_010481889.1, XP_010494294.1, XP_010484869.1
OG0005703	As004G085090	XP_010455667.1, XP_010422197.1, XP_010434239.1
OG0005704	As004G085370	XP_019084093.1, XP_010433223.1
OG0005705	As004G087970, As004G087950	XP_010441715.1, XP_010481571.1, XP_010441713.1, XP_010494654.1
OG0005706	As004G087960	XP_010441716.2, XP_010441714.1, XP_010494655.1, XP_010481573.1
OG0005707	As004G088580	XP_010484786.1, XP_010484788.1
OG0005708	As004G088860, As004G088830	XP_010481460.1, XP_010494805.1, XP_010445792.1
OG0005709	As004G089100	XP_010441562.1, XP_010494843.1, XP_010481432.2
OG0005710	As004G090190	XP_010494995.1, XP_010441438.1, XP_010481306.1
OG0005711	As004G090210	XP_010481304.1, XP_010441437.1, XP_010494996.1
OG0005712	As004G090660	XP_010441424.1, XP_010481287.1, XP_010495006.1
OG0005713	As004G090690	XP_010441427.1, XP_010481289.1, XP_010495002.1
OG0005714	As004G092450	XP_010450416.1, XP_010436680.1, XP_010440767.1
OG0005715	As004G094330	XP_019086497.1, XP_010450203.1, XP_010440578.1
OG0005716	As004G095850	XP_010435075.1, XP_010449999.1
OG0005717	As004G096500	XP_010488174.1, XP_010510399.1, XP_010466409.1
OG0005718	As005G099150	XP_010518486.1, XP_010507861.1
OG0005719	As005G099460	XP_010507890.1, XP_010506783.2, XP_010518446.1
OG0005720	As005G099650	XP_010507911.1, XP_010506762.1, XP_010518422.1
OG0005721	As005G100240	XP_010518356.1, XP_010507971.1, XP_010506696.1
OG0005722	As005G100400	XP_010413337.1, XP_010469031.1, XP_010512564.1, XP_010473799.1
OG0005724	As005G100700, As012G287700	XP_010413362.1, XP_010513775.1, XP_019098532.1, XP_010473783.1
OG0005725	As005G101370	XP_010518205.1, XP_010508125.1, XP_010506534.1, XP_010413492.1, XP_010512441.1
OG0005726	As012G287060, As005G101510	XP_019101728.1, XP_010469129.1
OG0005727	As005G101650	XP_010508163.1, XP_010518169.1, XP_019096019.1
OG0005728	As005G102170	XP_010506433.1, XP_010518106.1, XP_010508227.1
OG0005729	As012G286250	XP_010512349.1, XP_010469197.1, XP_010413571.1
OG0005730	As005G102520	XP_010518071.1, XP_010508268.1
OG0005731	As005G102890	XP_010506354.1, XP_010508306.1, XP_010518031.1
OG0005732	As005G102920	XP_010508309.1, XP_010518028.1, XP_010506351.1
OG0005734	As005G104020	XP_010508442.1, XP_010506205.1, XP_010517896.1
OG0005735	As005G104870	XP_010508564.1, XP_010506075.1, XP_010517774.1
OG0005736	As005G106100	XP_010505929.1, XP_010508711.1, XP_019082312.1, XP_010507476.1, XP_010412795.1
OG0005737	As005G107140	XP_010452038.1, XP_010423905.1, XP_010490621.1
OG0005738	As005G107360	XP_010490643.1, XP_010423881.1, XP_010452058.1
OG0005739	As005G109570	XP_010454968.1, XP_010493879.1, XP_010421491.1, XP_010495515.1
OG0005740	As005G109650	XP_010454970.1, XP_010493881.1, XP_010421492.1
OG0005742	As005G110700	XP_010420788.1, XP_010454258.1, XP_010493053.1
OG0005744	As010G227100, As005G112230	XP_010454378.1, XP_010420918.1, XP_010493182.1
OG0005745	As005G112270	XP_010420926.1, XP_010454386.1, XP_010493190.1
OG0005746	As005G113210	XP_010493297.1, XP_010421010.1, XP_010454484.1
OG0005747	As005G113420	XP_010454511.1, XP_010421037.1, XP_010493333.1
OG0005748	As005G113530	XP_010421053.1, XP_010454525.1, XP_010493351.1
OG0005749	As005G114100	XP_010504328.1, XP_010456632.1, XP_010483713.1
OG0005750	As005G114350	XP_010443829.1, XP_010483674.1, XP_010456276.1
OG0005751	As005G115900	XP_010483504.1, XP_010443640.1, XP_010454399.1
OG0005752	As005G116790	XP_010444307.1, XP_010484148.1, XP_010461084.1
OG0005753	As005G116850	XP_010484152.1, XP_010461129.1
OG0005754	As005G117610	XP_010444399.1, XP_010484247.1, XP_010462937.1
OG0005755	As005G117720	XP_010462856.1, XP_010444413.1, XP_010484260.1
OG0005756	As005G118270	XP_010484324.1, XP_010444494.1, XP_010462197.1
OG0005757	As005G119990	XP_010446296.2, XP_019095809.1, XP_010465056.1, XP_010445627.2, XP_010496576.1
OG0005758	As005G120170	XP_010465241.1, XP_010484623.1, XP_010444774.1
OG0005759	As006G121240	XP_010427345.1, XP_010456250.1, XP_010419627.1
OG0005760	As006G121530	XP_010456287.1, XP_010427014.1, XP_010419584.1
OG0005761	As006G121710, As006G121870	XP_010457010.1, XP_010427611.1, XP_010422787.1
OG0005762	As006G121920	XP_010422780.1, XP_010456221.1, XP_010427675.1
OG0005763	As006G122470	XP_010428511.1, XP_010456142.1, XP_010422708.1
OG0005764	As006G123560	XP_010422548.1, XP_010430124.1, XP_010455911.1
OG0005765	As006G124020	XP_010422488.1, XP_010430792.1, XP_010507070.1, XP_010456755.1, XP_010455985.1
OG0005766	As006G124130	XP_010455893.1, XP_010422467.1, XP_010431041.1
OG0005767	As006G124260	XP_010494435.1, XP_019087728.1, XP_010481754.1
OG0005768	As006G124290	XP_010451167.1, XP_010494430.1, XP_010441910.1, XP_010481761.1
OG0005770	As006G124500	XP_010441944.1, XP_010481782.1, XP_010494405.1
OG0005771	As006G125230	XP_010509881.1, XP_010413858.1, XP_010469466.1
OG0005772	As006G125240	XP_010469470.1, XP_010509884.1, XP_010413861.1
OG0005773	As006G125800	XP_010413956.1, XP_010469554.1, XP_010509977.1
OG0005774	As006G126490	XP_010510120.2
OG0005775	As006G128310	XP_010469886.1, XP_010414292.1, XP_010510394.1
OG0005776	As006G128500	XP_010414321.1, XP_010510417.1, XP_010469904.1
OG0005777	As012G269220, As006G129360	XP_010414472.1, XP_010470041.1, XP_010510571.1
OG0005778	As006G129460	XP_019083011.1, XP_019101395.1, XP_019093176.1
OG0005779	As006G130120	XP_010414606.1, XP_010470155.1, XP_010510697.1, XP_019098760.1
OG0005781	As006G130710	XP_010510802.1
OG0005782	As006G131560	XP_010447265.1, XP_010437785.1
OG0005783	As006G131600	XP_010515871.1, XP_010504138.1, XP_010427025.1
OG0005784	As009G199830, As006G133520	XP_010424087.1, XP_010453508.1, XP_010492190.1
OG0005785	As006G134900	XP_010426612.1, XP_010485421.1, XP_010463575.1
OG0005786	As006G135270	XP_010463628.1, XP_010485474.1, XP_010468062.1
OG0005787	As006G135360	XP_010476066.1, XP_010485478.1, XP_010463640.1
OG0005788	As006G135410	XP_010487836.1, XP_010485485.1, XP_019092815.1
OG0005789	As006G136390	XP_010485673.1, XP_010463784.1, XP_010509440.1, XP_010485674.1, XP_010509982.1, XP_010463787.1
OG0005790	As006G139310	XP_019091988.1, XP_019100179.1
OG0005791	As006G140230	XP_010486175.1, XP_010489700.1, XP_010464234.1, XP_010442070.1
OG0005792	As006G140370	XP_010486202.1, XP_010444190.1, XP_010464260.1
OG0005793	As006G140430	XP_010445098.1, XP_010486210.1, XP_010464269.1
OG0005794	As006G140500	XP_010464278.1, XP_019092600.1, XP_019100365.1
OG0005795	As006G141280	XP_010464389.1, XP_010486322.1, XP_010455414.1
OG0005796	As006G141300	XP_010473361.1, XP_010418122.1, XP_010430161.1
OG0005797	As006G141540	XP_019096820.1, XP_010457697.1, XP_010464420.1
OG0005798	As006G141920	XP_010462718.1, XP_010462804.1, XP_010486398.1, XP_010486399.1, XP_010464467.1
OG0005799	As006G142460	XP_010508864.1, XP_010505777.1, XP_010517467.1
OG0005800	As006G142780	XP_010508897.1, XP_010517432.1
OG0005801	As006G143030	XP_010505338.1, XP_019101269.1, XP_010517019.1
OG0005802	As006G143590	XP_010505622.1, XP_010509012.1, XP_010517297.1
OG0005803	As006G145440	XP_010505237.1, XP_010509421.1, XP_010516919.1
OG0005804	As006G146090	XP_010504116.1, XP_010515846.1, XP_010427004.1
OG0005805	As006G146130	XP_010505321.1, XP_010509343.2, XP_010517008.1, XP_010517006.1
OG0005806	As006G146600	XP_010509298.1, XP_010517035.1, XP_010507599.1, XP_010505355.1
OG0005807	As006G146740	XP_010505368.1, XP_010509286.1, XP_010517045.1
OG0005808	As006G147110	XP_019100752.1, XP_010509198.1, XP_010517117.1, XP_019100505.1, XP_019100753.1
OG0005809	As006G147130	XP_010517175.1, XP_010509160.1
OG0005810	As006G147400	XP_010497710.2, XP_010509145.1, XP_010517153.1, XP_010505487.1
OG0005811	As006G148400	XP_010507611.1, XP_010517143.1, XP_010509125.1
OG0005812	As007G151980	XP_010459068.1, XP_010476622.1, XP_010497089.1
OG0005813	As007G152850	XP_010462739.1, XP_010497803.1, XP_010476745.1
OG0005814	As007G152900, As007G162490	XP_010475575.1, XP_010488185.1, XP_010458016.1, XP_010497841.1
OG0005815	As007G153110	XP_010459206.1, XP_010497985.1, XP_010476779.1
OG0005816	As007G153210	XP_010498009.1, XP_010459229.1, XP_010476808.1
OG0005817	As007G153560	XP_010459279.1, XP_010476849.1, XP_010498054.1, XP_010477189.1, XP_010498389.1
OG0005818	As007G154250, As010G240610	XP_010471360.1, XP_010416089.1, XP_019084983.1
OG0005819	As007G154280, As007G177410	XP_010476944.1, XP_010498156.1, XP_010459393.1
OG0005820	As007G155920	XP_010469767.1, XP_010510248.1, XP_010477183.1
OG0005821	As007G156600	XP_010497840.2, XP_010459731.1, XP_010498478.1, XP_010477283.1
OG0005822	As007G156720	XP_010477307.1, XP_010498496.1, XP_010459748.1
OG0005823	As007G157840	XP_010498639.1, XP_010477429.1, XP_010459904.1
OG0005824	As007G158530	XP_019099140.1, XP_019091544.1, XP_019095002.1
OG0005825	As007G159610	XP_019099159.1, XP_010460133.1, XP_019094268.1
OG0005826	As007G159750	XP_010460154.1, XP_010498885.1, XP_010477684.1, XP_010477682.1
OG0005827	As007G159900	XP_010442813.1, XP_010482437.1, XP_019088565.1, XP_010477732.1, XP_010460181.1, XP_010498928.1
OG0005828	As009G200310, As007G162190	XP_010492202.1, XP_010453522.1, XP_010420032.1
OG0005829	As007G162370	XP_010499243.1, XP_010478101.1, XP_010460516.1
OG0005830	As007G162630	XP_010478084.1, XP_010460503.1, XP_010499224.1
OG0005831	As007G162920	XP_010433769.1, XP_010448566.1, XP_010439042.1
OG0005832	As007G163340	XP_010429570.2, XP_010472579.1
OG0005833	As007G163990	XP_010433704.1, XP_010438948.1, XP_010448496.1
OG0005834	As007G164230	XP_010448482.1, XP_010438927.1, XP_010433696.1
OG0005835	As007G164670	XP_010438897.1, XP_010433656.1, XP_010448448.1
OG0005836	As007G178540	XP_010417156.1, XP_010429368.1, XP_010472412.2
OG0005838	As008G182380	XP_010476584.1, XP_010496794.1, XP_019095279.1, XP_010459025.1
OG0005839	As008G182710	XP_010476539.1, XP_010458983.1
OG0005840	As008G183450	XP_010458864.1, XP_010476427.1, XP_010495680.1
OG0005841	As008G184040	XP_010495254.1, XP_010458789.1, XP_010476333.1
OG0005842	As008G184480	XP_010494708.1, XP_010476262.1, XP_010458720.1
OG0005843	As008G184600	XP_010458698.1, XP_010476240.1, XP_010494499.1
OG0005844	As008G184720	XP_019094781.1, XP_010494272.1, XP_010458679.1
OG0005845	As008G185090	XP_010458654.1, XP_010476191.1, XP_010493962.1
OG0005846	As008G185210	XP_010458634.1, XP_010493752.1, XP_010476167.1
OG0005847	As008G185500	XP_010476130.1, XP_010493434.1, XP_010458601.1
OG0005848	As008G185770	XP_010493101.1, XP_010476098.1, XP_010458572.1
OG0005849	As008G186170	XP_010476039.1, XP_010458517.1, XP_010492667.1
OG0005850	As008G186180	XP_010476045.1, XP_010492578.1, XP_010458519.1, XP_019094868.1, XP_019098940.1, XP_010458518.1
OG0005853	As008G187720	XP_010458319.1, XP_010490497.1, XP_010475856.1
OG0005854	As008G188170	XP_010490179.1, XP_010458252.1, XP_010475800.1
OG0005855	As008G188460	XP_010458213.1, XP_010475761.1, XP_010489912.1, XP_010497714.1
OG0005856	As008G190000	XP_010458110.1, XP_010489225.1, XP_010475673.1
OG0005857	As008G190730	XP_010488808.1, XP_010475635.1, XP_010458074.1
OG0005858	As008G191080	XP_010458018.1, XP_010488231.1, XP_010475581.1
OG0005859	As008G191910	XP_010457975.1, XP_010475542.1
OG0005860	As008G192550	XP_010457933.1, XP_010487532.1, XP_010475510.1
OG0005861	As008G193070	XP_010457871.1, XP_010487104.1, XP_010475460.1
OG0005862	As008G195890	XP_019095283.1, XP_010501317.1, XP_010457528.1
OG0005863	As008G195900	XP_010475133.1, XP_010484103.1, XP_010457526.1
OG0005864	As008G195940	XP_010484021.1, XP_010492608.1, XP_010453848.1, XP_010475128.1, XP_010457521.1
OG0005865	As008G197460	XP_010474909.1, XP_010481505.1
OG0005866	As008G197980	XP_010474659.1, XP_010480954.1, XP_010457217.1
OG0005867	As008G198380	XP_010457176.1, XP_010474690.1, XP_010480692.1
OG0005868	As008G199050	XP_010474782.1, XP_010457091.1, XP_010479920.1
OG0005870	As009G200040	XP_010453557.1, XP_010492239.1, XP_010420071.1
OG0005871	As009G200270	XP_010492211.1, XP_010453527.1, XP_010420034.2
OG0005872	As009G200830	XP_010492337.1, XP_010453641.1, XP_010420167.1
OG0005873	As009G200900	XP_010453698.1, XP_010420232.1, XP_010492405.1
OG0005874	As009G201810	XP_019097255.1, XP_019084076.1, XP_019090628.1
OG0005875	As009G203450	XP_010453950.1, XP_010424140.2, XP_010492708.1
OG0005876	As009G204330	XP_019097904.1, XP_010420610.1, XP_010454090.1
OG0005877	As009G205000	XP_010492960.1, XP_010454178.1, XP_010420702.1
OG0005878	As009G206730	XP_010494033.1, XP_010421650.1
OG0005879	As009G207310	XP_010511211.1, XP_010470377.1, XP_010414919.1
OG0005880	As009G207380	XP_010440662.1, XP_010442417.1, XP_010482226.1
OG0005881	As009G207620	XP_010482214.1, XP_010440503.1
OG0005882	As009G207830	XP_019090527.1, XP_010442361.1, XP_010442356.1
OG0005883	As009G208760	XP_010482134.1, XP_010439512.1, XP_010442322.1
OG0005884	As009G209480	XP_010419976.1, XP_010492148.1, XP_010453469.1
OG0005885	As009G213290	XP_010452445.1, XP_010423472.1, XP_010491075.1
OG0005886	As009G215000, As009G214990	XP_010454924.1, XP_010421440.1, XP_010493838.1
OG0005887	As009G215730	XP_010493737.1, XP_010421337.1, XP_010454818.1
OG0005888	As009G216730	XP_010421198.1, XP_010454675.1, XP_010493520.1
OG0005889	As009G217700	XP_010443914.1, XP_010483757.1, XP_010456883.1
OG0005890	As009G218040	XP_010457328.1, XP_010443964.1, XP_010483810.1
OG0005891	As009G218670	XP_010458375.1, XP_010483921.1, XP_010444062.1
OG0005892	As010G223620	XP_010515052.1, XP_010426187.1, XP_010503346.1
OG0005893	As009G219200	XP_010459323.1, XP_010444132.1, XP_010483992.1
OG0005894	As009G219650	XP_010483471.1, XP_010443620.1, XP_010454117.1
OG0005895	As009G219700	XP_010483466.1, XP_010443610.1, XP_010454035.1
OG0005896	As009G219780	XP_010483459.1, XP_010443598.1, XP_010453943.1
OG0005897	As009G219840	XP_010483451.1, XP_010443590.1, XP_010453821.1
OG0005898	As009G219950	XP_010453697.1, XP_010483441.1, XP_010443580.1, XP_010446178.1
OG0005899	As009G219960	XP_010489944.1, XP_010464791.1, XP_010486721.1
OG0005900	As009G220150	XP_010453364.1, XP_010443539.1, XP_010483391.1
OG0005901	As010G220240	XP_010503839.1, XP_010426702.1, XP_010515554.1, XP_010496954.1
OG0005902	As010G221040	XP_010426587.1, XP_010503714.1, XP_010515404.1
OG0005903	As010G222080	XP_010503572.1, XP_010515266.1, XP_010426432.1
OG0005904	As010G223050	XP_010426282.1, XP_010515125.1
OG0005906	As010G226820	XP_010412507.1, XP_010496866.1, XP_010507163.1, XP_010493865.1
OG0005907	As010G231700	XP_010470841.1, XP_010415510.1, XP_010511908.1
OG0005908	As010G232940	XP_010470991.1, XP_010512051.1, XP_010415656.1
OG0005909	As010G234370	XP_010415865.1, XP_010427989.1
OG0005910	As010G234790	XP_010428047.1, XP_010415915.1, XP_010471214.1
OG0005911	As010G235430	XP_010416769.1, XP_010428907.1, XP_010472001.1
OG0005912	As010G236120	XP_010428812.1, XP_010416674.1, XP_010471927.1
OG0005913	As010G237070	XP_010416561.1, XP_010428701.1, XP_010471794.1
OG0005914	As010G237320	XP_019085331.1, XP_019093145.1, XP_019083398.1
OG0005915	As010G238310	XP_010428533.1, XP_010416393.1, XP_010471631.1
OG0005916	As010G238540, As010G238420	XP_010428501.1, XP_019094180.1, XP_010416360.1
OG0005917	As010G238880	XP_010416321.1, XP_010471555.1, XP_019083365.1
OG0005918	As010G241580	XP_010476864.1, XP_010498065.2, XP_010459293.1
OG0005919	As010G242020	XP_010472697.1, XP_010429691.1, XP_010417468.1
OG0005920	As010G242080	XP_010429699.1, XP_010417476.1, XP_010472705.1
OG0005921	As010G243410	XP_010429912.1, XP_010472881.1, XP_010417667.1
OG0005922	As010G243960	XP_019088503.1, XP_010447049.1, XP_010417732.1, XP_010429989.1, XP_010472957.1
OG0005924	As011G244740	XP_010465071.1, XP_010499645.1, XP_010487019.1
OG0005925	As011G245050	XP_010487068.1, XP_010500172.1, XP_010465135.1
OG0005926	As011G245860	XP_010465261.1, XP_010501395.1, XP_010487165.1
OG0005927	As011G246790	XP_010465352.1, XP_010501993.1, XP_010487262.1
OG0005928	As011G246890	XP_010487280.1, XP_010502075.1, XP_010465383.1
OG0005929	As012G270060, As011G247460	XP_010479840.1, XP_010462163.1, XP_010500934.1
OG0005931	As011G249670	XP_010505598.1, XP_010465808.1, XP_010487648.1
OG0005932	As011G250460	XP_010506887.1, XP_010487765.1
OG0005933	As011G250620, As011G250610	XP_010473356.1, XP_010430158.1
OG0005934	As011G251710	XP_010466120.1, XP_010487909.1, XP_010507876.1
OG0005935	As011G252020	XP_010466158.1, XP_010487950.1, XP_010508216.1
OG0005936	As011G252550	XP_010466211.1, XP_010487999.1, XP_010508763.1
OG0005937	As011G253240	XP_010489985.2, XP_010466326.1, XP_019082791.1, XP_010488095.1
OG0005938	As011G254360	XP_010511287.1, XP_010488263.1, XP_010466519.1, XP_010431179.1, XP_019092461.1, XP_010470260.1
OG0005939	As011G254370	XP_010468376.1, XP_010488265.1, XP_010511305.1
OG0005940	As011G254570	XP_010488294.1, XP_010511526.1, XP_010466547.1
OG0005941	As011G255500	XP_010466711.1, XP_010488440.1, XP_010512644.1
OG0005942	As011G255750	XP_010466739.1, XP_010488459.1, XP_019084598.1, XP_019084613.1
OG0005943	As011G255790	XP_010468437.1, XP_010488461.1
OG0005944	As011G256800	XP_010466883.1, XP_010488570.1, XP_010513635.1
OG0005945	As011G261460	XP_010412859.2, XP_010468535.2, XP_019096469.1
OG0005946	As011G261940, As011G261930	XP_010492235.1, XP_010435374.1, XP_010440672.1
OG0005947	As011G262430	XP_010467266.1, XP_010517838.1, XP_010488924.1
OG0005948	As011G263550	XP_010516390.1, XP_010489239.1, XP_010467399.1
OG0005949	As011G264980	XP_010467608.1, XP_010489500.1, XP_010413120.1
OG0005950	As011G265420	XP_010489535.1, XP_010414188.1, XP_010414176.1, XP_019092491.1
OG0005951	As011G266080	XP_010468808.1, XP_010489483.2, XP_010415320.1, XP_010467886.1
OG0005952	As011G266280	XP_010416849.1, XP_010489155.1, XP_010467909.1
OG0005953	As011G266660	XP_010489106.1, XP_010416391.1
OG0005954	As011G266950	XP_010416033.1, XP_010489069.1
OG0005955	As012G267950	XP_010480154.1, XP_010501218.1, XP_010462453.1
OG0005956	As012G268270	XP_010501179.1, XP_010480103.1, XP_010462415.1
OG0005957	As012G269670	XP_010479921.1, XP_010479923.1, XP_010479924.1, XP_010501006.1, XP_019091341.1
OG0005958	As012G270120	XP_010479826.1, XP_010462151.1, XP_010500925.1
OG0005959	As012G270510	XP_010500878.1, XP_010462114.1, XP_010479782.1
OG0005960	As012G273120	XP_010479305.1, XP_010500416.1, XP_010461704.1
OG0005961	As012G273190	XP_010500421.1, XP_010479309.1
OG0005962	As012G274040	XP_010479217.1, XP_010500318.2
OG0005963	As012G274760	XP_010449892.1, XP_010434920.1, XP_010440250.1
OG0005964	As012G275940	XP_010515705.2, XP_010515702.1, XP_010515701.1, XP_010515706.1, XP_010503984.1, XP_010426857.1
OG0005965	As012G278490	XP_010426763.1, XP_010503890.1, XP_010515618.1
OG0005966	As012G280370	XP_010427183.1, XP_019102358.1, XP_010504288.1
OG0005967	As012G282520	XP_010516198.1, XP_010431389.1, XP_010427406.1, XP_010504477.1
OG0005968	As012G282740	XP_010427444.1, XP_010516232.1, XP_010504525.1, XP_010507477.1
OG0005969	As012G283470	XP_010412808.2, XP_010427547.1
OG0005970	As012G283580	XP_010427564.1, XP_010504623.1, XP_010516309.1
OG0005971	As012G284020	XP_010427629.1, XP_010516365.1, XP_010504679.1
OG0005972	As012G284030	XP_010427630.1, XP_010516364.1, XP_010504680.1
OG0005973	As012G285230	XP_010469363.1, XP_010512145.1, XP_010413743.1
OG0005974	As012G287360	XP_010469058.1, XP_010413429.1
OG0005975	As012G287540	XP_010418582.2, XP_019100991.1
OG0005976	As012G287560	XP_010469098.1, XP_010512511.1, XP_010413380.1
OG0005977	As012G289310	XP_010512759.1, XP_010512758.1, XP_010468853.1, XP_010413151.1, XP_010413152.1
OG0005978	As012G289470	XP_010413131.1, XP_010512783.1
OG0006016	As011G266650, As001G000800	XP_010451139.2, XP_010438370.1, XP_019086938.1
OG0006017	As011G265900, As001G001870	XP_010425608.1, XP_010489469.1, XP_010467870.1
OG0006018	As001G002410	XP_010447723.1, XP_010438184.1, XP_010432991.1
OG0006019	As001G002490, As007G179100	XP_010472377.1, XP_010429340.1, XP_010417127.1
OG0006020	As001G002830	XP_010438138.1, XP_010447676.1, XP_010432950.1
OG0006021	As001G003250	XP_019095036.1
OG0006022	As001G003350	XP_010432905.1, XP_010447617.1, XP_010438080.1
OG0006023	As001G003440	XP_010432895.1, XP_010445035.1, XP_010447598.1
OG0006024	As007G177940, As001G003950	XP_010429445.1, XP_010472472.1, XP_010417220.1
OG0006025	As001G005300	XP_010478406.1, XP_010499550.1, XP_010460817.1
OG0006026	As001G010530	XP_010437748.1, XP_010432546.1, XP_010447223.1
OG0006027	As001G010610	XP_010432535.1, XP_010437744.1, XP_010447217.1
OG0006028	As001G010720	XP_010437740.1, XP_010432534.1, XP_010447214.1
OG0006029	As011G262500, As001G012720	XP_010517890.1, XP_010467273.1, XP_019096186.1
OG0006030	As001G014400	XP_010432385.1, XP_010447043.1
OG0006031	As001G014500	XP_010437566.1, XP_010497814.1, XP_010432376.1
OG0006032	As001G014560	XP_010447028.1, XP_019086891.1, XP_019088180.1
OG0006033	As001G015530	XP_010456624.1, XP_010443863.1, XP_010483712.1
OG0006034	As011G256000	XP_019098703.1
OG0006034	As004G079060, As001G015920	XP_010460964.1, XP_010499687.1, XP_010478885.1
OG0006035	As001G016750	XP_010499772.1, XP_010461043.1, XP_019094272.1
OG0006036	As001G017050	XP_010478675.1, XP_010461077.1, XP_010499802.1
OG0006037	As001G017210	XP_019094500.1, XP_019101864.1, XP_010487833.2, XP_010466041.1
OG0006038	As001G017380	XP_010434732.1, XP_010449686.1, XP_010440069.1
OG0006039	As001G018050	XP_010434821.1, XP_010440152.1, XP_010449788.1
OG0006040	As001G018690	XP_010480203.1, XP_010511225.1
OG0006041	As001G019590	XP_010511087.1, XP_010414774.1, XP_010470287.1
OG0006042	As001G020610	XP_010510964.1, XP_010417960.1, XP_010473205.1
OG0006043	As001G020800	XP_010510950.1, XP_010473222.1, XP_010417977.1
OG0006044	As008G186780, As001G021070	XP_010497683.1, XP_010491879.1, XP_010475969.1
OG0006045	As001G022260	XP_010506870.1, XP_010502063.1, XP_010424849.1, XP_010513816.1, XP_010496938.2
OG0006046	As001G022450, As011G261420	XP_010421724.1, XP_010494145.1
OG0006047	As001G022570	XP_010424913.1, XP_010513865.1
OG0006049	As001G023240	XP_010513958.1, XP_010424975.1, XP_010502214.1
OG0006050	As001G023340	XP_010415853.1, XP_010471158.1, XP_010427980.1
OG0006051	As001G023620	XP_010425043.1, XP_010502278.1, XP_010514041.1
OG0006052	As001G024020	XP_010502348.1, XP_010425122.1
OG0006053	As001G024400	XP_010425177.1, XP_010514149.2, XP_010502401.1
OG0006054	As008G184340, As001G025380, As001G024700	XP_010494868.1, XP_010458740.1, XP_010476283.1
OG0006055	As001G024950	XP_010514219.1, XP_019090263.1, XP_010502482.1, XP_010425251.1
OG0006056	As001G025480	XP_010514303.1, XP_010425356.1
OG0006057	As001G025960	XP_010502666.1, XP_010514390.1, XP_010425445.1
OG0006058	As001G026140	XP_010514418.1, XP_010502689.1, XP_010425468.1
OG0006059	As001G026290	XP_010514441.1, XP_010425486.1, XP_010502710.1
OG0006060	As001G026340	XP_010425490.1, XP_010502715.1, XP_010514445.1
OG0006061	As001G026850	XP_010502807.1, XP_010514508.1, XP_010425582.1
OG0006062	As001G026880	XP_010514518.1, XP_010502812.1, XP_010425588.1
OG0006063	As001G026980	XP_010514537.1, XP_010502829.1, XP_010425614.1
OG0006064	As001G027190	XP_010425648.1, XP_010514576.1
OG0006065	As001G027530	XP_010425688.1, XP_010514613.1, XP_010502898.1
OG0006066	As001G027580	XP_019102230.1, XP_019085740.1, XP_019100124.1
OG0006067	As001G028060	XP_010425772.1, XP_010514674.1, XP_010502999.1
OG0006068	As001G028660	XP_010496346.1, XP_010470550.1, XP_010415211.1
OG0006069	As001G029160	XP_010511516.1, XP_010415138.2
OG0006070	As001G029370	XP_010445544.1, XP_010435519.1, XP_010451678.1
OG0006071	As001G030460	XP_010418522.2, XP_010418520.2, XP_010430588.1, XP_010473719.1
OG0006072	As001G030480	XP_010441387.1, XP_010441388.1, XP_010419510.1, XP_010430585.1, XP_010473716.1
OG0006073	As001G031210	XP_010418399.1, XP_010473614.1, XP_010430472.1
OG0006074	As001G031350	XP_010418362.1, XP_010430438.1, XP_010473581.1
OG0006075	As001G031690	XP_010430375.1, XP_010418303.1, XP_010473525.1
OG0006076	As002G033100, As012G283520	XP_010517618.1, XP_010505898.1, XP_010508735.1
OG0006077	As002G033280	XP_010508757.1, XP_010517596.1, XP_010505877.1
OG0006078	As002G034220	XP_010471906.1, XP_010464579.1
OG0006079	As002G035610	XP_010483438.1
OG0006080	As002G036510	XP_010490355.1, XP_010464784.1, XP_010486715.1
OG0006081	As002G037500, As009G212250	XP_010491194.1, XP_010452561.1, XP_010423348.1
OG0006082	As002G039070	XP_010499025.1, XP_010486966.1, XP_010465015.1
OG0006084	As002G042230	XP_010482351.1, XP_010442522.1, XP_010442053.1
OG0006085	As002G043110	XP_010426303.1, XP_010482445.1, XP_010442596.1
OG0006086	As002G043640	XP_010442680.1, XP_010482515.1, XP_019091055.1, XP_019087623.1
OG0006088	As002G045030	XP_010445426.1, XP_010482680.1
OG0006089	As002G045040	XP_010433297.1, XP_019088524.1, XP_019089789.1
OG0006090	As002G045330	XP_010482757.1, XP_010445931.1, XP_010442925.1
OG0006091	As002G045370	XP_010424843.1, XP_010502058.1, XP_010513812.1, XP_010496936.1
OG0006092	As002G045410	XP_010442945.1, XP_010445999.1, XP_010482776.1
OG0006093	As002G046040	XP_010446700.1, XP_010443001.1, XP_010482832.1
OG0006095	As002G046410	XP_010448449.1, XP_010482871.1, XP_010443043.1
OG0006096	As002G046470	XP_019091947.1, XP_010482879.1, XP_010443049.1, XP_019085027.1
OG0006097	As002G046880	XP_019086680.1, XP_010482930.1
OG0006098	As002G047480	XP_010443212.1, XP_010443213.1, XP_010450067.1, XP_010450077.1, XP_010483041.1, XP_010483037.1
OG0006099	As002G048490	XP_010483160.1, XP_010451467.1, XP_010443334.1
OG0006100	As002G049200	XP_010483275.1, XP_010443438.1, XP_010452178.1
OG0006101	As002G049280	XP_010452541.1, XP_010443454.1, XP_010483290.1
OG0006102	As002G049500	XP_010476632.1, XP_010497118.1, XP_010459077.1
OG0006103	As002G049660, As002G049690	XP_010483359.1, XP_010453049.1, XP_010443510.1
OG0006104	As002G049740, As008G183560	XP_010476407.1, XP_010458844.1, XP_010495608.1
OG0006105	As002G049810	XP_010483364.1, XP_010453077.1, XP_010443514.1, XP_010506835.1
OG0006106	As002G050840	XP_010492006.1, XP_019083786.1, XP_010453322.1
OG0006107	As002G050890	XP_010419825.1, XP_010453306.1, XP_010491997.1
OG0006108	As002G051780	XP_010491884.1, XP_010453194.1
OG0006109	As002G052970	XP_010491697.1, XP_010453059.1, XP_010422856.1
OG0006110	As002G053180	XP_010491667.1, XP_010422886.1, XP_010453035.1
OG0006111	As002G053730	XP_010452948.1
OG0006112	As002G054150	XP_010423037.1, XP_010491517.1, XP_019090269.1
OG0006113	As002G054520	XP_010423102.1, XP_010452822.1, XP_010491468.1
OG0006114	As002G054740	XP_019088459.1, XP_019090705.1, XP_010423132.1, XP_010491434.1
OG0006115	As002G054770	XP_010452785.1, XP_010423136.1, XP_010491430.1
OG0006116	As002G055100	XP_010491388.1, XP_019090477.1, XP_010423177.1
OG0006117	As009G218510, As002G055470	XP_010457997.1, XP_010444033.1, XP_010483891.1
OG0006118	As003G055680	XP_010449632.1, XP_019098630.1, XP_010434684.1, XP_010440022.1
OG0006119	As003G055930	XP_010439983.1, XP_010434646.1, XP_010449595.1
OG0006120	As003G056280	XP_010434606.1, XP_010449543.1, XP_010439928.1
OG0006121	As003G056330	XP_010436505.2, XP_010439923.1, XP_010434599.1, XP_010449531.1
OG0006122	As003G056760	XP_010517540.1, XP_010434543.1, XP_010439860.1
OG0006123	As003G056850	XP_010517535.1, XP_010434538.1
OG0006124	As003G057020	XP_010434518.1, XP_010496242.1, XP_010439839.1
OG0006125	As003G057850	XP_010449338.1, XP_010434396.1, XP_010439688.1
OG0006126	As003G058490	XP_010474529.1
OG0006127	As003G058520	XP_010434300.1, XP_010439592.1, XP_010449193.1
OG0006128	As003G059050	XP_010439514.1, XP_010449112.1, XP_010434229.1
OG0006129	As003G059250, As004G086200	XP_010434191.1, XP_010436464.1, XP_010439491.1, XP_010449085.1
OG0006130	As003G059660	XP_010434152.1, XP_010439448.1, XP_010449024.1
OG0006131	As003G060000	XP_010451289.1, XP_010439392.1, XP_019086514.1
OG0006132	As003G060720, As012G283800, As003G060730, As003G060740	XP_010451257.1, XP_010436432.1
OG0006134	As003G061440	XP_010439171.1, XP_010433905.1, XP_010448708.1
OG0006135	As003G061720	XP_010433881.1, XP_010439150.1, XP_010509303.1
OG0006136	As003G061900	XP_010439133.1, XP_010433860.1, XP_010448655.1
OG0006137	As003G062120	XP_010439093.1, XP_010433820.1, XP_010448616.1
OG0006138	As004G083970	XP_010422003.1, XP_010436755.1, XP_010455471.1
OG0006139	As003G063130	XP_010499940.1, XP_010478815.1, XP_010463115.1, XP_010461219.1
OG0006140	As003G064410, As006G137780	XP_010479060.1, XP_010461461.1, XP_010500164.1
OG0006141	As003G064700	XP_010479032.1, XP_010500125.1, XP_010461429.1
OG0006143	As005G103240, As003G066770	XP_010508354.1, XP_010517977.1, XP_010506298.1
OG0006144	As003G067360	XP_010478134.1, XP_010499276.1, XP_010460547.1
OG0006145	As003G067510	XP_010499298.1, XP_010460574.1, XP_019095219.1
OG0006146	As003G068060	XP_010479104.1, XP_010461504.1
OG0006147	As003G069030	XP_010499363.1, XP_010478209.1, XP_010460628.1
OG0006148	As003G069050	XP_010478212.1, XP_010499366.1
OG0006149	As003G069820	XP_010492969.2, XP_010478280.1
OG0006150	As003G069910	XP_010499445.1, XP_010460707.1
OG0006151	As003G069940	XP_010460710.1, XP_010478294.1, XP_010499450.1
OG0006152	As003G069980	XP_010478297.1, XP_019091064.1, XP_010460716.1, XP_010501644.1
OG0006153	As003G070640, As012G275280	XP_010460781.1, XP_010460783.1, XP_010478376.1, XP_010501653.1
OG0006154	As003G070720	XP_010478399.1, XP_010499541.1, XP_010460806.1
OG0006156	As003G070970	XP_019094632.1, XP_010499573.1, XP_010460834.1
OG0006157	As003G072050	XP_010446883.1, XP_010437430.1, XP_010432236.1
OG0006158	As003G072920	XP_010432143.1, XP_010446752.1, XP_010437314.1
OG0006159	As003G073290	XP_010446707.1, XP_010432095.1, XP_010437267.1, XP_010446706.1
OG0006160	As003G073630	XP_010446665.1, XP_010432063.1, XP_010437233.1
OG0006161	As003G074690	XP_010437126.1, XP_010446581.1, XP_010431983.1
OG0006162	As007G180710	XP_010446468.1, XP_019086554.1, XP_010437046.1
OG0006163	As003G076200	XP_010436961.1, XP_010446372.1
OG0006164	As004G077250	XP_010435586.1, XP_010450510.1, XP_010440865.1
OG0006165	As004G077820	XP_010435761.1, XP_010440970.1, XP_010450898.1
OG0006166	As004G077920	XP_010450874.1, XP_010440984.1, XP_010435783.1
OG0006167	As004G078960	XP_010464051.1, XP_010425777.1, XP_010485968.1
OG0006168	As004G079000	XP_010460962.1, XP_010478883.1, XP_010499685.1
OG0006169	As004G079160	XP_010499713.1, XP_010478587.1, XP_010460992.1
OG0006170	As004G079790, As004G079800	XP_010505143.1, XP_010513028.1
OG0006171	As004G080090	XP_010438191.1, XP_010455358.1, XP_010421872.1
OG0006172	As004G080690, As004G080700	XP_010421747.1, XP_010455264.1, XP_010436542.1
OG0006173	As004G081290	XP_010513063.1, XP_010469406.1, XP_010413785.1
OG0006174	As004G081440	XP_010469422.1, XP_010509826.1, XP_010413803.1
OG0006175	As004G082710	XP_010442160.1, XP_010481995.1, XP_010494173.1
OG0006176	As004G083230	XP_010455383.1, XP_010437821.1, XP_019084043.1
OG0006177	As004G083640	XP_010437187.1, XP_010421955.1, XP_010455433.1
OG0006178	As004G083920, As004G083880	XP_010455464.1, XP_010433716.1
OG0006179	As004G084590	XP_010422103.1, XP_010455565.1, XP_010434802.1
OG0006180	As004G084710	XP_010455590.1, XP_019084736.1, XP_010434174.1
OG0006182	As004G085020	XP_010455655.1, XP_010422183.1, XP_010433745.1
OG0006184	As004G085650	XP_010432791.1, XP_019098210.1, XP_010455726.1
OG0006185	As004G085730	XP_010432511.1, XP_010422289.1, XP_010455756.1
OG0006186	As004G086120	XP_010455841.1, XP_010422381.1, XP_010431753.1, XP_010431745.1, XP_010468220.1, XP_010468656.1, XP_010455842.1
OG0006187	As004G087630	XP_019088672.1, XP_010494587.1
OG0006188	As004G087820	XP_010481601.1, XP_010494631.1, XP_010441751.1
OG0006189	As004G088730	XP_010496011.1, XP_010441608.1, XP_010481478.1
OG0006190	As004G088740	XP_010496012.1, XP_010481474.1, XP_010441604.1
OG0006191	As004G088960	XP_010445791.2, XP_010494826.1, XP_010481450.1
OG0006192	As004G090100	XP_010481265.1, XP_019088723.1, XP_010495018.1
OG0006193	As004G091670	XP_010440704.1, XP_010435429.1, XP_010450365.1
OG0006194	As004G093270	XP_010455746.1, XP_010422282.1, XP_010432578.1
OG0006195	As004G093390, As004G093370, As004G093350	XP_010440987.1, XP_010450880.1, XP_010440641.1, XP_010435318.1, XP_010450263.1
OG0006196	As011G256520, As004G094030	XP_010440592.1, XP_010445470.2, XP_010450221.1, XP_010435278.1
OG0006197	As004G094600	XP_010450166.1, XP_010435228.1, XP_010440531.1
OG0006198	As004G095440, As004G095450	XP_010435136.1, XP_010440475.1, XP_010450047.1
OG0006199	As004G095490	XP_010435125.1, XP_010450041.1, XP_010440465.1
OG0006200	As004G096190	XP_010435022.1, XP_010495895.1, XP_010440338.1
OG0006201	As004G096700	XP_019086575.1, XP_010440270.2, XP_010449914.1
OG0006202	As004G097880	XP_010446574.1, XP_019087529.1, XP_010441288.1, XP_010447252.1, XP_010436074.1
OG0006203	As004G098030	XP_010436099.1, XP_010447554.1, XP_010441310.1
OG0006204	As005G100090	XP_010518535.1, XP_010518381.1, XP_010506715.1, XP_010507952.1
OG0006205	As005G100220	XP_010507965.1, XP_010518359.1, XP_010507775.2
OG0006206	As005G100250	XP_010506695.1, XP_010507973.1, XP_019102003.1
OG0006207	As005G100410	XP_010518338.1, XP_010506673.1, XP_010507994.1
OG0006208	As005G100480	XP_010518330.1, XP_010506665.1, XP_010508003.1
OG0006209	As005G100550, As012G287720	XP_010469103.1, XP_010413355.1, XP_010512542.1
OG0006210	As005G100900	XP_010512828.1, XP_010508056.1, XP_010518285.1, XP_010506616.1
OG0006211	As005G101720	XP_010512839.1, XP_010413059.1, XP_010506483.1
OG0006212	As005G101790	XP_010506476.1, XP_010518150.1, XP_019101171.1
OG0006213	As005G102060	XP_010518116.1, XP_010506443.1, XP_010508215.1
OG0006214	As005G102160	XP_019082403.1, XP_010506435.1, XP_010508226.1
OG0006215	As005G102390	XP_010518079.1, XP_010506408.1, XP_010508255.1, XP_010508256.1
OG0006217	As005G103550	NP_001306215.1, XP_019101198.1, XP_019101773.1
OG0006218	As005G104050	XP_010517897.1, XP_010506206.1, XP_010508441.1
OG0006219	As005G104770	XP_010506089.1, XP_010508554.1, XP_010517786.1
OG0006220	As005G105330	XP_010427638.1, XP_010516378.1, XP_010504687.1
OG0006221	As012G283820, As005G106020	XP_010427598.1, XP_010504654.1, XP_010516342.1
OG0006222	As005G106040	XP_010508710.1, XP_010505935.1, XP_010517646.1
OG0006223	As005G106650	XP_010490572.1, XP_010451994.1, XP_010423949.1
OG0006224	As005G107420	XP_019090364.1, XP_010452073.1, XP_010423872.1, XP_019097872.1
OG0006225	As005G107900	XP_010452129.1, XP_010490748.1, XP_010423815.1, XP_010456366.1
OG0006226	As005G107920	XP_010453474.1, XP_010492154.1, XP_010419982.1
OG0006227	As005G108440	XP_010423694.1
OG0006228	As005G109010	XP_010452294.1, XP_010490898.2, XP_010423640.1
OG0006229	As005G110670	XP_010420794.1, XP_010454261.1, XP_010493057.1
OG0006230	As005G111880	XP_010454358.1, XP_010420892.1, XP_010493158.1
OG0006231	As005G112080	XP_010420910.1, XP_010420909.1, XP_010454372.1
OG0006232	As005G113000	XP_010420984.1, XP_010496785.1
OG0006234	As005G113180	XP_010454477.1, XP_010421005.1, XP_010493271.1
OG0006236	As005G114480	XP_010483660.1, XP_010456073.1, XP_019087674.1
OG0006237	As005G115190, As010G224500	XP_010414339.1, XP_010510467.1, XP_010469935.1
OG0006238	As005G115340	XP_010454701.1, XP_010483531.1, XP_010443662.1
OG0006239	As005G115950	XP_019086850.1, XP_019087667.1, XP_010483496.1
OG0006240	As005G116030	XP_010459871.1, XP_010444193.1, XP_010484040.1
OG0006241	As005G116430	XP_010444251.1, XP_010484092.1, XP_010460463.1
OG0006242	As005G116480	XP_010444257.1, XP_010484098.1, XP_010460398.1
OG0006243	As005G116910	XP_019088489.1, XP_010461234.1, XP_010484162.1
OG0006244	As005G117160, As005G117150	XP_010490324.1, XP_010468640.1, XP_019087639.1
OG0006245	As005G117690	XP_010462863.1, XP_010444410.1, XP_010484258.1
OG0006246	As005G117730	XP_010444414.1, XP_010462843.1, XP_010444416.1, XP_010462851.1, XP_010484262.1
OG0006247	As005G118430	XP_010463203.1, XP_010444540.1, XP_010484381.1
OG0006248	As005G118550	XP_010444520.1, XP_010484355.1, XP_010463027.1
OG0006249	As005G118620	XP_010484345.1, XP_010444512.1, XP_010462975.1
OG0006250	As005G118690	XP_010463438.1, XP_019087696.1, XP_010484399.1
OG0006251	As005G120150	XP_010465216.1, XP_010484621.1, XP_010444771.1
OG0006252	As005G120480	XP_010514243.1, XP_010506974.1, XP_019099590.1, XP_019085871.1
OG0006253	As006G121170	XP_010426737.1, XP_010456310.1, XP_010496906.2, XP_010424034.1
OG0006254	As006G121810, As006G121790	XP_010456231.1, XP_010427558.1, XP_010422798.1
OG0006255	As006G122420	XP_010456151.1, XP_010422713.1, XP_010428375.1
OG0006256	As006G122790	XP_010428974.1, XP_010422669.1, XP_010456104.1
OG0006257	As006G123170	XP_010456044.1, XP_010429554.1, XP_010422603.1
OG0006258	As006G123390	XP_010429856.1, XP_010456012.1, XP_010422572.1
OG0006259	As006G123410	XP_010422570.1, XP_010456010.1, XP_010429895.1
OG0006260	As006G123430	XP_010429906.1, XP_010456009.1, XP_010422569.1
OG0006261	As006G124620	XP_010481792.1, XP_010441930.1, XP_010494391.1
OG0006263	As006G125470	XP_010469513.1, XP_010509923.1, XP_010413907.1
OG0006264	As008G195460, As006G126050	XP_010469525.1, XP_010469526.1, XP_010509944.1, XP_010413923.1
OG0006265	As006G126160	XP_010414001.1, XP_010469592.1, XP_010510024.1
OG0006266	As006G126900	XP_019101384.1, XP_010414072.2, XP_010469660.2
OG0006267	As006G126980, As006G126970, As006G126990	XP_010414087.1, XP_010510162.1, XP_010469679.1
OG0006268	As006G127500	XP_010469755.1, XP_010510232.1, XP_010414174.1
OG0006269	As006G127630	XP_019101398.1, XP_019093069.1
OG0006270	As006G128120	XP_010469858.1, XP_010414271.1, XP_010510367.1
OG0006271	As006G128680	XP_010510452.1, XP_010414361.1, XP_010469927.1
OG0006272	As006G128690	XP_010469925.1, XP_010418783.2, XP_010414362.1, XP_010510450.1
OG0006273	As006G128790	XP_010469942.1, XP_010510474.1, XP_010414370.1
OG0006274	As006G128800	XP_010510473.1, XP_010414367.1, XP_010469943.1
OG0006275	As006G129810	XP_010510622.1, XP_010470081.1, XP_010414522.1
OG0006276	As006G130310	XP_010510729.1, XP_010473171.1, XP_010417927.1
OG0006277	As006G132370, As006G132360	XP_010448138.1, XP_010433373.1, XP_010438619.1
OG0006278	As006G132790	XP_010463523.1, XP_010505970.1, XP_010485552.1, XP_010508927.1
OG0006279	As006G133660	XP_010496816.1, XP_010424021.1
OG0006280	As006G133710	XP_010486400.1, XP_010464468.1, XP_010462875.1
OG0006281	As006G133930	XP_010490499.1, XP_010424004.1, XP_010451928.1
OG0006282	As006G134240	XP_010448259.1, XP_010438740.1, XP_019086757.1, XP_010438739.1, XP_010433486.1, XP_010448258.1
OG0006283	As006G134840	XP_010413829.1, XP_010485528.1, XP_010463561.1
OG0006284	As006G135000	XP_010485430.1, XP_010433194.1, XP_010463588.1
OG0006285	As006G135280	XP_010492424.1, XP_010420250.1, XP_010453721.1
OG0006286	As006G136430	XP_010485679.1, XP_010510262.1
OG0006287	As006G136590	XP_010485694.1, XP_010485693.1, XP_010511520.1, XP_010463802.1
OG0006288	As006G136830	XP_010463831.1, XP_010513547.1, XP_010485724.1
OG0006289	As006G137140	XP_010485745.1, XP_010463851.1, XP_010515215.1
OG0006290	As006G137550	XP_010463907.1, XP_019096223.1, XP_019099812.1
OG0006291	As006G138900	XP_010468020.1, XP_019100090.1, XP_010485979.1
OG0006293	As006G140760	XP_010486239.1, XP_010448002.1
OG0006294	As006G140990	XP_010486270.1, XP_019100451.1, XP_010464339.1
OG0006295	As006G142370	XP_010508856.1, XP_010505785.1, XP_010517473.1
OG0006296	As006G142380	XP_010508857.1, XP_010505781.1, XP_010517471.1
OG0006297	As006G143290	XP_010517333.1, XP_010505659.1, XP_010508982.1
OG0006298	As006G143490	XP_010517311.1, XP_010505640.1, XP_010509001.1
OG0006299	As006G143970	XP_010509071.1, XP_010517246.1, XP_010505574.1
OG0006300	As006G144330	XP_010517193.1, XP_010509173.1, XP_010505530.1
OG0006301	As006G144460	XP_010505117.1
OG0006302	As006G144890, As012G276300	XP_010516843.1, XP_010509488.1, XP_010505163.1
OG0006303	As006G145100	XP_010516873.1, XP_010509463.1, XP_010516871.1, XP_010505197.1, XP_010509466.1
OG0006304	As012G277370	XP_010427019.1, XP_010515862.1, XP_010504132.1
OG0006305	As009G212840, As006G146330	XP_010509322.1, XP_010505343.1, XP_010517024.1
OG0006306	As006G146810	XP_019099872.1, XP_019102019.1, XP_019101266.1
OG0006307	As006G148450	XP_010517133.1, XP_010505462.1
OG0006308	As007G152290	XP_010476680.1, XP_010459118.1, XP_010497422.1
OG0006309	As007G152680	XP_010459155.1, XP_010476724.1, XP_010497691.1
OG0006310	As007G153040	XP_010476769.1, XP_010459200.1, XP_010497975.1
OG0006311	As007G153050	XP_010459199.1, XP_010476771.1, XP_010497973.1
OG0006312	As007G153230	XP_010498010.1, XP_010493581.1, XP_010476810.1, XP_010459230.1
OG0006313	As007G153390	XP_019097837.1, XP_019095099.1, XP_019091510.1
OG0006314	As007G153520	XP_010498052.1, XP_010459273.1, XP_010476844.1, XP_010476843.1, XP_010459272.1
OG0006315	As007G154140, As007G154410	XP_010459378.1, XP_010476932.1, XP_019099062.1
OG0006316	As007G154500	XP_010459442.1, XP_010498217.1, XP_010477004.1
OG0006317	As007G154640	XP_010476984.1, XP_010459421.1, XP_010498193.1
OG0006318	As007G155530	XP_010477120.1, XP_010459570.1, XP_010498324.1
OG0006319	As007G156450	XP_019094852.1, XP_010477260.1, XP_010498461.1, XP_010459709.1
OG0006320	As007G156560	XP_010498471.1, XP_010459720.1, XP_010477277.1
OG0006321	As010G237190, As007G156700	XP_010471780.1, XP_010416543.1, XP_010428685.1
OG0006322	As007G156810, As010G237110	XP_010459766.1, XP_010477322.1, XP_010498513.1
OG0006323	As007G156860	XP_010462813.2, XP_010477335.1, XP_010498523.1
OG0006325	As007G158930	XP_010477551.1, XP_010460046.1, XP_010498768.1, XP_010498767.1
OG0006326	As007G160600	XP_010499010.1, XP_010460281.1, XP_010477832.1
OG0006327	As007G160720	XP_010477846.1, XP_010460295.1, XP_010499028.1
OG0006328	As007G162000	XP_010511702.1, XP_010415335.1, XP_010470668.1
OG0006329	As007G162160	XP_010499195.1, XP_010478048.1, XP_010460480.1
OG0006330	As007G162380	XP_019099231.1, XP_019094790.1, XP_019099228.1, XP_019091398.1
OG0006331	As007G162410	XP_010478091.1, XP_010499239.1
OG0006332	As007G162650	XP_010501616.2, XP_010460506.1, XP_010478086.1
OG0006333	As007G162710	NP_001306213.1, XP_019088345.1
OG0006334	As007G162720	XP_010448591.1, XP_010433800.1, XP_010439069.1
OG0006335	As007G163100	XP_010433744.1, XP_010448542.1, XP_010439004.1
OG0006336	As007G163620	XP_010438958.1, XP_010433715.1, XP_010448509.1
OG0006337	As007G164640	XP_019089686.1, XP_010438899.1, XP_010433659.1
OG0006338	As007G179690	XP_019100130.1, XP_010514586.1, XP_010425654.1
OG0006339	As007G180340	XP_010429158.1, XP_010472227.1, XP_010416997.1
OG0006340	As007G181080, As007G181720, As007G181380	XP_019083456.1, XP_010472115.1, XP_010429037.1
OG0006342	As008G182600	XP_010459000.1, XP_010496577.1, XP_010476556.1
OG0006343	As010G233450, As008G182630	XP_010476553.1, XP_010458997.1, XP_010496564.1
OG0006344	As008G183000	XP_010496063.1, XP_010476496.1
OG0006345	As010G239020, As008G183030	XP_010416305.1, XP_010471538.1, XP_010428436.1
OG0006346	As008G184660	XP_010494353.1, XP_010476228.1, XP_010458684.1
OG0006347	As008G184750	XP_010476221.1, XP_010494232.1, XP_010458676.1
OG0006348	As008G185660	XP_010493635.1, XP_010482067.1
OG0006350	As008G187010	XP_010475599.1, XP_010488326.1, XP_010458032.1
OG0006351	As008G187590	XP_010490423.1, XP_010475843.1, XP_010458300.1
OG0006352	As008G187880	XP_010490729.1, XP_010458349.1, XP_010475873.1
OG0006353	As008G189270	XP_010475709.1, XP_010489526.1, XP_019091575.1
OG0006354	As008G191050	XP_010475634.1, XP_010488790.1, XP_010458073.1
OG0006355	As008G192640	XP_010488071.1, XP_010457995.1, XP_010480384.1, XP_010475562.1
OG0006356	As008G193000	XP_010457888.1, XP_010487230.1, XP_010475475.1, XP_010501350.1
OG0006357	As008G193180	XP_010486945.1, XP_010457858.1, XP_010475449.1
OG0006358	As008G193260	XP_019095274.1, XP_019095275.1, XP_010457837.1, XP_010486780.1
OG0006359	As008G193360	XP_010426674.1, XP_010515525.1, XP_010503813.1
OG0006360	As008G193890, As008G193900	XP_010462580.2, XP_010475355.2, XP_010501342.2
OG0006361	As008G194010	XP_010485642.1, XP_010485653.1, XP_010457737.1, XP_010475344.1
OG0006362	As008G195300, As008G195320	XP_019095248.1, XP_019091832.1, XP_019098833.1
OG0006363	As008G196560	XP_010482978.1, XP_010475042.1, XP_010457428.1, XP_010457427.1
OG0006364	As008G197180	XP_010481903.1, XP_010457337.1, XP_010474954.1
OG0006365	As008G197200	XP_010474958.1, XP_010481925.1, XP_010457343.1
OG0006366	As008G197900	XP_010501285.2, XP_010457241.1, XP_010480318.1
OG0006367	As008G198210	XP_010474638.1, XP_010480849.1, XP_010457200.1
OG0006368	As009G200220	XP_010492216.1, XP_010453532.1, XP_010420042.1
OG0006369	As009G200790	XP_010453637.1, XP_010420161.1, XP_010492333.1
OG0006370	As009G201250	XP_010453666.1, XP_010492363.1
OG0006371	As009G201410	XP_010420176.1, XP_010453648.1
OG0006372	As009G202250	XP_010495221.1, XP_010492513.2, XP_010453790.1, XP_010420317.1
OG0006373	As009G202780	XP_010492612.1, XP_010420386.1, XP_010453856.1
OG0006374	As009G203490	XP_010453957.1, XP_010420484.1, XP_010492714.1
OG0006375	As010G228010, As009G203520	XP_010511718.1, XP_010470681.1, XP_010415346.1
OG0006376	As009G203630	XP_010420499.1, XP_010492730.1, XP_010453971.1
OG0006377	As009G203760	XP_010453985.1, XP_010420511.1, XP_010492748.1
OG0006378	As009G204460	XP_010420633.1, XP_010454110.1, XP_010492873.1
OG0006379	As009G209250	XP_010442259.1, XP_010493659.1, XP_010482087.1
OG0006380	As012G275740	XP_019082466.1, XP_010503948.1, XP_010426826.1
OG0006381	As009G211760	XP_010452610.1, XP_010491248.1
OG0006382	As009G212580	XP_010452532.1, XP_010491161.1, XP_010423383.1
OG0006383	As009G212610	XP_010495084.1, XP_010452527.1, XP_010424762.1
OG0006384	As009G212720	XP_010491145.1, XP_010452508.1, XP_019084497.1
OG0006385	As009G214490	XP_010419559.1, XP_010426760.1, XP_010456308.1, XP_010496904.1, XP_010463255.1, XP_010501873.1, XP_010501872.1, XP_010480997.1
OG0006386	As009G215270	XP_010456709.1, XP_010421407.1, XP_010493808.1
OG0006387	As009G215350	XP_010421385.1, XP_010454859.1, XP_010493788.1
OG0006388	As009G215970	XP_010427187.1, XP_010516014.1, XP_010504292.2
OG0006389	As009G216260	XP_010493609.1, XP_010454765.1, XP_019083930.1
OG0006390	As009G216410	XP_010454717.1, XP_010493566.1, XP_019084242.1, XP_010421240.1
OG0006391	As009G216650	XP_010440511.1
OG0006392	As009G216790	XP_019090677.1, XP_010421191.1, XP_010493504.1
OG0006393	As009G216840	XP_019098006.1, XP_010454668.1, XP_010454667.1, XP_010421187.1, XP_010421188.1, XP_010493502.1
OG0006394	As009G217730	XP_010443921.1, XP_010483766.1, XP_010456933.1
OG0006395	As009G218220	XP_010483843.1, XP_010443985.1, XP_010457560.1
OG0006396	As009G218480	XP_010444030.1, XP_019093454.1, XP_010483886.1
OG0006397	As009G218620	XP_010458310.1, XP_010483929.1, XP_010444068.1
OG0006398	As009G218710	XP_010458428.1, XP_019095491.1, XP_010444057.1
OG0006399	As009G218820	XP_010458832.1, XP_010483947.1, XP_010444080.1
OG0006400	As009G219050	XP_010444109.1, XP_010459092.1, XP_010485287.1
OG0006401	As009G219210	XP_010459346.1, XP_010444137.1, XP_010483994.1
OG0006402	As009G219220	XP_010459356.1, XP_010444135.1, XP_010483995.1
OG0006403	As009G219630	XP_019088187.1, XP_010454179.1, XP_010454156.1, XP_010483474.1, XP_010443614.1
OG0006404	As009G219980	XP_010453676.1, XP_010483436.1, XP_010443567.1
OG0006405	As010G220440	XP_010515503.1, XP_010503798.1, XP_010426654.1
OG0006407	As010G220540	XP_010426643.1, XP_010503776.1, XP_010515482.1
OG0006408	As010G221460	XP_010515342.1, XP_010426505.1, XP_010503645.1
OG0006409	As010G222440	XP_010426374.1, XP_010515195.1, XP_010503516.1
OG0006410	As010G223260	XP_010503410.1, XP_010426265.1, XP_010515107.1
OG0006411	As010G225240	XP_010425974.1, XP_010514883.1
OG0006412	As010G225310	XP_010511833.1, XP_010470793.1, XP_010415461.1
OG0006413	As010G225700	XP_019098373.1, XP_010497093.1, XP_010425936.1, XP_010514838.1, XP_010503156.1
OG0006414	As010G227660	XP_019083230.1, XP_019101605.1, XP_019083229.1, XP_019093016.1
OG0006415	As010G227860	XP_010499172.1, XP_019098541.1, XP_010478016.1, XP_019091669.1, XP_019098597.1
OG0006416	As010G228720	XP_010511745.1, XP_010470712.1, XP_010415373.1, XP_010415372.1
OG0006417	As010G231690	XP_010511907.1, XP_010470842.1, XP_010415511.1
OG0006418	As010G232090	XP_010489764.1, XP_010415540.1, XP_010511938.1, XP_010470886.1, XP_010470887.1
OG0006419	As010G232690	XP_010512005.1, XP_010470955.1, XP_010415616.1
OG0006420	As010G232840	XP_010415638.1, XP_010470979.1, XP_010512033.1
OG0006422	As010G233440	XP_010496542.1, XP_019090998.1, XP_010476552.1
OG0006424	As010G234760	XP_019083300.1, XP_010428042.1, XP_010471208.1
OG0006425	As010G234850	XP_010474287.2, XP_010471223.1, XP_010415922.1, XP_010428054.1
OG0006426	As010G235020	XP_010491736.1
OG0006427	As010G235090	XP_010414840.1, XP_010471240.1, XP_010428085.1
OG0006428	As010G235280	XP_019093569.1, XP_019082882.1, XP_019085762.1
OG0006429	As010G235680	XP_010428860.1, XP_010416731.1, XP_010471972.1
OG0006430	As010G235710	XP_010428855.1, XP_010471967.1, XP_010416728.1
OG0006431	As010G236280	XP_010471904.1, XP_010416646.1, XP_010428786.1, XP_019095070.1
OG0006432	As010G237930	XP_010416447.1, XP_010428583.1, XP_010471671.1
OG0006433	As010G238220	XP_010428551.1, XP_010416412.1, XP_010471642.1
OG0006434	As010G238720	XP_010416341.1, XP_010471574.1, XP_010428475.1, XP_019093350.1, XP_010471575.1
OG0006435	As010G239820	XP_010428309.1, XP_010416192.1, XP_010471440.1
OG0006436	As010G240500	XP_010474308.1, XP_010419176.1, XP_010497157.1, XP_010428228.1, XP_019098580.1
OG0006437	As010G241220	XP_010471281.1, XP_010416007.1, XP_010428142.1
OG0006438	As010G242400	XP_010472741.1, XP_010429771.1, XP_010417518.1
OG0006439	As010G242540	XP_019093681.1, XP_010417537.1, XP_019085719.1, XP_010429787.1, XP_010417538.1
OG0006440	As010G242760	XP_010429820.1, XP_010472791.1, XP_010417602.1
OG0006441	As010G243550	XP_010429934.1, XP_010472903.1, XP_010417687.1
OG0006442	As011G244710	XP_010487012.1, XP_010465065.1
OG0006443	As011G246180	XP_010465298.1, XP_010487201.1, XP_010501663.1
OG0006444	As012G269830, As011G247090	XP_010462210.1, XP_010479885.1, XP_010500969.1
OG0006445	As011G247610	XP_010502990.1, XP_010487371.1, XP_010465515.1
OG0006446	As011G247760	XP_010487383.1, XP_010503149.1, XP_010465526.1
OG0006447	As011G248040	XP_010503522.1, XP_010487426.1, XP_010465577.1
OG0006448	As011G248340	XP_010465628.1, XP_010503915.1, XP_010487466.1
OG0006449	As011G249260	XP_010487581.1, XP_010504970.1, XP_010465737.2
OG0006450	As011G249430, As012G276940	XP_010503568.1, XP_010426425.1, XP_010515264.1
OG0006451	As011G249520	XP_010465791.1, XP_019097039.1, XP_010505336.1
OG0006452	As011G249570	XP_010465796.1, XP_010487634.1, XP_010505235.1, XP_010487636.1
OG0006454	As011G249680	XP_010465812.1, XP_010487650.1, XP_010505618.1
OG0006455	As011G249820	XP_019096688.1, XP_010465834.1, XP_010505844.1
OG0006456	As011G249900	XP_010505998.1, XP_010465843.1, XP_010487681.1
OG0006457	As011G249930, As012G273690	XP_019102419.1, XP_010506030.1, XP_010487684.1, XP_010465847.1
OG0006458	As011G249960	XP_010506097.1, XP_010465853.1, XP_010487691.1
OG0006459	As011G250050	XP_010465873.1, XP_010487711.1, XP_010506251.1
OG0006460	As011G250220	XP_010495891.1, XP_010435014.1, XP_010440342.1
OG0006461	As011G250300	XP_010487735.1, XP_010465905.1, XP_010506551.1
OG0006462	As011G250490	XP_010465943.1, XP_010487769.1, XP_010506901.1
OG0006463	As011G250920	XP_010507153.1, XP_010465994.1, XP_019096227.1
OG0006464	As011G250950	XP_010507195.1, XP_010465998.1, XP_010487804.1
OG0006465	As011G251630	XP_010507799.1, XP_010487901.1, XP_010466107.1
OG0006466	As011G252140	XP_010508366.1, XP_010466177.1, XP_010487965.1
OG0006467	As011G252600	XP_010488011.1, XP_010508804.1, XP_010466221.1
OG0006468	As011G253000, As011G252990	XP_010488061.1, XP_010509263.1, XP_010466278.1
OG0006469	As011G253080	XP_010466290.1, XP_010488069.1, XP_010509390.1
OG0006470	As011G253170	XP_010509514.1, XP_010466302.1, XP_010488080.1
OG0006471	As011G253390	XP_010466403.1, XP_010488169.1, XP_010510360.1
OG0006472	As011G254260	XP_010511146.1, XP_010488245.1, XP_010466500.1
OG0006473	As011G254330	XP_010511278.1, XP_019098765.1, XP_010488260.1, XP_010466517.1
OG0006474	As011G254730	XP_010511710.1, XP_010466571.1, XP_010488313.1
OG0006475	As011G254800	XP_010466582.1, XP_010488321.1, XP_010511844.1
OG0006476	As011G255180	XP_010488367.1, XP_010466636.1, XP_010512170.1
OG0006477	As011G255220	XP_010512193.1, XP_010466639.1, XP_010488372.1, XP_010488371.1
OG0006478	As011G255430	XP_010512570.1, XP_010466700.1, XP_010488424.1
OG0006479	As011G256270	XP_010488514.1, XP_010513313.1, XP_010466806.1
OG0006480	As011G258950	XP_010488701.1, XP_010467009.1, XP_010422778.1
OG0006481	As011G262730	XP_010518178.1, XP_010467300.1, XP_010488960.1
OG0006482	As011G264260	XP_010515386.1, XP_010467481.1, XP_010489349.1
OG0006483	As011G264540	XP_010514797.1, XP_010467536.1, XP_010489390.1
OG0006484	As011G264810	XP_010489421.1, XP_010413410.1, XP_010467581.1
OG0006485	As011G265110	XP_010489576.1, XP_010489573.1, XP_010489575.1, XP_010414521.1, XP_010467695.1
OG0006486	As011G265320	XP_019092051.1, XP_019092054.1, XP_019097127.1, XP_019092057.1, XP_019084616.1
OG0006487	As011G265450	XP_019090802.1, XP_019096546.1, XP_019092377.1
OG0006488	As011G266100	XP_010489480.1, XP_019092395.1, XP_010415368.1
OG0006489	As011G266150	XP_010415414.1, XP_010489494.1, XP_010467895.1
OG0006490	As011G267150	XP_010489031.1, XP_010415642.1, XP_010467812.1
OG0006491	As011G267230	XP_010415463.1, XP_010467792.1
OG0006492	As012G268100	XP_010480126.1, XP_010501196.1, XP_010462436.1
OG0006493	As012G268150	XP_010501195.1, XP_010457485.1, XP_010480119.1
OG0006494	As012G268640	XP_010501145.1, XP_010462381.1, XP_010480069.1
OG0006495	As012G269050	XP_010480015.1, XP_010501094.1, XP_010462331.1
OG0006496	As012G269140	XP_010443133.1, XP_010449845.1, XP_010462320.1, XP_019099529.1, XP_010479999.1, XP_010482942.1
OG0006497	As012G269160	XP_010501081.1, XP_010501080.1, XP_010462318.1, XP_010479997.1
OG0006498	As012G269760	XP_010462233.1, XP_010479900.1, XP_010500987.1
OG0006499	As012G269810	XP_010479887.1, XP_010462214.1, XP_010500973.1
OG0006500	As012G270930	XP_010500806.1, XP_010479713.1, XP_010462050.1
OG0006501	As012G271050	XP_010500789.1, XP_010462034.1, XP_010479697.1
OG0006503	As012G271890	XP_010461970.1, XP_010500717.1, XP_010479624.1
OG0006504	As012G272200	XP_010461894.1, XP_010479498.1, XP_010500605.1
OG0006505	As012G272590	XP_019091312.1, XP_010500537.1, XP_010479427.1
OG0006506	As012G272720	XP_010479453.1, XP_010500511.1, XP_010461809.1
OG0006507	As012G274130	XP_010461602.1, XP_010479213.1, XP_010500314.1
OG0006508	As012G274360	XP_010434878.1, XP_010440200.1
OG0006509	As012G275160	XP_010509730.1, XP_010516611.1, XP_010504928.1
OG0006510	As012G275210	XP_010509732.1, XP_010516609.1, XP_010504926.1
OG0006511	As012G275270	XP_010504919.1, XP_010516602.1, XP_010509738.1
OG0006512	As012G275290	XP_010513055.1, XP_010507537.1, XP_010516601.1
OG0006513	As012G275660	XP_010503926.1, XP_010515657.1, XP_010426806.1
OG0006514	As012G275700	XP_010515662.1, XP_010503936.1, XP_010426817.1
OG0006515	As012G280650	XP_010504309.1, XP_019100340.1, XP_019099721.1, XP_010427205.1
OG0006517	As012G281920, As012G281910, As012G281900	XP_010504399.1, XP_010516114.1, XP_010427316.1
OG0006518	As012G282380	XP_010516179.1, XP_010427390.1, XP_010504461.1
OG0006519	As012G282850	XP_010427453.1, XP_010516244.1, XP_010504541.1
OG0006520	As012G283040	XP_010412803.2, XP_010504565.1, XP_010427491.1
OG0006521	As012G283810	XP_010427597.1, XP_010516341.1, XP_010504653.1
OG0006522	As012G285020	XP_010427780.1, XP_010504832.1, XP_010516521.1
OG0006523	As012G286080	XP_010512321.1
OG0006524	As012G286790	XP_019093599.1, XP_010413530.1
OG0006526	As012G287740	XP_010413353.1, XP_010469018.1
OG0006528	As012G288830, As012G288820	XP_010413212.1, XP_010512696.1
OG0006529	As012G289090	XP_010468873.1, XP_010473750.1, XP_019082826.1, XP_010512732.1
OG0006530	As012G289100	XP_010413182.1, XP_010468871.1, XP_010512733.1
OG0006531	As012G289390	XP_010512766.1, XP_019082805.1, XP_019093787.1
OG0006570	As001G000410	XP_010447969.1, XP_019087322.1, XP_010433207.1
OG0006571	As001G000540	XP_010438418.1, XP_010433196.1, XP_010447949.1
OG0006572	As001G000600	XP_010438406.1, XP_010438404.1, XP_010438405.1
OG0006573	As001G000660	XP_010433169.1, XP_010438390.1, XP_010447922.1
OG0006574	As001G001050	XP_010433124.1, XP_010447878.1, XP_010438326.1
OG0006575	As001G001070	XP_010438321.1, XP_010447876.1, XP_010433117.1
OG0006576	As001G001440	XP_010438280.1, XP_010433075.1, XP_010447826.1
OG0006577	As001G001830	XP_010447790.1, XP_010438241.1, XP_010436337.1
OG0006578	As001G002150	XP_010493633.1, XP_010442238.1, XP_019093197.1
OG0006579	As001G002480	XP_010438176.1, XP_010432984.1, XP_010436325.1, XP_010447715.1
OG0006580	As001G003400	XP_010436315.1, XP_010445037.2, XP_010447613.1
OG0006581	As001G003550	XP_010447583.1, XP_010438053.1, XP_010432876.1
OG0006582	As001G003720	XP_010447556.1, XP_010432864.1, XP_019088837.1
OG0006583	As001G004460	XP_010447459.1, XP_010437971.1, XP_010432788.1
OG0006584	As001G004680	XP_010447420.1, XP_010432753.1, XP_010437936.1
OG0006585	As001G005280	XP_010447370.1, XP_010432694.1, XP_010437889.1
OG0006586	As001G006560, As007G155190	XP_010459517.1, XP_010498285.1, XP_010477073.1
OG0006587	As001G006590	XP_010437871.1, XP_010447356.1, XP_010432678.1, XP_010432680.1
OG0006589	As001G012220	XP_010432518.1, XP_019089284.1, XP_010437724.1
OG0006590	As001G012600	XP_010432498.1, XP_010437703.1, XP_010447177.1
OG0006592	As001G014380	XP_010447046.1, XP_010437576.1, XP_010432388.1
OG0006593	As001G014570	XP_010452112.1
OG0006594	As001G014780	XP_010467396.1, XP_010437545.1, XP_010447014.1, XP_010432360.1
OG0006595	As001G014790	XP_010437544.1, XP_010447013.1, XP_010432359.1
OG0006596	As001G014890	XP_010437520.1, XP_010432333.1, XP_010446977.1
OG0006597	As001G015510	XP_010437501.1, XP_010432310.1, XP_010446961.1
OG0006598	As001G015690	XP_010478546.1, XP_010460922.1, XP_010499655.1
OG0006599	As001G016970	XP_010478666.1, XP_010461068.1, XP_010499794.1
OG0006600	As001G017270	XP_010434720.1, XP_010449668.1, XP_010440058.1
OG0006601	As001G017490	XP_019088407.1, XP_010449709.1, XP_010434762.1
OG0006602	As001G017500	XP_010434764.1, XP_010449712.1, XP_010440096.1
OG0006603	As001G017750	XP_010440122.1, XP_010434790.1, XP_010449738.1, XP_010451026.1, XP_010444942.1
OG0006604	As001G018080	XP_010516779.1, XP_010505095.1, XP_010509564.1
OG0006605	As001G018550	XP_010414917.1, XP_010511209.1
OG0006606	As008G188090, As001G019370	XP_010475807.1, XP_010490233.1, XP_010458263.1
OG0006607	As001G020130	XP_010511036.1, XP_010470221.1, XP_010414701.1
OG0006608	As001G020480	XP_010491337.1, XP_010458399.1, XP_010475917.1
OG0006609	As001G021440	XP_010474562.1, XP_010418057.2, XP_010430099.2
OG0006610	As008G186060	XP_010458534.1, XP_010492735.1, XP_010476059.1
OG0006611	As008G186020, As001G021810	XP_010458542.1, XP_010476063.1, XP_010492816.1
OG0006612	As008G185620, As001G022110	XP_010493260.1, XP_010476108.1, XP_010458582.1
OG0006613	As001G022290	XP_010496835.1, XP_010476589.1, XP_010459031.1
OG0006614	As001G022360	XP_010424857.1, XP_010502086.1, XP_010513837.1
OG0006615	As001G022520	XP_019102158.1, XP_010424910.1, XP_010502117.1
OG0006616	As001G022850	XP_010513900.1, XP_010424945.1, XP_010502152.1
OG0006617	As001G023830	XP_010514069.1, XP_010502310.1, XP_010425075.1
OG0006618	As001G024100, As008G183520	XP_010476415.1, XP_010495630.1, XP_010458850.1
OG0006619	As001G024260	XP_010458838.1, XP_010495560.1, XP_010476399.1
OG0006620	As001G024470	XP_010502419.1, XP_010514162.1, XP_010425190.1
OG0006621	As001G024660	XP_010502442.1, XP_010502443.1, XP_010425215.1, XP_010514181.2
OG0006622	As001G024870	XP_010425245.1, XP_010514213.1, XP_010502472.1
OG0006623	As001G025300	XP_010514286.1, XP_010502550.1, XP_010425342.1
OG0006624	As001G025340	XP_010425338.1, XP_010514282.1, XP_010502558.1
OG0006625	As001G025580	XP_010502608.1, XP_010514330.1, XP_010425388.1
OG0006626	As001G025610	XP_010514335.1, XP_010425392.1, XP_010502613.1
OG0006627	As001G025870	XP_010514376.1, XP_010425433.1, XP_010502656.1
OG0006628	As001G025920	XP_010514386.1, XP_010507024.1, XP_010425440.1
OG0006629	As001G026460	XP_010514460.1, XP_010425530.1, XP_010502761.1
OG0006630	As001G026510	XP_010502763.1, XP_010425532.1, XP_010514463.1
OG0006631	As001G026870	XP_010425587.1, XP_010514517.1, XP_010502811.1
OG0006632	As001G027140	XP_010502855.2, XP_010514563.1, XP_010425637.1
OG0006633	As001G027240	XP_010514584.1, XP_010502944.1
OG0006634	As001G027600	XP_010502927.1, XP_010495862.1, XP_010425708.1
OG0006635	As002G046370, As001G028960	XP_010448366.1, XP_010482866.1
OG0006636	As001G029710	XP_010511387.1, XP_010414821.1, XP_010470381.1
OG0006637	As001G029720	XP_010496195.1, XP_010414826.1, XP_010513506.1
OG0006638	As001G029760	XP_010425828.1, XP_010514734.1, XP_019099840.1, XP_010496612.1, XP_010496194.1, XP_010414829.1
OG0006639	As001G029950	XP_010470322.1, XP_010418908.2, XP_010496623.1, XP_010467891.1, XP_010415349.1
OG0006640	As001G029990	XP_010443918.1, XP_010483762.1, XP_010456922.1
OG0006641	As001G030110	XP_010511379.1, XP_010414785.1
OG0006642	As001G030210	XP_010441394.1, XP_010436171.1, XP_010447108.1
OG0006643	As001G030270	XP_010446887.1, XP_010441373.1, XP_019086826.1
OG0006644	As001G030990	XP_010418436.1, XP_010473642.1, XP_010430510.1, XP_019082763.1
OG0006645	As001G031490	XP_010473560.1, XP_010430413.1, XP_010418347.1
OG0006646	As001G031640	XP_010430381.1, XP_010473532.1, XP_010473533.1, XP_010418311.1
OG0006647	As002G033810	XP_010508825.1, XP_010505815.1, XP_010517506.1
OG0006648	As002G033930	XP_010468791.1, XP_010464542.1, XP_010486467.1
OG0006649	As002G033980	XP_010464546.1, XP_010486469.1, XP_010469113.1
OG0006650	As003G071750, As003G071770, As002G034130	XP_010432276.1, XP_010446919.1, XP_010437463.1
OG0006651	As002G034160	XP_010486493.1, XP_010464569.1, XP_010471173.1
OG0006652	As005G108050	XP_010490784.1, XP_010423753.1, XP_010452175.1
OG0006653	As002G035210	XP_010480164.1, XP_010464664.1, XP_010486586.1
OG0006654	As002G036010	XP_010464735.1, XP_010486188.1, XP_019096825.1, XP_010414858.1
OG0006655	As009G214000, As002G036340	XP_010464753.1, XP_010493046.1, XP_010486691.1
OG0006656	As002G036500	XP_010490417.1, XP_010464783.1
OG0006657	As002G036660	XP_019096694.1, XP_010486727.1, XP_010489429.1, XP_010464800.1, XP_019096690.1
OG0006658	As002G036670	XP_010486746.1, XP_010464795.1, XP_010489790.1, XP_019096693.1
OG0006659	As002G037230	XP_010464847.1, XP_010495790.1
OG0006660	As002G037480	XP_010464907.1, XP_010497776.1
OG0006661	As002G037560	XP_010486840.1, XP_010498028.1, XP_010464898.1
OG0006662	As002G037690, As002G037660	XP_010464886.1, XP_010498135.1, XP_010486844.1
OG0006663	As002G038360, As002G038470	XP_010498482.1, XP_010486896.1, XP_010464957.1
OG0006664	As002G038680	XP_010498621.1, XP_010464969.1, XP_010486905.1
OG0006665	As002G039060	XP_010486967.1, XP_010465016.1, XP_010499035.1
OG0006666	As002G040680	XP_010442472.1, XP_010482294.1, XP_010441321.1
OG0006667	As002G041760	XP_010493096.1, XP_010420834.1, XP_010454297.1
OG0006668	As002G042490, As007G164030	XP_010448493.1, XP_019086908.1, XP_010438944.1
OG0006669	As002G042890	XP_010442591.1, XP_010426308.1, XP_010482439.1
OG0006670	As002G043320	XP_010443032.1, XP_019087921.1, XP_010482465.2
OG0006671	As002G044250	XP_010444841.1, XP_010442769.1, XP_010482604.1
OG0006672	As002G044320, As007G164900	XP_010442782.1, XP_010485083.1, XP_010444984.1
OG0006673	As002G044890	XP_010482696.1, XP_010445566.1, XP_010442869.1
OG0006674	As002G044900	XP_010442867.1, XP_010482695.1, XP_010445549.1
OG0006675	As002G045140	XP_010442900.1, XP_010445768.1, XP_010482729.1, XP_010445765.1
OG0006676	As002G045430	XP_010482825.1, XP_010442992.1, XP_019091606.1
OG0006677	As002G045750	XP_010442954.1, XP_010482787.1, XP_010446117.1
OG0006678	As002G046180	XP_010448160.1, XP_010443017.1, XP_010482851.1
OG0006679	As002G046240	XP_010448201.1, XP_019086799.1, XP_010439273.1, XP_010448823.1, XP_010443021.1
OG0006680	As002G046340	XP_010448336.1, XP_010482863.1, XP_010443034.1
OG0006681	As002G046420	XP_010448462.1, XP_010482872.1, XP_010443044.1
OG0006682	As002G046760	XP_019091985.1, XP_019095638.1, XP_019088568.1
OG0006683	As002G046950, As002G046930	XP_010412956.2, XP_019100737.1, XP_010497329.1, XP_010505695.1, XP_019101088.1, XP_019091466.1, XP_010464635.1
OG0006684	As002G047510	XP_010497131.1, XP_010485145.1, XP_010450108.2
OG0006685	As002G048030	XP_010443277.1, XP_010483100.1, XP_010450884.1
OG0006686	As002G048230	XP_010451259.1, XP_010483131.1, XP_010443306.1
OG0006687	As002G048860	XP_019096010.1, XP_010443388.1, XP_019092473.1
OG0006688	As002G048980	XP_010451918.1, XP_010483231.1, XP_010443406.1
OG0006689	As002G049180	XP_010452159.1, XP_010443436.1, XP_010483271.1
OG0006691	As002G050140	XP_010482033.1, XP_010438960.1, XP_019087790.1
OG0006692	As002G050670	XP_010419860.1, XP_019090197.1, XP_019097792.1
OG0006693	As002G050730	XP_010492028.1, XP_010419852.1, XP_010453345.1
OG0006694	As002G050820	XP_010419837.1, XP_010492008.1, XP_010453325.1
OG0006695	As002G050860	XP_010492000.1, XP_010419832.1, XP_010453317.1
OG0006696	As002G052620	XP_010422827.1, XP_010491734.1, XP_010453093.1
OG0006697	As005G118560, As002G052780	XP_010453075.1, XP_010422836.1, XP_010491720.1
OG0006698	As002G053150	XP_010453040.1, XP_010422883.1, XP_010491670.1
OG0006699	As002G053210	XP_010453031.1, XP_010422893.1, XP_010491663.1
OG0006700	As002G053480	XP_010491628.1, XP_010452986.1, XP_010422933.1
OG0006701	As002G053890	XP_010444342.1, XP_010461427.1, XP_010484184.1
OG0006703	As002G054280	XP_010459420.1, XP_010423066.1, XP_010452860.2, XP_010491494.1
OG0006704	As002G054510	XP_010452823.1, XP_010423100.1, XP_019097306.1, XP_019090260.1
OG0006705	As002G054610	XP_010423115.1, XP_010452811.1, XP_010491455.1
OG0006706	As002G054800	XP_010423141.1, XP_010452779.1
OG0006707	As002G055120	XP_010423180.1, XP_010491386.1, XP_010452733.1
OG0006708	As003G055630	XP_010434701.1, XP_010440036.1, XP_010449649.1
OG0006709	As003G055670	XP_010440027.1, XP_010449638.1, XP_010434685.1
OG0006710	As004G079890, As003G055990	XP_010449587.1, XP_010439977.1, XP_010434636.1
OG0006711	As003G056030	XP_019088963.1, XP_010434632.1, XP_010439966.1
OG0006712	As003G056400	XP_010434587.1, XP_010439916.1, XP_010449518.1
OG0006713	As003G056430	XP_010439910.1, XP_010449512.1, XP_010434584.1
OG0006714	As003G056600	XP_010439885.1, XP_010517568.1, XP_010434562.1
OG0006715	As003G056970	XP_010434523.1, XP_010439843.1, XP_010496234.1
OG0006716	As003G057430	XP_010439782.1, XP_010449431.1, XP_010434473.1
OG0006717	As003G057670	XP_010434433.1, XP_010449375.1, XP_010439737.1
OG0006718	As003G057930	XP_010434374.1, XP_010449317.1, XP_010439668.1
OG0006719	As003G057980	XP_010439663.1, XP_010434369.1, XP_010449310.1
OG0006720	As004G087180, As003G058180	XP_010481705.1, XP_010441824.1, XP_010494533.1
OG0006721	As003G058470, As004G087010	XP_010449208.1, XP_010445250.1, XP_010434307.1
OG0006722	As003G058530	XP_010434294.1, XP_019087002.1, XP_010449188.1
OG0006723	As003G058790	XP_010434693.1
OG0006724	As003G059470	XP_010434178.1, XP_010449059.1, XP_010439474.1
OG0006725	As003G059760	XP_010439432.1, XP_010449013.1, XP_010434135.1
OG0006726	As003G059940	XP_010434114.1, XP_010439414.1, XP_010448983.1
OG0006727	As003G060610	XP_010448862.1, XP_019086797.1, XP_010439307.1
OG0006728	As003G061480	XP_010433902.1, XP_010448702.1, XP_010439169.1
OG0006729	As003G061520	XP_010448699.1, XP_010439166.1, XP_010436421.2
OG0006730	As003G061700	XP_010439151.1
OG0006731	As003G061870	XP_010448659.1
OG0006732	As003G061910	XP_010448653.1, XP_010433858.1, XP_010439131.1
OG0006733	As004G084060, As003G062050	XP_010448630.1, XP_010439105.1, XP_010433831.1
OG0006734	As003G062070	XP_010433829.1, XP_010448626.1, XP_019087891.1
OG0006735	As003G062100	XP_010433823.1, XP_010448622.1, XP_010439097.1
OG0006736	As003G062230	XP_010448606.1, XP_010439082.1, XP_010433811.1
OG0006737	As003G062270	XP_010448604.1, XP_010436409.2, XP_010439079.1
OG0006738	As003G062960	XP_010499920.1, XP_010461203.1, XP_019094723.1
OG0006739	As003G063990	XP_010461335.1, XP_010500052.1, XP_010478957.1
OG0006740	As003G064520	XP_010459446.1, XP_010477011.1, XP_010498221.1
OG0006741	As003G064610	XP_010500134.1, XP_010461434.1
OG0006742	As003G064760	XP_019094322.1, XP_010500118.1, XP_010461428.1, XP_010479666.1
OG0006743	As003G065070	XP_010459045.1, XP_010496939.1, XP_010476603.1
OG0006744	As003G065480	XP_019099419.1, XP_010461559.1
OG0006745	As003G065830	XP_010500248.1, XP_010461524.1, XP_010479125.1
OG0006746	As003G066870	XP_010478140.1, XP_010460555.1, XP_010499281.1
OG0006747	As003G067040, As008G191580	XP_010475521.1, XP_010487723.1, XP_010457948.1
OG0006748	As003G067370	XP_010448596.1, XP_010439072.1, XP_010436408.1
OG0006749	As004G082010, As003G067930	XP_019094457.1, XP_010460532.1, XP_010478123.1, XP_010499265.1
OG0006750	As003G068020, As004G082250	XP_010479103.1, XP_010461502.1, XP_010500209.1
OG0006751	As003G068280	XP_019094999.1, XP_010499271.1, XP_010460540.1
OG0006752	As003G068710, As011G266700	XP_010514578.1, XP_010502936.1, XP_010456595.1
OG0006753	As003G069180	XP_010499381.1, XP_010460648.1, XP_010478226.1
OG0006754	As003G069720	XP_010499432.1, XP_010460685.1, XP_010478271.1
OG0006755	As003G069780	XP_019099262.1, XP_010478274.1, XP_010460687.1
OG0006756	As003G069810	XP_010478279.1, XP_010460693.1, XP_010499436.1
OG0006757	As003G069950	XP_010499448.1, XP_010478293.1, XP_010460709.1
OG0006758	As003G070240	XP_010462979.1, XP_010478347.1, XP_010499494.1
OG0006759	As003G070660	XP_010460784.1, XP_010478378.1, XP_010499522.1
OG0006760	As003G070850	XP_010499559.1, XP_010478415.1, XP_010462990.1
OG0006761	As012G275100, As003G071050	XP_010460835.1, XP_010478432.1
OG0006762	As003G071270	XP_010460878.1, XP_010478504.1, XP_010478503.1, XP_010460877.1, XP_010499613.1
OG0006763	As003G071560	XP_019099315.1, XP_010478529.1, XP_010460904.1
OG0006764	As003G072010	XP_010432239.1, XP_010446888.1, XP_010437437.1
OG0006765	As003G072480	XP_010432189.1, XP_010437364.1, XP_010446813.1
OG0006766	As003G072800	XP_010446770.1, XP_010432159.1, XP_010437327.1
OG0006767	As003G072930	XP_010432144.1, XP_010446753.1, XP_010437315.1
OG0006768	As003G073330	XP_010446699.1, XP_010432091.1, XP_010437262.1
OG0006769	As003G073410	XP_019088980.1, XP_010432080.1, XP_019087206.1
OG0006770	As003G073900	XP_010446645.1, XP_010437205.1, XP_019086186.1, XP_019086134.1
OG0006771	As003G073960	XP_010432041.2, XP_010437194.1, XP_010446638.1
OG0006772	As003G074150, As003G074170, As003G074160	XP_019088995.1, XP_010437177.2
OG0006774	As007G180490	XP_010416969.1, XP_010429129.1
OG0006775	As007G181790, As003G075940	XP_019083447.1, XP_010429025.1, XP_010472106.1
OG0006776	As003G075980, As007G181820, As007G181830	XP_010446403.1, XP_010436984.1, XP_010431838.1
OG0006777	As003G076210	XP_010431803.1, XP_010446371.1, XP_010436960.1
OG0006778	As003G076560	XP_010446354.1, XP_010436942.1, XP_010431781.1
OG0006779	As004G076800	XP_019094773.1, XP_019099443.1, XP_019091666.1
OG0006780	As004G077780	XP_010440953.1
OG0006781	As004G079510	XP_010509613.1, XP_019102469.1, XP_010505054.1
OG0006782	As004G080490	XP_010436279.1, XP_010455297.1, XP_010421799.1, XP_010436235.1
OG0006783	As004G080960, As004G080980	XP_010500121.1, XP_010461418.1, XP_010479026.1
OG0006784	As004G081170	XP_010509784.1, XP_010469385.1, XP_010413767.1
OG0006785	As004G081470	XP_010509831.1, XP_010469425.1, XP_010413807.1
OG0006786	As004G082220	XP_010494248.1, XP_010442107.1, XP_010481931.1
OG0006787	As004G082270	XP_019096095.1, XP_010442114.1, XP_010494242.1
OG0006788	As004G082580	XP_010442173.1, XP_010481981.1, XP_010494188.1
OG0006789	As004G083030	XP_010463715.1, XP_019097115.1, XP_010502238.1
OG0006791	As004G084410	XP_010469100.1, XP_010435214.1, XP_010422073.1, XP_019090565.1
OG0006792	As004G084610	XP_010422117.1, XP_010455571.1, XP_010434710.1
OG0006793	As004G084680	XP_019090142.1, XP_010422124.1, XP_019090141.1
OG0006794	As004G084690	XP_010468717.1, XP_010422127.1
OG0006795	As004G084750	XP_010455597.1, XP_010434116.1, XP_010422136.1
OG0006796	As004G084970	XP_010422176.1, XP_010455641.1, XP_010433787.1
OG0006797	As004G085670	XP_010496364.1, XP_010432779.1, XP_010455730.1
OG0006799	As004G086480	XP_010422444.1, XP_010455878.1, XP_010431247.1
OG0006800	As004G086550	XP_010481749.1, XP_010494446.1, XP_010441897.1
OG0006801	As004G086740	XP_019095736.1, XP_010441877.1, XP_010494482.1
OG0006802	As004G087410	XP_010448105.1, XP_010433342.1, XP_019088527.1
OG0006803	As004G088300	XP_010494735.1, XP_010441664.1
OG0006804	As004G088620	XP_010441627.1, XP_010494776.1, XP_010481497.1
OG0006805	As004G089090	XP_010441563.1, XP_010494842.1, XP_010481433.1
OG0006806	As004G089140	XP_010441557.1, XP_010481424.1, XP_010494851.1
OG0006807	As004G089200	XP_010481420.1, XP_010441553.1, XP_010495772.1
OG0006809	As004G089480	XP_010441525.1, XP_010481402.1, XP_010494879.1
OG0006810	As004G089660	XP_010494916.1, XP_010481379.1
OG0006811	As006G147080, As004G089740	XP_010517081.1, XP_010505409.1, XP_010509239.1
OG0006812	As004G090250	XP_010441435.1, XP_010481302.1, XP_010494998.1
OG0006813	As004G090510	XP_010495015.1, XP_010481274.1, XP_010441406.1, XP_010496992.2
OG0006814	As004G092230	XP_019092381.1
OG0006815	As011G258230	XP_010488669.1, XP_010466984.1, XP_010466987.1, XP_010514349.1, XP_019098773.1
OG0006816	As011G257610, As004G093430	XP_010513952.1, XP_010488624.1, XP_010466934.1
OG0006817	As004G093730	XP_010466895.1, XP_019083498.1, XP_010488575.1
OG0006818	As004G093800	XP_010440670.1, XP_010435297.1, XP_010450312.1
OG0006819	As004G095140	XP_010440530.1, XP_010435190.1
OG0006820	As011G254890	XP_010488329.1, XP_010466589.1, XP_010511929.1
OG0006821	As004G095880	XP_010440393.1, XP_010435070.1, XP_019089594.1, XP_010502247.1
OG0006822	As004G095960	XP_010440385.1, XP_010449984.1, XP_010435061.1
OG0006823	As004G096490	XP_010449936.1, XP_010440309.1, XP_010434983.1
OG0006824	As004G096570	XP_010468794.1
OG0006825	As004G096660	XP_019088831.1, XP_010449926.2, XP_010434948.1
OG0006826	As004G097580	XP_010436010.1, XP_010441231.1, XP_010450626.1
OG0006827	As004G097700	XP_010441243.1, XP_010450609.1, XP_010436021.1
OG0006828	As004G098440	XP_010441386.1, XP_010436167.1, XP_010447060.1
OG0006829	As004G098480	XP_010436170.1, XP_010441392.1, XP_010447083.1
OG0006830	As005G098620	XP_010507815.1, XP_010497142.1
OG0006831	As012G288890, As005G098650	XP_010512797.1
OG0006832	As005G099380	XP_010461167.1, XP_010478764.1, XP_010499887.1
OG0006833	As005G099490	XP_019082441.1, XP_010506778.1, XP_019101137.1
OG0006834	As005G100190	XP_019102457.1, XP_019101320.1, XP_019100434.1
OG0006835	As005G100210	XP_010507967.1, XP_010506698.1, XP_010518362.1
OG0006836	As005G100340	XP_010518345.1, XP_010507985.1, XP_010506683.1
OG0006837	As005G100720	XP_010508028.1, XP_010518312.1, XP_010506641.1
OG0006838	As005G100810	XP_010518300.1, XP_010508041.1, XP_010506630.1
OG0006839	As005G101060	XP_019101157.1, XP_019100647.1, XP_019082420.1
OG0006840	As005G101110	XP_010508081.1, XP_010506592.1, XP_010518255.1
OG0006841	As005G101240	XP_010506562.1, XP_010508102.1, XP_010518228.1
OG0006842	As005G101380	XP_010518211.1, XP_010506535.1, XP_010508126.1
OG0006843	As005G101400	XP_010506537.1, XP_010518189.1, XP_010508129.1
OG0006844	As005G101700	XP_010508171.1, XP_019100636.1, XP_010518160.1
OG0006845	As005G102320, As012G286240	XP_010518088.1, XP_010508244.1, XP_010507740.1
OG0006846	As005G104040	XP_010506207.1, XP_010517898.1, XP_010508439.1
OG0006847	As005G104180	XP_010517866.1, XP_010508467.1, XP_010506172.1
OG0006848	As005G104510	XP_010413022.1, XP_010517829.1, XP_010508517.1, XP_010506127.1
OG0006849	As005G104560	XP_010506122.1, XP_010517822.1, XP_010508524.1
OG0006850	As005G104900	XP_010508578.1, XP_010517762.1
OG0006851	As005G105250	XP_010517743.1, XP_010508597.1, XP_010506040.1
OG0006852	As005G105510	XP_010508664.1, XP_010517674.1, XP_010505975.1
OG0006853	As005G106170	XP_010508719.1, XP_019101970.1, XP_010517637.1, XP_010505923.1
OG0006854	As005G107190	XP_010490626.1, XP_010423901.1, XP_010452042.1
OG0006855	As005G107380	XP_010423877.1, XP_010490649.1, XP_010452064.1
OG0006856	As005G107520	XP_010490710.1, XP_010452085.1, XP_010423861.1
OG0006857	As005G107530	XP_010490706.1, XP_010452086.1, XP_010423860.1
OG0006858	As005G107980	XP_010452165.1, XP_010423781.1, XP_010490772.1
OG0006859	As005G108040	XP_010490783.1, XP_010452174.1, XP_010423754.1
OG0006860	As005G108130	XP_010490791.1, XP_010452194.1, XP_010423745.1
OG0006861	As005G108230	XP_010452208.1, XP_010490809.1, XP_010423733.1
OG0006862	As005G108860	XP_010490881.1, XP_019094347.1, XP_010452284.1, XP_019084535.1
OG0006863	As005G108890	XP_010467076.1
OG0006864	As005G109710	XP_010460665.1, XP_010499405.1, XP_010478250.1
OG0006865	As007G179320, As005G110070	XP_010420782.1, XP_010454252.1, XP_010493045.1
OG0006866	As005G110630	XP_010454278.1
OG0006867	As005G110650	XP_010493085.1, XP_010420820.1, XP_010454287.1
OG0006868	As005G111390	XP_010454321.1, XP_010493126.1, XP_010420858.1
OG0006869	As005G111480	XP_010495320.1, XP_019090071.1, XP_010424191.2
OG0006870	As005G112320, As005G112310	XP_010420930.1, XP_010454394.1, XP_010493197.1
OG0006871	As010G226880, As005G112370	XP_010454402.1, XP_010420936.1, XP_010493203.1
OG0006872	As005G112470, As005G112460	XP_010493213.1, XP_010454411.1, XP_010420945.1
OG0006873	As005G112970	XP_010454456.1, XP_010420983.1, XP_010493253.1
OG0006874	As005G113160	XP_019090591.1, XP_019098029.1, XP_010420999.1
OG0006875	As005G113830, As010G225760	XP_010421093.1, XP_010493404.1, XP_019089933.1
OG0006876	As005G114080, As006G129840	XP_010443868.1, XP_010483715.1, XP_010456647.1
OG0006877	As005G114340	XP_010443831.1, XP_010456289.1, XP_010483677.1
OG0006878	As006G145260, As005G114640	XP_010443786.1, XP_010483645.1, XP_010455791.1
OG0006879	As005G114810	XP_010483625.1, XP_010443760.1, XP_010455539.1
OG0006880	As005G116100	XP_019095408.1, XP_010444196.1, XP_010459922.1
OG0006881	As005G116730	XP_010460978.1, XP_010484132.1, XP_010444295.1
OG0006882	As005G116740	XP_010444300.1, XP_010461014.1, XP_010484137.1
OG0006883	As005G116950	XP_010461293.1, XP_010444323.1
OG0006884	As005G117040	XP_010484179.1, XP_010444337.1, XP_010461381.1
OG0006885	As005G117230	XP_010484197.1, XP_010461586.1
OG0006886	As005G117300	XP_010461635.1, XP_010484205.1, XP_010444362.1
OG0006887	As005G117450	XP_010461794.1, XP_010444375.1, XP_010484227.1
OG0006888	As005G117460	XP_010484225.1, XP_010461835.1, XP_010444378.1
OG0006889	As005G117810	XP_010462737.1, XP_010444426.1, XP_010484272.1
OG0006890	As005G117940	XP_010444452.1, XP_010462563.1, XP_010484289.1
OG0006891	As005G118110	XP_010444464.1, XP_010462481.1, XP_010484300.1
OG0006892	As005G118180	XP_010485317.1, XP_010444483.1, XP_010462294.1
OG0006893	As005G118440	XP_010444537.1, XP_010484376.1, XP_010463188.1
OG0006894	As005G118600	XP_010463003.1, XP_010444515.1, XP_010484349.1
OG0006895	As005G119140	XP_010463998.1, XP_010444642.1, XP_010484489.1
OG0006896	As005G119180	XP_010484495.1, XP_010444645.1, XP_010464031.1
OG0006897	As005G119280	XP_010484514.1, XP_019088081.1, XP_010464182.1
OG0006898	As010G229390, As005G120090	XP_010470747.1, XP_010419065.1, XP_010511779.1
OG0006899	As005G120400	XP_010444802.1, XP_010465546.1, XP_010484650.1
OG0006900	As005G120470	XP_019090599.1, XP_010420437.1
OG0006901	As005G120500	XP_010465661.1, XP_010444812.1, XP_010484661.1
OG0006902	As006G121020	XP_010456331.1, XP_010419528.1, XP_010426491.1, XP_010500191.1, XP_010461477.1, XP_010479077.1
OG0006903	As006G121180, As009G214500	XP_010456309.1, XP_010419558.1, XP_010496905.1, XP_010426748.1
OG0006904	As006G121280	XP_010419620.1, XP_019085043.1
OG0006905	As008G199070, As006G121520	XP_010457025.1, XP_010419586.1, XP_010427042.1
OG0006906	As006G121980	XP_010456213.1, XP_019084424.1, XP_010427775.1
OG0006907	As006G122240	XP_010422733.1, XP_010428132.1, XP_019090180.1
OG0006908	As008G198460	XP_010474700.1, XP_010480647.1
OG0006909	As006G122930	XP_010456980.1, XP_010424668.1, XP_010429204.1
OG0006910	As006G123720	XP_010455936.1, XP_010422521.1, XP_010430485.1
OG0006911	As006G123770	XP_010455957.1, XP_010430580.1, XP_010422513.1
OG0006912	As006G123870	XP_010455971.1, XP_010422502.1
OG0006913	As006G124040	XP_010430808.1, XP_010455909.1, XP_010422480.1
OG0006914	As008G196910, As006G124250	XP_010457385.1, XP_010482451.1, XP_010475000.1
OG0006915	As006G124580	XP_010441936.1, XP_010494394.1
OG0006916	As006G124640	XP_010481795.1, XP_010494387.1, XP_010441927.1
OG0006917	As006G124750	XP_010481816.1, XP_010441975.1, XP_010494369.1, XP_010495652.1, XP_010481814.1, XP_010441977.1
OG0006918	As006G125360	XP_010413882.1, XP_010469485.1, XP_010509898.1
OG0006919	As008G195830	XP_010413915.1, XP_010509927.1, XP_010469517.1
OG0006920	As006G125740	XP_010435303.1, XP_010510077.1, XP_010469625.1, XP_010414023.1
OG0006921	As006G125780, As008G195760	XP_010509979.1, XP_010469555.1
OG0006922	As006G125820	XP_010469552.1, XP_010413955.1, XP_010509975.1
OG0006923	As006G125830	XP_010469548.1, XP_010509969.1, XP_010413952.1
OG0006925	As006G126260	XP_010413986.1, XP_010469577.1, XP_010510007.1
OG0006926	As006G126300	XP_010510013.1, XP_010413991.1
OG0006927	As006G126360	XP_019094034.1, XP_019082991.1, XP_010510095.1, XP_010418704.1, XP_019101363.1
OG0006928	As006G126460	XP_010414039.1, XP_010469639.1, XP_010422469.1, XP_010510108.1
OG0006929	As006G126940	XP_010469674.1, XP_010510152.1, XP_010414082.1
OG0006930	As006G126960	XP_010469678.1, XP_010414084.1, XP_010510154.1
OG0006931	As006G127100	XP_010469719.1, XP_010510187.1, XP_010414114.1
OG0006932	As006G127640	XP_010510259.1, XP_010414187.1, XP_010469773.1
OG0006933	As006G127900	XP_010414232.1, XP_010510299.1, XP_010469811.1
OG0006934	As006G128040	XP_010510349.1, XP_010469849.1, XP_010414260.1
OG0006935	As006G128160	XP_010414278.1, XP_010510375.1, XP_010469867.1
OG0006936	As006G128190	XP_010457853.1, XP_010475445.1, XP_010486911.1
OG0006937	As006G128370	XP_010469890.1, XP_010510404.1, XP_010414305.1
OG0006938	As006G128420	XP_010510412.1, XP_010469898.1, XP_010414316.1
OG0006939	As006G128720	XP_010422235.1, XP_010469923.1, XP_010510448.1, XP_019083057.1
OG0006940	As006G129170, As006G129150	XP_010414454.1, XP_010510548.1, XP_010470008.1
OG0006941	As006G129350	XP_010414470.1, XP_010470036.1, XP_010510568.1
OG0006942	As006G129530	XP_010510589.1, XP_010470052.1, XP_010414490.1
OG0006943	As006G129700	XP_010414507.1, XP_010510603.1
OG0006944	As006G129870	XP_010510627.1, XP_010414529.1, XP_010470085.1
OG0006945	As006G130520	XP_010417841.1, XP_010510833.1, XP_010473088.1
OG0006946	As006G130590	XP_010510819.1, XP_010473096.1, XP_010417852.1
OG0006947	As006G130660	XP_010473106.1, XP_010417863.1, XP_010510808.1
OG0006948	As006G130830	XP_010510786.1, XP_010417882.1, XP_010473121.1
OG0006949	As006G130910	XP_010510770.1, XP_010473124.1, XP_010417884.1
OG0006950	As006G131860	XP_010472640.1, XP_010417394.1, XP_010429633.1
OG0006951	As006G131980	XP_010417373.1, XP_010472622.1, XP_010429612.1
OG0006952	As006G132060	XP_010417362.1, XP_010429591.1, XP_019094060.1
OG0006953	As006G132730	XP_010453501.1, XP_010463532.1, XP_010485501.1, XP_010498082.1
OG0006954	As006G134110	XP_010438763.1, XP_010433511.1, XP_010448277.1
OG0006955	As006G134400	XP_010438679.1, XP_010448194.1, XP_010433424.1
OG0006956	As006G134760	XP_010485516.1, XP_010463546.1, XP_010511329.1
OG0006957	As006G134930	XP_010485425.1, XP_010430647.1, XP_019092134.1, XP_010463578.1, XP_019092697.1
OG0006958	As006G134980	XP_019092680.1
OG0006959	As006G135150	XP_010450307.1, XP_010463608.1, XP_010485452.1
OG0006960	As006G135590	XP_010485568.1, XP_010463670.1, XP_010499042.1
OG0006961	As006G135660	XP_010485586.1, XP_010500039.1, XP_010463686.1
OG0006962	As006G135850	XP_010485613.1, XP_010463711.1, XP_010502003.1
OG0006963	As006G135990	XP_010504555.2, XP_019096317.1, XP_010463735.1, XP_019096316.1
OG0006964	As006G136070	XP_010505859.1, XP_010485640.1, XP_010463750.1
OG0006965	As006G136660	XP_010463812.1, XP_010485703.1, XP_010512254.1
OG0006966	As006G136820	XP_010485723.1, XP_010513614.1, XP_010463832.1
OG0006967	As006G136960	XP_010485738.1, XP_010463843.1, XP_010514424.1
OG0006968	As006G137300	XP_010463875.1, XP_010485773.1, XP_010517765.1
OG0006969	As006G137460	XP_010413329.1, XP_010485797.1, XP_010463903.1, XP_010463905.1
OG0006970	As006G137560	XP_010463917.1, XP_019096294.1, XP_010414742.1
OG0006971	As006G137740, As009G207040	XP_010497513.2, XP_010463937.1, XP_010485834.1, XP_010416191.1
OG0006972	As006G138010	XP_010463966.1, XP_010418949.1, XP_010485863.1
OG0006973	As006G138160	XP_010420329.1
OG0006974	As006G138620	XP_010426082.1, XP_010464055.1, XP_010485975.1
OG0006975	As006G138800	XP_010486000.1, XP_010428117.1, XP_010464075.1
OG0006976	As006G139480	XP_019096660.1, XP_010434739.1, XP_010464164.1
OG0006977	As006G139490	XP_010486080.1, XP_010464165.1, XP_010434850.1
OG0006978	As006G139580	XP_010464173.1
OG0006979	As006G139790	XP_010486113.1, XP_010464190.1, XP_010436957.1
OG0006980	As006G139840	XP_010464197.1, XP_010486121.1, XP_010437614.1
OG0006981	As009G204370, As006G140050	XP_010420613.1, XP_010492856.1, XP_010454092.1
OG0006982	As006G140420	XP_010464268.1, XP_010418081.1, XP_010486209.1
OG0006983	As006G140440	XP_010486211.1, XP_010445020.1, XP_010464270.1
OG0006984	As006G140680	XP_010464308.1, XP_010447160.1
OG0006985	As006G140850	XP_010464324.1, XP_010449316.1, XP_010486258.1
OG0006986	As006G141150	XP_010486294.1, XP_010464362.1, XP_010451845.1
OG0006987	As006G141530	XP_010457594.1, XP_010486349.1, XP_010464419.1
OG0006988	As006G142260	XP_010464530.1, XP_010467877.1
OG0006989	As006G142740	XP_010517436.1, XP_010508894.1, XP_010505745.1
OG0006990	As006G142830	XP_010508905.1, XP_010505732.1, XP_010517423.1
OG0006991	As006G142920	XP_010505709.1, XP_010517399.1, XP_010508921.1
OG0006992	As006G143200	XP_010505674.1, XP_010508961.1, XP_010517346.1
OG0006993	As006G143280	XP_010508974.1, XP_019100528.1, XP_010517337.1
OG0006994	As006G143430	XP_010517314.1, XP_010505643.1, XP_010508997.1
OG0006995	As006G143770	XP_010505596.1, XP_010509037.1, XP_010517266.1
OG0006996	As006G143830	XP_010517281.1, XP_010505605.1, XP_010509025.1
OG0006997	As006G144250	XP_010517207.1, XP_010509111.1, XP_010505540.1
OG0006998	As006G144300	XP_019102044.1, XP_010505535.1, XP_010509177.1
OG0006999	As006G144340	XP_010509172.1, XP_010517192.1, XP_010505529.1
OG0007000	As006G144350	XP_010505528.1, XP_010509171.1, XP_010517190.1
OG0007001	As006G144420	XP_010509545.1, XP_010516794.1, XP_010507570.1, XP_010505111.1
OG0007002	As006G144450	XP_010509540.1, XP_010516797.1, XP_010505116.1
OG0007003	As006G144600	XP_010509518.1, XP_010505131.1
OG0007004	As006G144630	XP_010516819.1, XP_010505139.1, XP_010509512.1
OG0007005	As012G276150, As006G144710	XP_010509501.1, XP_010516828.1, XP_010505150.1
OG0007007	As006G145050	XP_010513023.1, XP_010516865.1, XP_010505191.1
OG0007008	As006G145730	XP_010509389.1, XP_010516957.1, XP_010505276.1
OG0007009	As006G145910	XP_010505303.1, XP_010509361.1, XP_010516985.1
OG0007010	As006G146000, As006G145980, As006G146010	XP_010505316.1, XP_010517001.1, XP_010509349.1
OG0007011	As006G146070	XP_010517005.1, XP_010509346.1, XP_010505319.1
OG0007012	As006G146180	XP_010505329.1, XP_010517014.1, XP_010509338.1
OG0007013	As006G146970	XP_010505387.1, XP_010509264.1, XP_010517067.1
OG0007014	As006G147100	XP_010517116.1, XP_010505448.1, XP_010509200.1
OG0007015	As006G148290	XP_010509128.1, XP_010517146.1, XP_019100508.1
OG0007016	As007G152300	XP_010501475.2, XP_010462725.1, XP_010480495.1
OG0007017	As007G152320	XP_010472890.1, XP_010429924.1, XP_010417676.1
OG0007018	As007G152820	XP_010459172.1, XP_010497778.1, XP_010476739.1
OG0007019	As007G152840	XP_010486999.1, XP_010465051.1, XP_010499411.1
OG0007020	As007G153260	XP_010459237.1, XP_010498014.1, XP_010476817.1
OG0007021	As007G153310	XP_010459244.1, XP_010476825.1, XP_010498021.1
OG0007022	As007G153530	XP_010459274.1, XP_010498051.1, XP_010476845.1
OG0007023	As010G241460, As007G153710	XP_010474296.2, XP_010415974.1, XP_010428112.1
OG0007024	As007G154030	XP_010476919.1, XP_010459364.1, XP_010498133.1
OG0007025	As007G154110, As007G154050	XP_010476925.1, XP_010459372.1, XP_019099059.1
OG0007026	As007G154310	XP_010476947.1, XP_010459397.1, XP_010498161.1
OG0007027	As007G154400	XP_010498175.1, XP_010476959.1, XP_010459412.1
OG0007028	As007G155040	XP_010501515.2, XP_010459487.1, XP_010477041.1
OG0007029	As007G155400	XP_010477102.1, XP_010459554.1, XP_010498306.1
OG0007030	As007G155410	XP_010459556.1, XP_010498308.1, XP_010477103.1
OG0007031	As007G155580	XP_010477124.1, XP_010498331.1, XP_010459580.1
OG0007032	As007G155590	XP_010477125.1, XP_010498333.1
OG0007033	As007G155860	XP_010459628.1, XP_010498379.1, XP_010477176.1
OG0007034	As007G155960	XP_010459643.1, XP_010477192.1, XP_010459644.1, XP_010498393.1
OG0007035	As007G156760	XP_010498505.1, XP_010459759.1, XP_010477316.1
OG0007036	As007G156930, As010G231390	XP_010477343.1, XP_010498529.1, XP_010459781.1
OG0007037	As007G157330	XP_010498597.1, XP_010459854.1, XP_010498596.1, XP_010477404.1
OG0007038	As007G157890	XP_010459908.1, XP_010498647.1, XP_010477437.1
OG0007039	As007G157990	XP_010477444.1, XP_010459917.1, XP_010498652.1
OG0007040	As007G158110	XP_010498669.1, XP_010459933.1, XP_010477458.1
OG0007041	As007G158120	XP_010477465.1, XP_010498671.1, XP_019090898.1
OG0007042	As010G234650, As007G158750	XP_010428034.1, XP_010471202.1, XP_019083296.1
OG0007043	As007G159580	XP_010460130.1, XP_010477637.1, XP_010498850.1
OG0007044	As007G159730	XP_010477680.1, XP_010460152.1, XP_010460153.1, XP_010498884.2
OG0007045	As007G159830, As010G233240	XP_010460169.1, XP_010477706.1, XP_010498909.1
OG0007046	As007G160090	XP_010460203.1, XP_010477747.1, XP_010498951.2
OG0007047	As007G161190	XP_010477906.1, XP_010499097.1
OG0007048	As007G161740	XP_019091246.1, XP_019091247.1, XP_010477993.1, XP_019097243.1
OG0007049	As007G161880	XP_010499175.1, XP_010478020.1, XP_010460458.1
OG0007050	As007G162770	XP_010433789.1, XP_010448580.1, XP_010439058.1
OG0007051	As007G163030	XP_010439012.1, XP_010448549.1, XP_010433754.1
OG0007052	As007G163140	XP_010497506.1, XP_019089053.1, XP_019088275.1, XP_010433739.1
OG0007053	As007G164680	XP_010443482.1
OG0007054	As007G177630, As007G177120	XP_010433331.1, XP_010438573.1
OG0007055	As007G178080	XP_010472450.1, XP_010417199.1, XP_010429422.1
OG0007056	As007G179390	XP_010472349.1, XP_010417101.1, XP_010429305.1
OG0007057	As007G179500	XP_010517085.1, XP_019100499.1, XP_010509237.1
OG0007058	As007G179940	XP_010497159.1, XP_010417039.1, XP_019085089.1, XP_010431576.1
OG0007059	As007G180460	XP_010429134.1, XP_010416974.1, XP_010472212.1
OG0007060	As007G182010	XP_010472082.1, XP_010416846.2, XP_010428998.1
OG0007061	As007G182190	XP_010482060.1, XP_010493620.1, XP_010442232.1
OG0007062	As008G182850	XP_010458955.1, XP_010496209.1, XP_010476509.1
OG0007063	As008G183210, As008G183220	XP_010495851.1, XP_010458911.1, XP_010476469.1
OG0007064	As008G183500	XP_010458856.1, XP_010495653.1, XP_010476419.1
OG0007065	As008G184150	XP_010495073.1, XP_010458768.1, XP_010476313.1
OG0007066	As008G184310	XP_010476289.1, XP_010494889.1, XP_010458744.1
OG0007067	As008G184370	XP_010494806.1, XP_010458735.1, XP_010476276.1
OG0007068	As008G184760	XP_010476216.1, XP_010458673.1
OG0007069	As008G184820	XP_010476212.1, XP_010494142.1, XP_010458669.1
OG0007070	As008G185510	XP_010493407.1, XP_010476128.1, XP_010458597.1
OG0007072	As008G186290	XP_010492504.1, XP_010476026.1, XP_010458505.1
OG0007073	As008G186320	XP_010458500.1, XP_010492461.1, XP_010476020.1
OG0007074	As008G186540	XP_019095201.1, XP_010458484.1, XP_010492274.1
OG0007075	As008G186560	XP_010458481.1, XP_010475989.1, XP_010492252.1
OG0007076	As008G187300	XP_010458374.1, XP_010490944.1, XP_010480411.2
OG0007077	As008G187760	XP_010475861.1, XP_010458326.1, XP_010490593.1
OG0007078	As008G188030	XP_010458272.1, XP_010490289.1, XP_010475820.1
OG0007079	As008G188040	XP_010467490.1, XP_010490282.2, XP_010458271.1, XP_010475816.1
OG0007080	As008G188520	XP_010475758.1, XP_010489893.1, XP_010501391.1, XP_010458211.1
OG0007081	As008G189030	XP_010458169.1, XP_010489616.1, XP_010475721.1
OG0007082	As008G189480	XP_010458143.1, XP_010489401.1, XP_010475694.1
OG0007083	As008G191030	XP_010458063.1, XP_010488679.1, XP_010448488.1, XP_010475619.1, XP_010438939.1
OG0007084	As008G192230	XP_010508007.1, XP_019101149.1, XP_010518323.1, XP_010506658.1
OG0007085	As008G192660	XP_010501356.1, XP_010457929.1, XP_010475507.1
OG0007086	As008G192910	XP_010475485.1, XP_010457903.1, XP_010487318.1
OG0007087	As008G192930	XP_010487296.1, XP_010475482.1, XP_010457898.1
OG0007088	As008G193230	XP_010457845.1
OG0007089	As008G193280	XP_010442517.1, XP_010442570.1, XP_010482401.1
OG0007091	As008G193950	XP_010457748.1, XP_010475349.1, XP_010485879.1
OG0007092	As008G194130, As008G194120	XP_010457724.1, XP_010475329.1, XP_010485742.1
OG0007093	As008G194500	XP_010457665.1, XP_010475289.1, XP_010485242.2
OG0007094	As008G195580	XP_010457561.1, XP_010484446.1, XP_010475167.1
OG0007095	As008G195810	XP_010457535.1, XP_010484196.1, XP_010475141.1
OG0007096	As008G195920	XP_010484083.1, XP_010457524.1
OG0007097	As008G195990	XP_010475120.1, XP_010457512.1, XP_010483982.1
OG0007098	As008G196030	XP_010475116.1, XP_010457506.1, XP_010483946.1
OG0007099	As008G196320	XP_010475078.1, XP_010457467.1, XP_010483366.1
OG0007100	As008G196750	XP_019094363.1, XP_010474975.1, XP_019090926.1, XP_010482850.1
OG0007101	As008G197010	XP_010457402.1, XP_010482655.1, XP_010475016.1
OG0007102	As008G197520	XP_010462542.1, XP_010474898.1, XP_010481429.1
OG0007103	As008G197540	XP_010481406.1, XP_010457300.1, XP_010474897.1
OG0007104	As008G197590	XP_010481344.1, XP_010474880.1, XP_019096784.1, XP_010457289.1
OG0007105	As008G197600	XP_010457283.2, XP_010474872.1
OG0007106	As008G198770	XP_010480225.1, XP_019094204.1, XP_010457118.1
OG0007107	As008G199340	XP_010503848.1, XP_010515570.1, XP_010426724.1
OG0007108	As008G199480	XP_019098039.1, XP_010496448.1
OG0007109	As009G200050	XP_010492237.1, XP_010453555.1, XP_010420070.1
OG0007110	As009G200070	XP_010453553.1, XP_010420064.1, XP_010495189.1
OG0007111	As009G200090	XP_010420063.1, XP_019098043.1, XP_010453551.1
OG0007112	As009G200190	XP_010492221.1, XP_010453539.1, XP_010420049.1
OG0007113	As009G200580	XP_010420131.1, XP_010492300.1, XP_010453612.1
OG0007114	As009G201200	XP_010420191.1, XP_010453671.1, XP_010492369.1
OG0007115	As009G201420	XP_010492345.1, XP_010420175.1, XP_010453647.1
OG0007116	As009G201470	XP_010492408.1, XP_010453705.1, XP_010420241.1
OG0007117	As009G202360	XP_010492538.1, XP_010453799.1, XP_010420330.1, XP_010456549.1
OG0007118	As009G202540	XP_010495229.1, XP_010420358.1, XP_010453822.1
OG0007119	As009G202550	XP_010424128.1, XP_010492571.1, XP_010453823.1
OG0007120	As009G202930	XP_010492627.1, XP_010453872.1, XP_010420401.1
OG0007121	As009G203160	XP_010453910.1, XP_010420434.1, XP_010492671.1
OG0007122	As009G203260	XP_010453937.1, XP_010420464.1, XP_010492696.1
OG0007123	As009G204540	XP_010420647.1, XP_010454120.1, XP_010492888.1
OG0007124	As009G205050	XP_019083885.1, XP_010492972.1, XP_010454185.1
OG0007125	As009G205370	XP_010424348.1, XP_010493900.1, XP_010454990.1
OG0007126	As009G205450	XP_010493913.1, XP_019090460.1, XP_019084590.1
OG0007127	As009G205890	XP_010455073.1, XP_010493966.1, XP_010421562.1
OG0007128	As009G206330	XP_010421608.1, XP_010455121.1, XP_010494008.1
OG0007129	As009G207190	XP_010494113.1, XP_010455212.1, XP_010421707.1
OG0007130	As009G207530	XP_010482218.1, XP_010442409.1, XP_010440575.1
OG0007131	As009G208100	XP_010482181.1, XP_010439918.1, XP_010442349.1
OG0007132	As009G208300	XP_010482157.1, XP_010439820.1, XP_010442340.1
OG0007133	As009G209190	XP_010482086.1, XP_019097588.1
OG0007134	As009G209550	XP_010442310.1, XP_010493704.1, XP_010482120.1
OG0007135	As009G210540	XP_010492110.1, XP_010419932.1, XP_010453429.1
OG0007136	As009G211320	XP_010452647.1, XP_010491299.1, XP_010423268.1
OG0007137	As009G211560	XP_010452616.1, XP_010423305.1, XP_010491257.1
OG0007138	As009G211900	XP_010491228.2, XP_010452596.1, XP_010423321.1
OG0007139	As009G212000	XP_010419927.1, XP_010492104.1, XP_010453424.1
OG0007140	As009G212180	XP_010456515.1, XP_010511859.1, XP_010453423.1, XP_010453419.1, XP_010492102.1, XP_010419926.1
OG0007141	As009G212340	XP_010491187.1, XP_010423355.1, XP_010452556.1
OG0007142	As009G213140	XP_010456407.1, XP_010423455.1, XP_010491087.1
OG0007143	As009G214010	XP_010423503.1, XP_010491038.1, XP_010452409.1
OG0007144	As009G214070	XP_010491016.1, XP_010423523.1, XP_019090487.1, XP_010495552.1
OG0007145	As009G214130	XP_010452395.1, XP_010491022.1, XP_010423515.1
OG0007146	As009G214570	XP_010490961.1, XP_010423571.1, XP_010452347.1
OG0007147	As009G214770	XP_010420752.1, XP_010493015.1, XP_010454223.1
OG0007148	As009G214980	XP_010493840.1, XP_010421443.1, XP_010454925.1
OG0007149	As009G215010	XP_010454922.1, XP_010421439.1, XP_010493837.1
OG0007150	As009G215080	XP_010454919.1, XP_010421438.1, XP_010493835.1, XP_010480393.1
OG0007151	As009G215570	XP_010493755.1, XP_010454832.1, XP_010421357.1
OG0007152	As009G215590	XP_010454828.1, XP_019097954.1, XP_019083946.1
OG0007153	As009G215790	XP_010470869.1, XP_010421323.1, XP_010454806.1, XP_010432830.1
OG0007154	As009G215800	XP_010454805.1, XP_010424288.1, XP_010432831.1, XP_010470868.1
OG0007155	As009G216380	XP_010454728.1, XP_010493507.1, XP_010421243.1, XP_010493571.1
OG0007156	As009G216500	XP_010421222.1, XP_010493551.2, XP_010493549.1, XP_010454703.1
OG0007157	As009G216510	XP_010421221.1, XP_010493548.1, XP_010454702.1
OG0007158	As010G222330, As009G216880	XP_010515226.1, XP_010503533.1, XP_010426390.1
OG0007159	As009G216960	XP_010493484.1, XP_010421170.1
OG0007160	As009G217050	XP_010421157.1, XP_010454640.1
OG0007161	As009G217200	XP_010493450.1, XP_010454609.1, XP_010421129.1
OG0007162	As009G217210	XP_010493448.1, XP_010454610.1, XP_010421130.1
OG0007163	As009G217590	XP_010443897.1, XP_010483745.1, XP_010456805.1
OG0007164	As009G217610	XP_010483748.1, XP_010456834.1, XP_010443903.1
OG0007165	As009G217670	XP_010456880.1, XP_010483755.1, XP_010443912.1
OG0007166	As009G217870	XP_010443937.1, XP_010483788.1, XP_010457056.1
OG0007167	As009G218150	XP_010483825.1, XP_010457429.1, XP_010443974.1
OG0007168	As009G218880	XP_010458904.1, XP_010444090.1, XP_010483954.1
OG0007169	As009G218970	XP_010458979.1, XP_010483963.1, XP_010444099.1
OG0007170	As009G219040	XP_010483974.1, XP_010459079.1, XP_010444108.1
OG0007171	As009G219190	XP_010459310.1, XP_010483990.1, XP_010444131.1
OG0007172	As009G219270	XP_010503424.1, XP_010515114.1, XP_010426273.1
OG0007173	As009G219390	XP_010444161.1, XP_010459519.1, XP_010484012.1
OG0007174	As009G219640	XP_010483473.1, XP_010454144.1, XP_010443618.1
OG0007175	As010G220670	XP_010503761.1, XP_010424892.1, XP_010515465.1
OG0007176	As010G221470	XP_010503644.1, XP_010426503.1, XP_010515341.1
OG0007177	As010G221650	XP_010412675.1
OG0007178	As010G223040	XP_010503437.1, XP_010426283.1, XP_010515126.1
OG0007181	As010G224110	XP_010426148.1, XP_010426147.1, XP_010503307.1, XP_010515014.1
OG0007182	As010G224850	XP_019102255.1, XP_010426030.1, XP_010503216.1
OG0007183	As010G225630	XP_010495845.1, XP_010503160.1, XP_010514848.1
OG0007184	As010G225690	XP_010425937.1, XP_010514840.1
OG0007185	As010G226260	XP_010425851.1, XP_010514774.1, XP_010503086.1
OG0007186	As010G226490	XP_010503056.1, XP_010425824.1
OG0007187	As010G228540, As010G229140	XP_010470651.1, XP_010415321.1, XP_010511677.1
OG0007188	As010G228820	XP_010415318.1, XP_019101596.1, XP_019092989.1
OG0007190	As010G232180	XP_010464508.1, XP_010486437.1
OG0007191	As010G232470	XP_010415585.1, XP_010470923.1, XP_010511966.1
OG0007192	As010G232670	XP_010512001.1, XP_010470950.1, XP_010415608.1
OG0007193	As010G232810	XP_010415431.1, XP_010470759.1, XP_010511802.1
OG0007194	As010G232960	XP_010470992.1, XP_010415657.1, XP_010512050.1
OG0007195	As010G232970	XP_010512054.1, XP_010470993.1, XP_010415658.1
OG0007196	As010G233010	XP_010415668.1, XP_010512063.1, XP_010497793.1, XP_010470998.1
OG0007198	As010G233840	XP_010427901.1, XP_010415788.1, XP_010471099.1
OG0007199	As010G233930	XP_010427915.1, XP_010415795.1, XP_010471106.1
OG0007201	As010G234560	XP_010428012.1, XP_010428014.1, XP_010415887.1, XP_010471186.1
OG0007202	As010G234780	XP_010471213.1, XP_010415914.1, XP_010428046.1
OG0007203	As010G234820	XP_010420805.1, XP_010454274.1, XP_010493066.1
OG0007204	As010G235140	XP_010428954.1, XP_010416814.1, XP_010472046.1
OG0007205	As010G235730	XP_010416725.1, XP_010471965.1, XP_010428852.1
OG0007207	As010G236130	XP_010416671.1, XP_010471925.1, XP_010428810.1, XP_019098686.1
OG0007208	As010G236220	XP_010416657.1, XP_010474374.1, XP_010428794.1
OG0007209	As010G236700	XP_010419229.1, XP_010471836.1, XP_010428745.1
OG0007210	As010G237060	XP_010416562.1, XP_010431533.1, XP_010471795.1
OG0007211	As010G237260	XP_010471774.1, XP_010428679.1, XP_010416536.1
OG0007212	As010G237440	XP_010428658.1, XP_010471756.1, XP_010416518.1
OG0007213	As010G237760	XP_010416467.1, XP_010471698.1, XP_010428608.1
OG0007214	As010G237790	XP_010471696.1, XP_010428604.1, XP_010416465.1
OG0007215	As010G238570	XP_010471597.1, XP_010416357.1, XP_010428496.1
OG0007216	As010G238650	XP_010428487.1, XP_010471587.1, XP_010416348.1
OG0007217	As010G238710	XP_010471576.1, XP_010416342.1, XP_010428476.1
OG0007218	As010G238730	XP_010471569.1, XP_010416337.1, XP_010428473.1
OG0007219	As010G239040	XP_010428434.1, XP_010471537.1, XP_010416303.1
OG0007220	As010G239790	XP_010471443.1, XP_010416196.1, XP_010428312.1
OG0007221	As010G240490	XP_010471375.1, XP_010416108.1, XP_010428230.1
OG0007222	As010G240770	XP_010518527.1, XP_010507812.1
OG0007223	As010G240990	XP_010428178.1, XP_010416047.1, XP_010471314.1
OG0007224	As010G241380	XP_010415983.1, XP_019093621.1, XP_019084975.1
OG0007225	As010G241640	XP_010428964.1, XP_010472053.1
OG0007226	As010G242070	XP_010472703.1, XP_010417474.1, XP_010429698.1
OG0007227	As010G242180	XP_010464730.1, XP_010485549.1
OG0007228	As010G242660	XP_010429806.1, XP_010417589.1, XP_010472779.1
OG0007229	As010G242750	XP_010419371.1, XP_010419372.1, XP_010429821.1, XP_010472792.1
OG0007230	As010G243030	XP_010429859.1, XP_010417629.1, XP_010472825.1
OG0007231	As010G243260	XP_019091006.1
OG0007232	As010G243280, As010G244230	XP_010417757.1, XP_010430020.1, XP_010472995.1
OG0007233	As010G243350	XP_010417659.1, XP_010472868.1, XP_010429897.1
OG0007234	As010G243400	XP_010472875.1, XP_010429905.1, XP_010417662.1
OG0007235	As010G243450	XP_010429921.1, XP_010417672.1
OG0007236	As010G243600	XP_010429936.1
OG0007237	As010G243650	XP_010476669.1, XP_019099018.1
OG0007238	As010G243970	XP_010477302.1, XP_019091648.1, XP_010498490.1
OG0007239	As010G244020	XP_010431657.1, XP_010472967.1, XP_010417736.1
OG0007240	As011G244850	XP_010487042.1, XP_010465088.1, XP_010499747.1
OG0007241	As011G244870	XP_010465093.1, XP_010499814.1, XP_010487043.1
OG0007242	As011G245550	XP_019101608.1, XP_019096564.1, XP_019092200.1
OG0007243	As011G245680	XP_010465234.1, XP_010487143.1
OG0007244	As011G245810	XP_010489818.1, XP_019096286.1, XP_010501352.1, XP_010465257.1
OG0007245	As011G246240	XP_010487205.1, XP_019092558.1, XP_010501705.1
OG0007246	As011G246290	XP_010487218.1, XP_010465310.1, XP_010501760.1
OG0007247	As011G246770	XP_010465350.1, XP_010487261.1, XP_010501981.1
OG0007248	As011G247550	XP_010465500.2, XP_010502882.2, XP_010487362.1
OG0007250	As011G247750	XP_010487382.1, XP_010465527.1, XP_010503155.1
OG0007251	As011G247960	XP_010503402.1, XP_010487413.1, XP_010465564.1
OG0007252	As011G248010	XP_010503481.1, XP_010487421.1, XP_010465573.1
OG0007253	As011G248230	XP_010487448.1, XP_010465606.1, XP_010465605.1, XP_010465608.1, XP_010465607.1, XP_010503700.1
OG0007254	As011G248240, As012G270780	XP_010487449.1, XP_010465609.1, XP_010503711.1
OG0007255	As011G248310	XP_010465623.1, XP_010503884.1, XP_010487465.1
OG0007256	As011G248360	XP_010487471.1, XP_010465632.1, XP_010503955.1
OG0007257	As011G248680	XP_010465922.1, XP_010487748.1, XP_010506763.1
OG0007258	As011G249230	XP_010487578.1, XP_010504935.1, XP_010465735.1
OG0007259	As011G249340	XP_010505122.1, XP_010465747.1
OG0007260	As011G249560	XP_010505247.1, XP_010487633.1, XP_010465795.1
OG0007261	As011G249850	XP_010487676.1, XP_010465838.1, XP_010505908.1
OG0007262	As011G249870	XP_010465839.1, XP_010505930.1, XP_010487677.1
OG0007263	As011G250000	XP_010506176.1, XP_010465867.1, XP_010487703.1
OG0007264	As011G250130	XP_010466795.1, XP_010466726.1, XP_019083282.1, XP_010490096.1
OG0007265	As011G250210	XP_010487728.1, XP_010506493.1, XP_010465899.1
OG0007266	As011G250540	XP_010487774.1, XP_010465947.1, XP_010506929.1
OG0007267	As011G250850	XP_010487796.1, XP_010465983.1, XP_010507111.1
OG0007268	As011G250980	XP_010487809.1, XP_010507238.1, XP_010466017.1
OG0007269	As011G251360	XP_010466060.1, XP_010487859.1, XP_010507578.1
OG0007270	As011G251410	XP_010466077.1, XP_010507670.1, XP_010487875.1
OG0007271	As011G251470	XP_019092245.1, XP_010507715.1, XP_010487885.1
OG0007272	As011G251570	XP_010466092.1, XP_010507774.1, XP_010487891.1
OG0007273	As011G251790, As012G272410	XP_010466129.1, XP_010487913.1
OG0007274	As011G252100	XP_010466171.1, XP_010508323.1
OG0007275	As011G252500	XP_019096897.1, XP_010508666.1, XP_010466203.1
OG0007276	As011G253140	XP_010509492.1, XP_010466299.1, XP_010488076.1
OG0007277	As011G253320	XP_010466349.1, XP_010509880.1, XP_010488109.1
OG0007278	As011G253400	XP_010488168.1, XP_010510347.1, XP_010466402.1
OG0007279	As011G253510	XP_010488155.1, XP_010466382.1, XP_010510193.1
OG0007280	As011G253520	XP_010466381.1, XP_010510179.1, XP_010488154.1
OG0007281	As011G253590, As012G271280	XP_010510125.1, XP_010488147.1, XP_010466371.1
OG0007282	As011G254160	XP_010511002.1, XP_010488229.1, XP_010466483.1
OG0007283	As011G254170	XP_010466484.1, XP_010488230.1, XP_010511011.1
OG0007284	As011G254290	XP_010511216.1, XP_010488250.1, XP_010466507.1
OG0007285	As011G254300	XP_010466509.1, XP_010488253.1, XP_010511234.1
OG0007286	As011G254480	XP_010488279.1, XP_010466532.1, XP_010511403.1
OG0007287	As011G254580	XP_010511547.2, XP_019097302.1, XP_010466552.1, XP_019096433.1, XP_010488296.1, XP_010466550.1, XP_010511540.1
OG0007288	As011G254680	XP_010488307.1, XP_010511655.1, XP_010466567.1
OG0007289	As011G255510	XP_010512656.1, XP_010466712.1, XP_010488441.1
OG0007290	As011G255640	XP_010466724.1, XP_010512743.1, XP_010488446.1
OG0007291	As011G255700	XP_010466732.1, XP_010488452.1, XP_010512862.1
OG0007292	As011G256080	XP_010488489.1, XP_010466775.1, XP_010513138.1
OG0007293	As011G256180	XP_019096449.1, XP_019096448.1, XP_010466786.1, XP_010513238.1
OG0007294	As011G256440	XP_010488539.1, XP_010513427.1, XP_010513488.1, XP_010466844.1
OG0007295	As011G256640	XP_010513559.1, XP_010488563.1, XP_010466868.1, XP_019085425.1
OG0007296	As011G260430	XP_010467167.1, XP_010496029.1, XP_010413779.1
OG0007297	As011G261230	XP_010414579.1, XP_010510670.1, XP_010470125.1
OG0007298	As011G261850	XP_010467161.1, XP_010488831.1, XP_019084563.1
OG0007299	As011G262630	XP_010488944.1, XP_010518032.1, XP_010467286.1
OG0007300	As011G263420	XP_010516649.1, XP_019092708.1, XP_010489220.1, XP_019098802.1
OG0007301	As011G264170	XP_010467465.1, XP_010515581.1, XP_010489327.1
OG0007302	As011G264340	XP_010467506.1, XP_010515138.1, XP_010489361.1
OG0007303	As011G264710	XP_010489398.1, XP_010467563.1, XP_010514717.1
OG0007304	As011G265080	XP_010413957.1, XP_010467620.1, XP_010489511.1
OG0007305	As011G265680	XP_010414851.1, XP_010489612.1, XP_010467731.1
OG0007306	As011G265960	XP_010415202.1, XP_010467874.1, XP_010489473.1
OG0007307	As011G266300	XP_010416898.1, XP_010489154.1, XP_010495929.1
OG0007308	As011G267100	XP_010415775.1, XP_010489043.1, XP_019092905.1
OG0007309	As012G267680	XP_010499296.1, XP_010486993.1, XP_010465041.1
OG0007310	As012G268340	XP_010480095.1, XP_010462410.1, XP_010501172.1
OG0007311	As012G268730	XP_010462375.1, XP_010480059.1
OG0007312	As012G268840	XP_010440813.1, XP_010480042.1, XP_010501126.1
OG0007313	As012G269430	XP_010479957.1, XP_010462286.1, XP_010501041.1
OG0007314	As012G270580	XP_010462101.1, XP_010479769.1, XP_010500863.1
OG0007315	As012G270840	XP_019090914.1, XP_010479729.1, XP_019099489.1
OG0007316	As012G270920	XP_010500807.1, XP_010479714.1, XP_010462051.1
OG0007317	As012G271320	XP_010462014.1, XP_010479675.1, XP_010500759.1
OG0007318	As012G271420	XP_010479650.1, XP_010500740.1, XP_010461996.1
OG0007319	As012G272440	XP_010479460.1, XP_010461855.1, XP_010500557.1
OG0007320	As012G272970	XP_010479368.1, XP_010461771.1
OG0007321	As012G273110	XP_010461701.2, XP_010500415.2, XP_019094553.1
OG0007322	As012G273370	XP_010461728.1, XP_010479317.1, XP_010500432.1
OG0007323	As012G273780	XP_010479261.1, XP_010500363.1, XP_010461658.1
OG0007324	As012G273920	XP_010479245.1, XP_010461638.1, XP_010500348.1
OG0007325	As012G274190, As012G274180, As012G274200	XP_010500306.1, XP_010461598.1, XP_010479199.1
OG0007326	As012G274270	XP_010449833.1, XP_010434862.1, XP_010440190.1
OG0007327	As012G274300	XP_010449835.1, XP_010434865.1, XP_010440192.1
OG0007328	As012G274620	XP_010440231.1, XP_010449876.1, XP_010434906.1
OG0007329	As012G274940	XP_010412872.1, XP_010509702.1
OG0007330	As012G274960	XP_010516640.1, XP_010504962.1, XP_010509703.1
OG0007331	As012G275610	XP_010466417.1, XP_010420669.2, XP_019096166.1
OG0007332	As012G275630	XP_010515654.1, XP_010503923.1, XP_010426802.1
OG0007333	As012G275870	XP_019099867.1, XP_019084848.1, XP_019099852.1, XP_019082483.1
OG0007334	As012G276020	XP_010503990.1, XP_010515714.1, XP_010426866.1
OG0007335	As012G276040	XP_010503991.1, XP_010515715.1, XP_010426867.1
OG0007336	As012G276720	XP_010426954.1, XP_010412750.1, XP_010504075.1
OG0007337	As012G278680	XP_010426759.1, XP_010515616.1, XP_010503882.1
OG0007338	As012G279050	XP_019085063.1, XP_010515601.1, XP_010503866.1
OG0007339	As012G279530	XP_010427138.1, XP_010504244.1, XP_010515967.1
OG0007340	As012G280270	XP_010515997.1, XP_010427168.1, XP_010504272.1
OG0007341	As012G280940	XP_010504318.1, XP_010516033.1, XP_010427217.1
OG0007342	As012G281940	XP_010516121.1, XP_010504405.1, XP_010427320.1
OG0007343	As012G282120	XP_010437901.1, XP_010432705.1
OG0007344	As012G282270	XP_010504450.1, XP_010427373.1
OG0007345	As012G282960	XP_010504557.1, XP_010427477.1, XP_010516257.1
OG0007346	As012G283280	XP_010504594.1, XP_010427524.1, XP_010516284.1
OG0007347	As012G284950	XP_010427772.1, XP_010516517.1, XP_010504824.1
OG0007348	As012G284980	XP_010427774.1, XP_010504826.1, XP_010516519.1
OG0007349	As012G285660	XP_010512228.1, XP_010500149.1, XP_019093715.1, XP_010509044.1
OG0007350	As012G286720	XP_010469161.1, XP_010512390.1, XP_010413538.1
OG0007351	As012G286820	XP_010512407.1, XP_010469151.1, XP_010413525.1
OG0007352	As012G287380	XP_010473805.1, XP_010512468.1, XP_010413427.1
OG0007353	As012G288010	XP_010468991.1, XP_010413313.1, XP_010512589.1
OG0007354	As012G288070	XP_010512597.1, XP_010413307.1, XP_010468984.1
OG0007355	As012G289070	XP_010512728.1, XP_010468878.1, XP_010413185.1
OG0007413	As001G000150	XP_010448010.1, XP_010433246.1, XP_010438491.1
OG0007414	As001G000370	XP_019088547.1, XP_010433212.1, XP_010447973.1
OG0007415	As001G000390	XP_010438444.1, XP_010433209.1, XP_010447971.1
OG0007416	As001G000570	XP_010433189.1, XP_010447944.1, XP_010438409.1
OG0007417	As001G000650	XP_010438392.1, XP_010447924.1, XP_010433170.1
OG0007418	As001G000730	XP_010451144.2, XP_010433160.1, XP_010438378.1
OG0007419	As001G001370	XP_010447844.1, XP_010433086.1, XP_010438291.1
OG0007420	As001G001520	XP_010433074.1, XP_010447817.1, XP_010438275.1
OG0007422	As001G001890	XP_019086836.1, XP_019098744.1, XP_010438233.1, XP_019088947.1
OG0007423	As001G002040	XP_010438221.1, XP_010433031.1, XP_010447772.1
OG0007424	As001G002290	XP_010438197.1, XP_010433006.1
OG0007425	As001G002640	XP_010447695.1, XP_010432967.1
OG0007426	As001G003380	XP_010432901.1, XP_010438078.1, XP_010447615.1
OG0007427	As001G003490	XP_010432881.1, XP_010447591.1, XP_010438057.1
OG0007428	As001G003640	XP_010438048.1, XP_010432871.1, XP_010447580.1
OG0007429	As001G003690	XP_010447557.1, XP_010432865.1, XP_010438042.1
OG0007430	As001G003780	XP_010447505.1, XP_010438028.1, XP_010436311.1
OG0007431	As001G003800	XP_010438025.1, XP_010447508.1, XP_010432851.1
OG0007432	As001G003990	XP_010447537.1, XP_010438002.1, XP_010432824.1
OG0007433	As006G131030, As003G071030, As003G071040, As003G070990, As001G004430, As001G004440, As006G131020, As006G131130	XP_010448044.1, XP_010438517.1
OG0007434	As001G004660	XP_010437940.1, XP_010432761.1, XP_010447427.1
OG0007435	As001G004670	XP_010437939.1, XP_010432758.1, XP_010447425.1
OG0007436	As001G004700	XP_019098699.1, XP_010432749.1, XP_010437934.1, XP_010447418.1
OG0007437	As001G004730	XP_010432745.1, XP_010447414.1, XP_010437929.1
OG0007438	As001G004880	XP_010447397.1, XP_019088635.1, XP_010432732.1
OG0007439	As001G005170	XP_010432702.1, XP_010447373.1, XP_010437892.1
OG0007440	As001G006410	XP_010437867.1, XP_019086197.1, XP_010447354.1
OG0007441	As001G009850	XP_010437787.1, XP_010432596.1, XP_010447268.1
OG0007442	As001G010220	XP_010447289.1, XP_010437806.1
OG0007443	As001G010250, As001G015350	XP_010437762.1, XP_010432562.1, XP_010447240.1
OG0007444	As001G010280, As001G015340	XP_010447241.1, XP_010437763.1, XP_010432563.1
OG0007445	As001G012310	XP_010432514.1, XP_010437718.1, XP_010447196.1
OG0007446	As001G012840	XP_010437652.1, XP_010432445.1, XP_010447117.1
OG0007447	As003G064330, As004G092950, As001G013360, As001G013040	XP_010506949.1, XP_010501715.1, XP_019086259.1, XP_010445291.1, XP_010445156.1, XP_019089118.1, XP_010424630.1, XP_010468832.1
OG0007448	As001G013680	XP_010447157.1, XP_010437675.1, XP_010432473.1
OG0007449	As001G013720	XP_010432478.1, XP_010437684.1, XP_010447159.1
OG0007451	As001G014130	XP_010447079.1, XP_010437615.1, XP_010432413.1
OG0007452	As001G014200, As011G263190	XP_010432407.1, XP_010437609.1, XP_010447070.1
OG0007453	As001G014260	XP_010447061.1, XP_010437598.1, XP_010432398.1
OG0007454	As001G014280	XP_010447055.1, XP_010437588.1, XP_010432395.1
OG0007455	As001G014480	XP_010451049.1, XP_010444967.1, XP_010436261.1
OG0007456	As001G014770	XP_010447015.1, XP_010437546.1, XP_010432361.1
OG0007458	As001G016010, As004G079130	XP_010478898.1, XP_010460975.1, XP_010499699.1
OG0007459	As001G016030	XP_010460976.1, XP_010499701.1
OG0007460	As001G016440	XP_010499742.1, XP_010478615.1
OG0007461	As001G016650	XP_019095054.1, XP_019099338.1, XP_019091721.1
OG0007462	As001G016680	XP_019090876.1, XP_010478638.1, XP_010499761.1
OG0007464	As001G017540	XP_010440098.1, XP_010449717.1, XP_010434769.1
OG0007465	As001G017760	XP_010449739.1, XP_010434791.1, XP_010440123.1
OG0007466	As001G018070	XP_010449791.1, XP_010434823.1, XP_010440154.1
OG0007467	As001G018240	XP_010440170.1, XP_010449802.1, XP_010434839.1
OG0007468	As001G018360	XP_019100891.1, XP_010414887.1, XP_010470342.1
OG0007469	As001G018600	XP_010470368.1, XP_010418915.1, XP_010511574.1
OG0007470	As001G019110	XP_010434437.1, XP_010434968.1, XP_010440294.1
OG0007471	As001G019140	XP_010511300.1, XP_010480272.1, XP_010415006.1
OG0007472	As001G019200	XP_010491364.1, XP_010423204.1, XP_010452713.1, XP_010423203.1, XP_010491365.1, XP_010452714.1
OG0007473	As001G019690	XP_010414752.1, XP_010470270.1
OG0007474	As001G020310	XP_010449526.1, XP_010470217.1, XP_010414685.1
OG0007475	As001G021380	XP_010506596.1, XP_010518260.1, XP_010508072.1, XP_010430091.1, XP_010473127.1, XP_010474416.1
OG0007476	As001G021500	XP_010473315.1, XP_010418063.1, XP_019085203.1
OG0007477	As008G186460, As001G021550	XP_010476014.1, XP_010458496.1, XP_010492393.1
OG0007478	As001G021730	XP_010473368.1, XP_010418128.1, XP_010430168.1
OG0007479	As001G021870	XP_010418142.1, XP_010473385.1, XP_010430190.1
OG0007480	As001G021900	XP_010430193.1, XP_010473392.1, XP_010418146.1
OG0007481	As001G022200	XP_010502053.1, XP_010424838.1
OG0007482	As001G022300	XP_010502070.1, XP_010424851.1
OG0007483	As001G022400	XP_010424862.1, XP_010513840.1, XP_010502092.1
OG0007484	As001G022940, As009G212260	XP_010502174.1, XP_010424954.1, XP_010513910.1
OG0007485	As001G022980, As008G182690	XP_010476544.1, XP_010496485.1, XP_010458986.1
OG0007486	As001G023750	XP_010425056.1, XP_010502296.1
OG0007487	As001G023850	XP_010502311.1, XP_010514071.1, XP_010425076.1
OG0007488	As001G023910	XP_010502327.1, XP_010425104.1, XP_010514086.1
OG0007489	As001G024010	XP_010425121.1, XP_010514101.1, XP_010502347.1
OG0007490	As001G024150	XP_010514121.1, XP_010425147.1, XP_010502373.1
OG0007492	As001G024610	XP_010514177.1, XP_010502435.1, XP_010425205.1
OG0007493	As001G024800	XP_010425231.1, XP_010514200.1, XP_010502460.1
OG0007494	As001G024930	XP_019099832.1, XP_019102071.1, XP_019085754.1
OG0007495	As001G025310	XP_010502552.1, XP_010514284.1
OG0007496	As001G025350	XP_010514278.1, XP_010502563.1, XP_010425335.1
OG0007497	As001G025690	XP_010514343.1, XP_019100092.1, XP_019084789.1
OG0007498	As001G025820	XP_010425429.1, XP_010502647.1, XP_010514370.1
OG0007499	As001G025890	XP_010514382.1, XP_010502658.1, XP_010425435.1
OG0007501	As001G026080	XP_010502682.1, XP_010514410.1, XP_010425458.1
OG0007502	As001G026090	XP_010502683.1, XP_010514411.1, XP_010425459.1
OG0007503	As001G026280	XP_010425483.1, XP_010514438.1
OG0007504	As001G026630, As001G026650	XP_019102205.1, XP_010430816.1, XP_010502777.1
OG0007505	As001G027680	XP_010514632.1, XP_010425719.1, XP_010502865.1
OG0007506	As001G027720	XP_010425722.1, XP_010502870.1, XP_010514637.1
OG0007507	As001G027870	XP_010502968.1, XP_010514654.1, XP_010425743.1, XP_010441040.1, XP_010435824.1, XP_010450830.1
OG0007508	As001G027900	XP_010502974.1, XP_010514661.1, XP_010425749.1
OG0007509	As001G028100	XP_010425774.1, XP_010514680.1, XP_010503003.1
OG0007510	As001G028260	XP_010511638.1, XP_010415288.1, XP_010470621.1, XP_010511639.1
OG0007511	As001G028440	XP_010415250.1, XP_010470596.1, XP_010511618.1
OG0007512	As001G028570	XP_010511584.1, XP_010470554.1, XP_010415217.1
OG0007513	As001G029040	XP_010511544.1, XP_010415158.1, XP_010470485.1
OG0007514	As001G029070	XP_010470483.1, XP_010415153.1, XP_010511539.1
OG0007515	As001G029280	XP_010470451.1, XP_010511121.1, XP_010415118.1
OG0007516	As001G029510	XP_010513517.1, XP_010470431.1, XP_010415072.1
OG0007517	As001G030150	XP_010420507.1, XP_010453980.1, XP_010492745.1
OG0007518	As001G030360	XP_010430600.1, XP_010496922.1, XP_010418534.1
OG0007519	As001G030410	XP_010501114.1, XP_010462349.1
OG0007520	As001G030810	XP_010431733.1, XP_010418466.1, XP_010430533.1, XP_010473665.1
OG0007521	As001G030970	XP_010473644.1, XP_010430512.1, XP_010418438.1
OG0007522	As001G031230	XP_010418394.1, XP_010430469.1, XP_010473611.1
OG0007523	As001G031450	XP_019083669.1, XP_010430425.1, XP_010473563.1
OG0007524	As003G064110, As001G031470	XP_010418345.1, XP_010430426.1, XP_010473561.1
OG0007525	As001G031600	XP_010473538.1, XP_010430392.1, XP_010418318.1
OG0007526	As001G031670	XP_010430377.1, XP_019094095.1, XP_010418305.1
OG0007527	As001G032080	XP_010473464.1, XP_010418240.1, XP_010430300.1
OG0007528	As001G032120	XP_010418233.1, XP_010430294.1, XP_010473458.1
OG0007529	As001G032210	XP_010430273.1, XP_010419457.1, XP_010473447.1, XP_010418217.1
OG0007530	As002G032330	XP_010465039.1, XP_010499284.1, XP_010486987.1
OG0007531	As002G032350	XP_010465036.1, XP_010486985.1, XP_010499254.1
OG0007532	As002G032360	XP_010486984.1, XP_010499242.1, XP_019092914.1
OG0007533	As002G039160	XP_010465018.1, XP_010465019.1, XP_010499059.1
OG0007534	As002G032470	XP_010438516.1, XP_010448046.1, XP_010433272.1
OG0007535	As002G032510	XP_010448364.1, XP_010438830.1, XP_010433587.1
OG0007536	As002G032610	XP_010448344.1, XP_010438818.1, XP_010433570.1
OG0007537	As002G032670	XP_010448331.1, XP_010438808.1, XP_010433561.1
OG0007538	As002G033640	XP_010505838.1, XP_010517524.1, XP_010508799.1
OG0007539	As002G033720	XP_010508811.1, XP_010505828.1, XP_010517515.1
OG0007540	As002G033740	XP_010517510.1, XP_010505824.1, XP_010508814.1
OG0007541	As002G034000	XP_010486476.1, XP_010469617.1, XP_010464554.1
OG0007542	As002G034010	XP_010469721.1, XP_010464555.1, XP_010486477.1
OG0007543	As002G034070	XP_010470301.1, XP_010486483.1, XP_010464561.1
OG0007544	As002G034350	XP_010486524.1, XP_010473847.1, XP_010464598.1
OG0007545	As002G034380	XP_010486529.1, XP_010474064.1, XP_010464602.1
OG0007546	As002G034700	XP_010464631.1, XP_010476353.1, XP_010486546.1
OG0007547	As002G034850	XP_010464638.1, XP_010486557.1, XP_010477459.1
OG0007548	As002G035160, As002G035170	XP_010423667.1, XP_010490866.1, XP_010452270.1
OG0007549	As002G035190	XP_010479942.1, XP_010486584.1, XP_010464662.1
OG0007550	As002G035290	XP_010464670.1, XP_010486602.1, XP_010480673.1
OG0007551	As002G035580	XP_010486636.1, XP_010483045.1, XP_010464707.1
OG0007552	As002G035940, As002G035880	XP_010486665.1, XP_010485254.1, XP_010464728.1
OG0007553	As002G035980	XP_010452362.1, XP_010490977.1, XP_010423557.1
OG0007554	As002G036350	XP_010486692.1, XP_010492872.1, XP_010464754.1
OG0007555	As002G036990	XP_010464821.1, XP_010487340.1, XP_010486764.1
OG0007556	As002G037160	XP_010486776.1, XP_010464831.1, XP_010418744.1
OG0007557	As002G037210	XP_010464843.1, XP_010495429.1, XP_010486793.1
OG0007558	As002G037380	XP_010464866.1, XP_010496746.1, XP_010486815.1
OG0007559	As002G037460	XP_010464880.1, XP_010486831.2, XP_010497599.2
OG0007560	As002G037530	XP_010486837.1, XP_010497983.1, XP_010464901.1
OG0007561	As002G037550	XP_010498048.1, XP_010486841.1, XP_010464896.1
OG0007562	As002G037620	XP_010486846.1, XP_010498123.1, XP_010464889.1
OG0007563	As002G037770	XP_010438508.1, XP_010433265.1, XP_010448033.1
OG0007564	As002G037980	XP_010464939.1, XP_010486869.1, XP_010498302.1
OG0007565	As002G038000	XP_010498314.1, XP_010486870.1, XP_010464940.1
OG0007566	As002G038170	XP_010498364.1, XP_010464945.1, XP_010486875.2
OG0007567	As002G038870	XP_010498863.1, XP_010486927.1, XP_010464993.1
OG0007568	As002G038890	XP_010486929.1, XP_010498891.1
OG0007569	As002G039630	XP_010516335.1, XP_019085330.1, XP_010504650.1
OG0007570	As002G040500	XP_010441249.1, XP_010482284.1, XP_010442463.1
OG0007571	As002G041280, As002G041250, As002G041300, As002G041320, As004G089330	XP_010481403.1, XP_010441526.2, XP_010494878.1
OG0007572	As002G041540, As003G065590	XP_010461543.1, XP_019094544.1, XP_010500268.1
OG0007573	As002G042350	XP_010442549.1, XP_010482368.1, XP_010442253.1
OG0007574	As002G042420	XP_010482375.1, XP_010442311.1, XP_010446011.1
OG0007575	As002G042580	XP_010442560.1, XP_019095779.1, XP_010442375.1
OG0007576	As002G042650	XP_019095469.1, XP_010442563.1, XP_010442395.1
OG0007577	As002G042750	XP_010437770.1, XP_019089683.1, XP_010432571.1
OG0007578	As002G044270	XP_010482606.1, XP_010444864.1, XP_010442771.1
OG0007579	As002G044710	XP_010442894.1, XP_010482725.1, XP_010445719.1
OG0007580	As002G044760	XP_019095771.1, XP_019087905.1, XP_019091598.1
OG0007581	As002G044880	XP_010482698.1, XP_010445559.1, XP_010442868.1
OG0007582	As002G044950	XP_010482689.1, XP_010445520.1, XP_010442861.1
OG0007583	As002G044990	XP_019087638.1, XP_010485094.1, XP_010445487.1
OG0007584	As002G045050	XP_010442896.1, XP_010445728.1, XP_010482726.1
OG0007585	As002G045160	XP_010482732.1, XP_010445781.1, XP_010442902.1
OG0007586	As002G045510	XP_010446482.1, XP_010442987.1, XP_010482820.1
OG0007587	As002G045650	XP_010446095.1, XP_010446314.1, XP_010482805.1
OG0007588	As002G046150	XP_010446867.1, XP_010443016.1, XP_010482847.1
OG0007589	As002G046360	XP_010448347.1, XP_010482865.1, XP_010443035.1
OG0007590	As002G046700	XP_010443074.1, XP_010482904.1, XP_010448828.1
OG0007591	As002G047370	XP_010449917.1, XP_010483011.1, XP_010443199.1
OG0007592	As002G047630, As006G134350	XP_010450217.1, XP_010483056.1, XP_010443226.1
OG0007593	As002G047840	XP_010483076.1, XP_010450646.1, XP_010443248.1
OG0007594	As002G047940	XP_010450755.1, XP_010483088.1, XP_010443264.1
OG0007595	As002G048210, As008G185900	XP_010476086.1, XP_010458560.1, XP_010493005.1
OG0007596	As002G048580	XP_010483175.1, XP_010451569.1, XP_010443347.1
OG0007597	As002G048660	XP_010483191.1, XP_010451720.1, XP_010443364.1
OG0007598	As002G048710	XP_010443368.1, XP_010483194.1, XP_010451740.1
OG0007599	As002G048760	XP_010451781.1, XP_010443376.1, XP_010483203.1
OG0007600	As002G049080	XP_010483251.1, XP_010443423.1
OG0007601	As002G049130	XP_010443427.1, XP_010446166.1, XP_010483254.1, XP_010452071.1
OG0007602	As002G049330	XP_010483296.1, XP_010443467.1, XP_010452640.1
OG0007603	As002G049470	XP_010443489.1, XP_010483319.1, XP_010452812.1
OG0007604	As002G049960	XP_010477160.1, XP_019088436.1, XP_019096090.1
OG0007605	As002G050100	XP_010494007.1, XP_010455119.1, XP_010421607.2
OG0007606	As002G050240	XP_010453411.1, XP_010492090.1, XP_010419915.1
OG0007607	As007G162250, As002G050510	XP_010453371.1, XP_010424075.1, XP_010419880.1
OG0007608	As002G050580	XP_010419873.1, XP_010453363.1, XP_010492050.1
OG0007609	As002G050630	XP_010419868.1, XP_010453360.1, XP_010492044.1
OG0007610	As002G050750	XP_010492026.1, XP_019090046.1, XP_010453340.1, XP_010419849.1
OG0007611	As002G050880	XP_010491998.1, XP_010419827.1, XP_010453307.1
OG0007612	As002G050980	XP_010419817.1, XP_010453293.1, XP_010491986.1
OG0007613	As002G051150	XP_019083783.1, XP_010491967.1, XP_010453274.1
OG0007614	As002G051200	XP_010453268.1, XP_010419788.1, XP_010491960.1
OG0007615	As002G051310	XP_010491947.1, XP_010453257.1, XP_010419775.1
OG0007616	As002G051480	XP_010491927.1, XP_010453230.1, XP_010419761.1
OG0007617	As002G051800	XP_010453192.1, XP_010419720.1, XP_010491882.1
OG0007618	As002G051820	XP_010419717.1, XP_010491878.1
OG0007619	As002G052020	XP_010419677.1, XP_010453167.1, XP_010491844.1
OG0007620	As002G052200	XP_010419654.1, XP_010491791.1, XP_010453135.1
OG0007621	As002G052610	XP_019090008.1, XP_019084430.1, XP_010491735.1
OG0007622	As002G054000	XP_010491544.1, XP_010452904.1, XP_010423017.1
OG0007623	As002G054180	XP_010423041.1, XP_019090258.1, XP_019098081.1
OG0007624	As002G054260	XP_010423057.1, XP_010491498.1, XP_010452864.1
OG0007625	As002G054330	XP_010423074.1, XP_010491487.1, XP_010452849.1
OG0007626	As002G054700	XP_010452794.1, XP_010491441.1, XP_010423126.1
OG0007627	As002G054730	XP_010423130.1, XP_010491437.1, XP_010452791.1
OG0007628	As002G054930	XP_010491410.1, XP_010452759.1, XP_010423159.1
OG0007629	As002G055450	XP_010423230.1, XP_010491334.1, XP_010452686.1
OG0007630	As002G055510	XP_010423237.1, XP_010452681.1, XP_010491328.1
OG0007632	As003G056210	XP_010439936.1, XP_010449553.1, XP_010434613.1
OG0007633	As003G056350	XP_010439921.1, XP_010434597.1, XP_010449533.1
OG0007634	As003G056410	XP_010439912.1, XP_010434586.1, XP_010449515.1
OG0007635	As003G056470	XP_010439905.1, XP_010449505.1, XP_010434579.1
OG0007636	As003G056830	XP_010517537.1, XP_010434539.1, XP_010439857.2
OG0007637	As003G057290	XP_010422254.1, XP_010432986.1, XP_010496165.1
OG0007638	As003G057330	XP_010434483.1, XP_010439796.1, XP_010449452.1
OG0007639	As003G057410	XP_010439783.1, XP_010434475.1, XP_010449435.1
OG0007640	As003G057600	XP_010449386.1, XP_010434442.1, XP_010439750.1
OG0007641	As003G057780	XP_010439717.1, XP_010434419.1, XP_010449356.1
OG0007642	As003G058150	XP_010434342.1, XP_010434341.1, XP_010439631.1, XP_010497826.1, XP_010449272.1
OG0007643	As003G058280	XP_019087381.1, XP_010436472.1, XP_010451345.1
OG0007644	As003G058290	XP_010483928.1, XP_010444067.1, XP_010458321.1
OG0007645	As003G058640	XP_010449167.1, XP_010439570.1, XP_010434278.1
OG0007646	As003G058900	XP_010434253.1, XP_019088746.1, XP_010449137.1
OG0007647	As004G086180, As003G059420	XP_010455853.1, XP_010422413.1, XP_010431672.1
OG0007648	As003G059450	XP_010434181.1, XP_010439476.1, XP_010449070.1
OG0007649	As003G059710	XP_010449021.1, XP_010434145.1, XP_010439444.1
OG0007650	As003G060110	XP_010439369.1, XP_010434085.1, XP_010448941.1
OG0007651	As003G060230	XP_010448928.1, XP_010434074.1, XP_010439362.1
OG0007652	As003G060310	XP_010448916.1, XP_010439356.1, XP_010434067.1
OG0007653	As003G060380	XP_010434058.1, XP_010439342.1, XP_010448905.1
OG0007654	As003G060510	XP_010434040.1, XP_010448881.1, XP_010439325.1
OG0007655	As003G060590	XP_010434013.1, XP_010448866.1, XP_010439309.1
OG0007656	As003G060680, As004G085030	XP_010448852.1, XP_010434003.1, XP_010439298.1, XP_010436433.1
OG0007657	As003G060890	XP_010448813.1, XP_019086975.1, XP_010433976.1
OG0007658	As003G061000	XP_010439241.1, XP_010448784.1
OG0007659	As003G061020	XP_010439237.1, XP_010448780.1, XP_010433947.1
OG0007660	As003G061680	XP_010439156.1, XP_010509307.1, XP_010433885.1
OG0007661	As003G061830	XP_019087227.1, XP_010448665.1, XP_010433867.1
OG0007662	As003G062020	XP_010448637.1, XP_010439110.1, XP_010433837.1
OG0007663	As003G062600, As004G083690	XP_010478740.1, XP_010461140.1, XP_010499862.1
OG0007664	As003G062640	XP_010499867.1, XP_010461145.1, XP_010478745.1
OG0007665	As003G062770	XP_010499889.1, XP_010478762.1, XP_019091256.1
OG0007666	As003G063120	XP_010499938.1, XP_010478813.1, XP_010461217.1
OG0007667	As003G063470	XP_010461276.1, XP_010500002.1, XP_019098304.1
OG0007668	As003G064170	XP_010511128.1, XP_010461355.1, XP_010500073.1
OG0007669	As003G064450	XP_010479058.1, XP_010461452.1
OG0007670	As003G065430	XP_010500291.1, XP_010479167.1, XP_010461567.1
OG0007671	As003G065880	XP_019091781.1, XP_010500247.1, XP_010479124.1
OG0007672	As003G066810	XP_010462528.1, XP_010461571.1, XP_010479175.1
OG0007673	As003G067020, As008G191680	XP_010486331.1, XP_010464398.1, XP_010456023.1
OG0007674	As003G068540	XP_010460581.1, XP_010499307.1, XP_010478169.1
OG0007675	As003G068870	XP_010499344.1, XP_010478197.1, XP_010460616.1
OG0007676	As003G068950, As006G121750, As011G266980	XP_010417255.1, XP_010429488.1, XP_010472506.1
OG0007677	As003G069090	XP_010478217.1, XP_010499372.1, XP_010460638.1
OG0007678	As003G069190	XP_019095145.1, XP_010460649.1, XP_010499386.1
OG0007679	As003G069840	XP_010478283.1, XP_010460696.1, XP_010499440.1
OG0007680	As003G070710	XP_010499533.1, XP_010478391.1
OG0007681	As003G070870	XP_010460826.1, XP_010478422.1, XP_010499567.1
OG0007682	As003G071260, As012G274930	XP_010499612.1, XP_010460876.1, XP_010478499.1
OG0007683	As003G071280	XP_010463011.1, XP_010501669.1
OG0007684	As003G071350	XP_010478512.1, XP_010499624.1, XP_010460885.1
OG0007685	As003G071760	XP_010446912.1, XP_010432272.1
OG0007686	As003G071850, As010G236490	XP_010490795.1, XP_019084556.1
OG0007687	As003G072110	XP_010432227.1, XP_010446877.1, XP_010437421.1
OG0007688	As003G072240	XP_010432208.1, XP_010446849.1
OG0007689	As003G072290	XP_010437396.1, XP_010446845.1, XP_010432205.1
OG0007690	As003G072520	XP_010432185.1, XP_010437361.1, XP_010446810.1
OG0007691	As003G072710	XP_010437335.1, XP_019089805.1, XP_019086925.1
OG0007692	As003G072730, As003G072750	XP_010446777.1, XP_010432165.1
OG0007693	As003G072960	XP_010446746.1, XP_010437307.1, XP_010432138.1
OG0007694	As003G073210	XP_010437281.1, XP_010432110.1, XP_010446718.1
OG0007695	As007G179490, As003G073250	XP_010472340.1, XP_010417096.1, XP_010429293.1
OG0007696	As003G073340	XP_010446698.1, XP_010437260.1, XP_010437261.1, XP_010432090.1
OG0007697	As003G073830	XP_010437214.1, XP_010432050.1, XP_010446650.1
OG0007698	As003G073980	XP_010446637.1, XP_010432040.1, XP_010437193.1
OG0007699	As003G074030	XP_019086601.1, XP_019087040.1, XP_010446630.2
OG0007700	As003G074040	XP_010446629.1, XP_010432035.1, XP_019087270.1
OG0007701	As003G074180	XP_010437173.1, XP_010432021.1, XP_010446615.1
OG0007702	As003G074430	XP_010437151.1, XP_010432001.1, XP_010446595.1
OG0007703	As003G074580	XP_010431995.1, XP_019087266.1, XP_010497057.1
OG0007704	As003G074820	XP_010437114.1, XP_010446555.1, XP_010431968.1
OG0007705	As003G074990	XP_010446530.1, XP_010444896.1, XP_010431949.1, XP_010437093.1
OG0007706	As003G075150	XP_010437073.1, XP_010446499.1, XP_010431924.1
OG0007707	As003G076310, As007G182140	XP_010446360.1, XP_010431790.1, XP_010436947.1
OG0007708	As004G076700	XP_010435435.1, XP_019088764.1, XP_010450378.1, XP_010450377.1
OG0007709	As004G077200	XP_010440860.1, XP_010450501.1, XP_010436714.1
OG0007710	As004G078010	XP_010450860.1, XP_010441015.1, XP_010435796.1
OG0007711	As004G078720	XP_010516666.1, XP_010504989.1, XP_010509680.1
OG0007712	As004G078790	XP_010509665.1, XP_010516676.1, XP_010505003.1
OG0007713	As004G078900	XP_010516683.1, XP_010509647.1, XP_010507548.1
OG0007714	As004G078920	XP_010458351.1, XP_010490771.1, XP_010475879.1
OG0007715	As004G078940	XP_010460943.1, XP_010499671.1, XP_010478563.1
OG0007716	As004G079590	XP_010420545.1, XP_019090063.1, XP_010492800.1
OG0007717	As004G079720	XP_010516701.1, XP_010505028.1, XP_010509636.1
OG0007718	As004G079760	XP_010509638.1, XP_010516694.1, XP_010505022.1
OG0007719	As004G080100	XP_010421871.1, XP_010438225.1, XP_010455356.1
OG0007720	As004G080430	XP_010436121.1, XP_010421812.1, XP_010455305.1
OG0007721	As004G080950	XP_010455263.1, XP_010469761.1, XP_010421746.1
OG0007722	As004G080990	XP_010460773.1, XP_010430407.1, XP_010431713.1
OG0007723	As004G081130	XP_010413773.1, XP_010509788.1, XP_010469388.1
OG0007724	As004G081250	XP_010413782.1, XP_010469401.1, XP_010509798.1
OG0007725	As004G081340	XP_010413793.1, XP_019094135.1, XP_010509814.1
OG0007726	As004G081410	XP_019082517.1, XP_010509823.1, XP_019082932.1, XP_010469419.1
OG0007727	As004G081420	XP_010469421.1, XP_010509825.1, XP_010413802.1
OG0007728	As004G081720	XP_010509869.1, XP_010469456.1, XP_010413845.1
OG0007729	As004G081790	XP_010413853.1, XP_019094092.1, XP_010509876.1
OG0007730	As004G082240	XP_010442110.1, XP_010481935.1, XP_010494245.1
OG0007731	As004G083650	XP_010455432.1, XP_010437178.1, XP_010421954.1
OG0007732	As004G084180	XP_010424524.1, XP_019090381.1, XP_010435677.1
OG0007733	As004G084400	XP_010455531.1, XP_010422072.1, XP_010435231.1
OG0007734	As004G084650	XP_010422122.1, XP_010455582.1, XP_010434580.1
OG0007735	As004G085160	XP_010422206.1, XP_010455681.1, XP_010433480.1
OG0007736	As004G085390	XP_010433195.1, XP_010422238.1, XP_010455713.1
OG0007737	As004G085640	XP_010455724.1, XP_010432828.1, XP_010496182.1
OG0007738	As004G085990	XP_010431996.1, XP_010422337.1, XP_010455817.1
OG0007740	As004G086080	XP_010467813.1, XP_010422372.1, XP_010455837.1
OG0007741	As004G087040	XP_010481731.1, XP_010481724.1, XP_010441844.1, XP_010494508.1
OG0007742	As004G087600	XP_010481651.1, XP_010441782.1, XP_010494583.1
OG0007743	As004G087870	XP_010494634.1, XP_010481597.1, XP_010441736.1
OG0007744	As004G088070	XP_010481554.1, XP_010494672.1, XP_010441696.1
OG0007745	As004G088360	XP_010441658.1, XP_010481519.1, XP_010494742.1
OG0007746	As004G088470	XP_010481512.1, XP_010441646.1, XP_010494753.1
OG0007747	As004G088590	XP_010441630.1, XP_010481501.1, XP_010494773.1
OG0007748	As004G088700	XP_010441610.1, XP_010481480.1, XP_010494794.1
OG0007749	As004G088750	XP_010481469.1, XP_010441600.1
OG0007750	As004G088970	XP_010445789.1, XP_010441575.1, XP_010441574.1, XP_010481448.1, XP_010494829.1
OG0007751	As009G214560, As004G089000	XP_010452348.1, XP_010490962.1, XP_010423570.1
OG0007752	As004G089070	XP_010481437.1, XP_010441567.1, XP_010494839.1
OG0007753	As004G089120	XP_010494849.1, XP_010481426.1, XP_010441560.1
OG0007754	As004G089510	XP_010494885.1, XP_019087553.1, XP_010481400.1
OG0007755	As004G091350, As004G091390	XP_010445365.1, XP_010440229.1, XP_010449874.1
OG0007756	As004G092060	XP_010450395.1, XP_010440746.1, XP_010435446.1
OG0007757	As009G212100, As004G092180	XP_010435461.1, XP_010440756.1, XP_010450409.1
OG0007758	As004G092630	XP_010435371.1, XP_010479980.1, XP_010496525.1
OG0007760	As004G093780	XP_010488569.1, XP_010513627.1, XP_010466876.1, XP_010493921.1
OG0007761	As004G094050	XP_019089788.1, XP_010440590.1
OG0007762	As004G094850	XP_010435221.1, XP_010495839.1, XP_010450156.1
OG0007763	As004G095370, As011G255340	XP_010450058.1, XP_010435147.1, XP_010440490.1
OG0007764	As004G096450, As011G253760	XP_010440317.1
OG0007765	As004G097770	XP_010450574.1, XP_010441266.1, XP_010436043.1
OG0007766	As004G098220	XP_010447997.1, XP_010441354.1, XP_010436882.1
OG0007767	As004G098420	XP_010447029.1, XP_010436162.1
OG0007768	As004G098510	XP_010418124.1, XP_010430164.1
OG0007769	As005G098880	XP_019100681.1, XP_019082453.1, XP_010507840.1
OG0007770	As005G099130, As005G099110, As005G099120	XP_010507859.1, XP_010518489.1
OG0007771	As005G099200, As005G099190	XP_010506807.1, XP_010507863.1, XP_010518481.1
OG0007772	As005G099560	XP_010506772.1, XP_010507897.1
OG0007773	As005G099660	XP_010506761.1, XP_010507912.1, XP_010518421.1
OG0007774	As005G099730	XP_010506748.1, XP_010518414.1, XP_010507917.1
OG0007775	As005G099750	XP_010518412.1, XP_010506747.1, XP_010507918.1
OG0007776	As005G100460	XP_010506666.1, XP_010518331.1, XP_010507999.1
OG0007777	As005G100520	XP_010518322.1, XP_010506657.1, XP_010508009.1
OG0007778	As005G100880	XP_010506618.1, XP_010518287.1, XP_010508054.1
OG0007779	As005G100990	XP_010506608.1, XP_010508063.1, XP_010518273.1
OG0007780	As005G101010	XP_019101155.1, XP_019082421.1, XP_010506603.1
OG0007781	As005G101040	XP_019100648.1, XP_010518263.1, XP_010508068.2
OG0007782	As005G101070	XP_010508073.1, XP_010506595.1, XP_010518259.1
OG0007783	As005G101080	XP_010507764.1
OG0007784	As005G101160	XP_010506575.1, XP_010518237.1, XP_010508094.1
OG0007785	As005G101390	XP_010518212.1, XP_010508127.1, XP_019100702.1, XP_010506536.1
OG0007786	As005G101740	XP_010507752.1, XP_010508174.1, XP_010518158.1
OG0007787	As005G102300	XP_010506419.1, XP_010518091.1, XP_010508240.1
OG0007788	As005G102800	XP_019100705.1, XP_010506367.1, XP_010518042.1
OG0007789	As005G103080	XP_010508332.1, XP_010506327.1, XP_010518004.1
OG0007790	As005G103160	XP_010506311.1, XP_010508346.1, XP_010517989.1
OG0007791	As005G103300	XP_010508362.1, XP_010506294.1, XP_010413042.1
OG0007792	As005G104450	XP_010517836.1, XP_010506142.1, XP_010508505.1
OG0007793	As005G104780	XP_010517784.1, XP_010506087.1
OG0007794	As005G105020	XP_010517696.1, XP_010505994.1, XP_010508641.1
OG0007795	As005G105180	XP_010508605.1, XP_010517734.1, XP_010506029.1
OG0007796	As005G106420, As006G142140	XP_010490535.1, XP_010451962.1, XP_010423971.1
OG0007797	As005G106670	XP_010490574.1, XP_010423947.1, XP_010451996.1
OG0007798	As005G106860	XP_010490592.1, XP_010423924.1
OG0007799	As005G106980	XP_010423913.1, XP_010452027.1, XP_010490607.1
OG0007800	As005G107100	XP_010490616.1, XP_010452035.1, XP_010423907.1
OG0007801	As005G107440	XP_019084749.1, XP_010452077.1, XP_010490689.1
OG0007802	As005G107540	XP_010452090.1, XP_010490705.1, XP_010423859.1
OG0007803	As005G107580	XP_010423849.1, XP_010490714.1, XP_010452098.1
OG0007804	As005G107590	XP_010452099.1, XP_010490715.1, XP_010423848.1
OG0007805	As005G107780	XP_010423828.1, XP_010452121.1, XP_010490736.1
OG0007806	As005G108810, As005G107820	XP_010490878.1, XP_010423657.1, XP_010452279.1
OG0007807	As005G108000	XP_010423778.1, XP_010452170.1, XP_010490775.1
OG0007808	As005G108770	XP_010490872.1, XP_010423660.1
OG0007809	As005G108920	XP_010490888.1, XP_010452292.1, XP_010423647.1
OG0007810	As005G109140, As005G108940	XP_010452307.1, XP_010490915.1
OG0007811	As005G109220	XP_010490921.1, XP_010423620.1
OG0007812	As005G109340	XP_010490929.1, XP_010452319.1, XP_010423600.1
OG0007813	As005G109430	XP_010423593.1, XP_010452327.1, XP_010490940.1
OG0007814	As005G109910	XP_010492997.1, XP_019090579.1, XP_019084212.1, XP_019098502.1
OG0007815	As005G109990	XP_010420783.1, XP_010454253.1, XP_010493048.1
OG0007817	As005G111960	XP_010420902.1, XP_010454367.1, XP_010493165.1
OG0007818	As005G112250	XP_010420924.1, XP_010454384.1, XP_019097615.1
OG0007819	As005G112500	XP_010454415.1, XP_010493215.1, XP_010420946.1
OG0007820	As008G198270, As005G112570	XP_010420952.1, XP_010456617.1, XP_010493221.1
OG0007821	As005G112620	XP_019090704.1, XP_010420960.1
OG0007822	As005G112660	XP_010493234.1, XP_010454437.1, XP_010420962.1
OG0007823	As005G113030	XP_010420987.1, XP_010493255.1, XP_019090711.1
OG0007824	As005G113460	XP_010454507.1, XP_010421034.1, XP_010493329.1
OG0007825	As005G113670	XP_010454552.1
OG0007826	As005G113900	XP_010443884.1, XP_010483733.1, XP_010456751.1
OG0007827	As005G114010	XP_010456685.1, XP_010443874.1, XP_010483723.1
OG0007828	As005G114200	XP_010456527.1, XP_010443851.1
OG0007829	As005G114470	XP_010443811.1, XP_010456097.1, XP_010483664.1
OG0007830	As005G114630	XP_010455813.1, XP_010483646.1, XP_010443789.1
OG0007831	As005G114930	XP_010455415.1, XP_010483614.1, XP_010443743.1
OG0007832	As005G115250	XP_010485220.1
OG0007833	As005G115820	XP_010454577.1, XP_010483517.1, XP_010443653.1
OG0007834	As005G115970	XP_010454344.1, XP_010483494.1, XP_010443636.1
OG0007835	As005G116020	XP_010459891.1, XP_010497706.1, XP_010484035.1
OG0007836	As005G116110	XP_010478231.1, XP_010446249.1, XP_019088378.1, XP_019095858.1
OG0007837	As005G116120	XP_010459939.1, XP_010444198.1, XP_010444199.1, XP_010484044.1
OG0007838	As005G116370	XP_010444248.1, XP_010460524.1, XP_010484084.1
OG0007839	As005G116540	XP_010451626.1, XP_010483178.1, XP_010443351.1
OG0007840	As005G116920	XP_010484166.1, XP_010461252.1
OG0007841	As005G117000	XP_019094046.1, XP_010484172.1, XP_010444329.1
OG0007842	As005G117540	XP_019087692.1, XP_010461950.1
OG0007843	As005G117680	XP_010462881.1, XP_010484255.1, XP_010444406.1
OG0007844	As005G117830	XP_010484274.1, XP_010462696.1
OG0007845	As005G117850	XP_010444436.1, XP_010462684.1, XP_010484277.1
OG0007846	As005G118320	XP_010462097.1, XP_010484332.1, XP_010444504.1
OG0007847	As005G118350	XP_010444548.1, XP_010484392.1, XP_010463266.1
OG0007849	As005G118720	XP_010463463.1, XP_010484403.1, XP_010444577.1
OG0007850	As005G118730	XP_010463469.1, XP_019096092.1, XP_010444578.1
OG0007851	As005G118830	XP_010463542.1, XP_019088573.1, XP_010484419.1
OG0007852	As005G119030	XP_010484478.1, XP_010444622.1, XP_010463862.1
OG0007853	As005G119260	XP_010484512.1, XP_010464160.1
OG0007854	As005G119330, As010G221280	XP_010444669.1, XP_010484518.1, XP_010464243.1
OG0007855	As005G119420	XP_010464346.1, XP_010484529.1, XP_010444679.1
OG0007857	As005G120310	XP_010444792.1, XP_010484639.2, XP_010465460.1
OG0007858	As005G120510	XP_010503799.1, XP_010426655.1, XP_010515504.1
OG0007859	As005G120540	XP_010444817.1, XP_010465711.1, XP_019095409.1
OG0007860	As006G121250	XP_010427333.1, XP_010456251.1
OG0007861	As006G121380	XP_010427218.1, XP_010456266.1, XP_010419603.1
OG0007862	As006G121780	XP_010456236.1, XP_010422802.1, XP_010427521.1
OG0007863	As006G122040	XP_010427922.1, XP_010456200.1
OG0007864	As006G122090	XP_010427956.1, XP_010422753.1, XP_010456192.1
OG0007865	As006G122370	XP_010422720.1, XP_019085071.1, XP_010428315.1, XP_010456156.1
OG0007866	As006G122570	XP_010428617.1, XP_010422698.1, XP_010456135.1
OG0007867	As006G122920	XP_010456075.1, XP_010429181.1, XP_010422635.1
OG0007868	As006G123080	XP_010456055.1
OG0007869	As006G123110	XP_010456051.1, XP_010422612.1
OG0007870	As006G123140	XP_010429523.1, XP_010422608.1, XP_010456047.1
OG0007871	As006G123520	XP_010430090.1, XP_010455990.1, XP_010422551.1
OG0007872	As006G123570	XP_019085131.1, XP_010430316.1, XP_010422539.1, XP_010455918.1
OG0007873	As006G123810	XP_010455962.1, XP_019084159.1, XP_019089067.1
OG0007874	As006G123990	XP_010430780.1, XP_010422489.1
OG0007875	As006G124350	XP_010494422.1, XP_010441919.1, XP_010481769.1
OG0007876	As006G124670	XP_019087733.1, XP_010494378.1, XP_010481803.1
OG0007877	As006G125220	XP_010484868.1, XP_010442037.1, XP_010494311.1
OG0007878	As006G125270	XP_010413866.1, XP_010469478.2, XP_010509890.1
OG0007879	As006G125310, As008G196130	XP_010509895.1, XP_010413870.1, XP_010469480.1
OG0007880	As006G125650	XP_010469615.1, XP_010414015.1, XP_010510046.1
OG0007881	As006G125670	XP_010510058.1, XP_010414017.1, XP_010469620.1
OG0007882	As006G125690	XP_010469622.1, XP_010510060.2, XP_010414020.1
OG0007884	As006G126120	XP_010469605.1, XP_010418695.1, XP_010513132.1
OG0007885	As008G194640, As006G126930	XP_010414079.1, XP_010510146.1, XP_010469665.1
OG0007886	As006G127420	XP_010469743.1, XP_010414161.1
OG0007887	As006G127530	XP_010469757.1, XP_010414178.1, XP_010510236.1
OG0007888	As006G127650	XP_010469774.1, XP_010414190.1, XP_010510260.1
OG0007890	As006G127730, As008G193570	XP_010475384.1, XP_010486268.1, XP_010457782.1
OG0007891	As006G127810	XP_010510279.1, XP_010414209.1, XP_010469788.1
OG0007892	As006G128030	XP_019083030.1, XP_010469847.1, XP_010510344.1
OG0007893	As006G128140	XP_010469862.1, XP_010414274.1, XP_010510370.1
OG0007894	As006G128170	XP_010510376.1, XP_010469868.1, XP_010414279.1
OG0007895	As006G128290	XP_010469881.1, XP_010510390.1, XP_010414288.1
OG0007896	As006G128450	XP_010480373.1, XP_019091798.1, XP_019098875.1
OG0007897	As006G128460	XP_010469900.1, XP_010414317.1, XP_010510414.1
OG0007898	As006G129430	XP_010414484.1, XP_010470049.1, XP_010510580.1
OG0007899	As006G129440	XP_010414485.1, XP_010470050.1, XP_010510581.1
OG0007900	As006G129790	XP_010470077.1, XP_010510620.1, XP_010414520.1
OG0007901	As006G129830	XP_010414526.1, XP_010470083.1, XP_010510625.1
OG0007902	As006G129940	XP_010470102.1, XP_010414550.1, XP_010510642.1
OG0007903	As006G130240	XP_010417940.1, XP_019093935.1, XP_010510714.1
OG0007904	As006G130560	XP_010510823.1, XP_010417848.1, XP_010473093.1
OG0007905	As006G131190	XP_010473057.1, XP_019100847.1, XP_010417819.1
OG0007906	As006G131510	XP_010452570.1, XP_010423342.1
OG0007907	As006G131650	XP_010419361.1, XP_010472671.1
OG0007908	As006G131740	XP_010429645.1, XP_010417407.1, XP_010472653.1
OG0007909	As006G132380	XP_010433374.1, XP_010438620.1, XP_010448140.1
OG0007910	As006G132570	XP_019089044.1, XP_010433401.1, XP_010438656.1
OG0007911	As006G132860, As009G200510	XP_010453604.1, XP_019084715.1, XP_010492291.1
OG0007912	As006G133110	XP_010489626.1, XP_010435630.1, XP_010485409.1, XP_010496298.1
OG0007913	As006G133400	XP_010492209.1, XP_010453525.1, XP_010420033.1
OG0007914	As006G133970	XP_010440838.1, XP_010450485.1, XP_010435557.1, XP_010440834.1
OG0007915	As006G134170	XP_010438747.1, XP_010448264.1, XP_010433497.1
OG0007916	As006G134830	XP_010412871.1, XP_010485527.1, XP_010463560.1
OG0007917	As006G134870	XP_010485534.1, XP_010423080.1, XP_010463568.1
OG0007918	As006G134890, As009G201310	XP_010492356.1, XP_010453658.1, XP_010424102.1
OG0007919	As006G135130	XP_010448534.1, XP_019098608.1, XP_010485451.1, XP_010463607.1
OG0007920	As006G135370	XP_010478914.1, XP_010477172.1, XP_010463641.1, XP_010485479.1
OG0007921	As006G135670	XP_010500279.1, XP_010463685.1, XP_010485585.1, XP_010417335.1
OG0007922	As006G135800	XP_010501565.1, XP_010485608.2, XP_010463705.1
OG0007923	As006G135880	XP_010463719.1, XP_010502431.1, XP_010485618.1
OG0007924	As006G136110	XP_010485645.1, XP_010506401.1, XP_010463756.1
OG0007925	As009G203430, As006G136480	XP_010510727.1, XP_010463794.1
OG0007926	As006G136880	XP_010485729.1, XP_010513859.1
OG0007927	As006G137360	XP_010485780.1, XP_010518340.1, XP_010463883.1
OG0007928	As006G137900	XP_010468011.1, XP_010463956.1, XP_010485853.1, XP_010417937.1
OG0007929	As006G137940	XP_010463960.1, XP_010418365.1, XP_010485858.1
OG0007930	As006G138110	XP_019097011.1, XP_010420004.1, XP_010463978.1
OG0007931	As006G138210	XP_019099985.1, XP_010485910.1
OG0007932	As006G138340	XP_010421247.1, XP_010485887.1, XP_010463986.1
OG0007934	As006G138470	XP_010424603.1, XP_019092406.1, XP_010485951.1
OG0007935	As006G138630	XP_010425982.2, XP_010485974.1, XP_010464054.1
OG0007936	As006G138780	XP_010464078.2, XP_010486003.1, XP_010428340.1
OG0007937	As006G138840	XP_010464070.1, XP_010485995.1, XP_010427712.1
OG0007938	As006G139070	XP_019092132.1, XP_019096194.1, XP_010430951.1
OG0007939	As006G139390	XP_010464153.1, XP_010486074.1, XP_010434012.1
OG0007940	As006G139520	XP_010435056.1, XP_010486084.1, XP_010468041.1, XP_019092740.1
OG0007941	As006G139700	XP_010486103.1, XP_010436263.1, XP_010464179.1
OG0007942	As006G140130	XP_010464222.1, XP_010486158.1, XP_010440949.1
OG0007943	As006G140180	XP_010464228.1, XP_010486164.1, XP_010441681.1
OG0007944	As006G140200	XP_019092961.1, XP_010486165.1
OG0007945	As006G140220	XP_010486173.1, XP_010441965.1, XP_010464233.1
OG0007946	As006G140240	XP_010464235.1, XP_010486176.1
OG0007947	As006G140250	XP_010442357.1, XP_010486177.1, XP_010464237.1
OG0007948	As006G140690	XP_010439778.1, XP_010442339.1, XP_010482156.1
OG0007949	As006G140810	XP_010486253.1, XP_010448797.1, XP_010464291.1
OG0007950	As006G141050	XP_010486278.1, XP_010464351.1, XP_010451138.1
OG0007951	As006G141220	XP_010453534.1, XP_010486316.1, XP_010464382.1
OG0007952	As006G141400	XP_010456509.1, XP_010464402.1, XP_010486335.1
OG0007953	As006G141490	XP_010457108.1, XP_010464413.1, XP_010486345.1
OG0007954	As006G141500	XP_019096258.1, XP_019100566.1, XP_019092106.1
OG0007955	As006G141690	XP_010460274.1, XP_010464441.1, XP_010486372.1
OG0007956	As006G141840	XP_010464458.1, XP_010461613.1, XP_010486387.1
OG0007957	As006G142100	XP_019092543.1, XP_010464501.1, XP_010486428.1
OG0007958	As006G142770	XP_010505741.1, XP_010517433.1, XP_010508896.1
OG0007959	As006G142800	XP_010517431.1, XP_010508898.1, XP_010505740.1
OG0007960	As006G142820	XP_010505734.1, XP_010517425.1, XP_010508902.1
OG0007961	As006G142990	XP_010517384.1, XP_010505699.1, XP_010512943.1
OG0007962	As006G143150	XP_010505682.1, XP_010517355.1, XP_010508953.1
OG0007963	As006G143540	XP_010505626.1, XP_010509008.1, XP_010517303.1
OG0007964	As006G144270	XP_010509112.1, XP_019099874.1, XP_019102528.1
OG0007965	As006G144610	XP_010516815.1, XP_010509517.1, XP_010505133.1
OG0007966	As006G144640	XP_010509511.1, XP_010505141.1, XP_010412893.2
OG0007967	As006G144730	XP_010505155.1, XP_010509499.1, XP_010516835.1
OG0007968	As006G145060	XP_010505192.1, XP_010516867.1, XP_010509470.1
OG0007969	As006G145090	XP_019102496.1, XP_010505196.2, XP_010509467.1
OG0007970	As006G145230	XP_010505217.1, XP_010516892.1, XP_010509447.1
OG0007971	As006G145480	XP_010505242.1, XP_010509414.1, XP_019102018.1
OG0007972	As006G145520	XP_010509409.1, XP_010516934.1, XP_010505248.1
OG0007973	As006G145690	XP_010509393.1, XP_010516954.1, XP_010505269.1
OG0007974	As006G145840	XP_010509366.1, XP_010516979.1, XP_010505297.1
OG0007975	As006G146570	XP_010505354.1, XP_010509312.1, XP_019099896.1, XP_010517032.1
OG0007976	As006G146760	XP_010505364.1, XP_010517041.1, XP_010509290.1
OG0007977	As006G146800	XP_010517050.1, XP_010505372.1, XP_010509282.1
OG0007978	As006G146960	XP_019102512.1, XP_010505386.1, XP_010509265.1
OG0007979	As006G147600	XP_010517096.1, XP_010505423.1, XP_010509226.1
OG0007980	As006G147980	XP_010517113.1, XP_010509204.1, XP_010505443.1
OG0007981	As006G148510	XP_010517130.1, XP_010509182.1
OG0007982	As006G149020	XP_010505103.1, XP_010516787.1, XP_010509556.1
OG0007983	As007G152010	XP_010497139.1, XP_010459074.1, XP_010476627.1
OG0007984	As007G152770	XP_019095003.1, XP_019091280.1, XP_010497746.1
OG0007985	As007G153170	XP_010459220.1, XP_010498002.1, XP_010476793.1
OG0007986	As007G154300	XP_010476945.1, XP_010459394.1, XP_010498158.1
OG0007987	As007G154490	XP_010477006.1, XP_010498219.1, XP_010459444.1
OG0007988	As007G154580	XP_010476999.1, XP_010498204.1, XP_010498206.1, XP_010459434.1
OG0007989	As007G154780	XP_010498223.1, XP_010459448.1, XP_010477014.1
OG0007991	As007G154880	XP_010459467.1, XP_010498239.1, XP_010477028.1
OG0007992	As007G155060	XP_010477043.1, XP_010459494.1, XP_010498261.1
OG0007993	As007G155110	XP_019095068.1, XP_010459501.1, XP_010498272.1
OG0007994	As007G155270	XP_010459529.1, XP_010477085.1, XP_010498289.1
OG0007995	As007G155640	XP_010477134.1, XP_010459590.1, XP_010498341.1
OG0007996	As007G155660	XP_010477136.1, XP_010498344.1, XP_010459593.1
OG0007997	As010G238350, As007G155760	XP_010477163.1, XP_010459615.1, XP_010498362.1
OG0007998	As007G155800	XP_010498368.1, XP_010459619.1, XP_010477166.1
OG0007999	As007G156060	XP_010498408.1, XP_010477211.1, XP_019090752.1
OG0008000	As007G156070	XP_010498412.1, XP_010477213.1, XP_010459666.1
OG0008001	As007G156150	XP_019091663.1, XP_019094785.1, XP_019097554.1, XP_010498419.1
OG0008002	As007G156350	XP_019095391.1, XP_019097134.1, XP_010477250.1, XP_010459702.1, XP_010498452.1
OG0008003	As007G156480	XP_010459713.1, XP_010498465.1, XP_019094853.1
OG0008004	As007G156880	XP_010477336.1, XP_019099115.1
OG0008005	As010G237040, As007G156900	XP_010471799.1, XP_010416565.1, XP_010428704.1
OG0008006	As007G157040	XP_010498554.1, XP_010459793.1, XP_010477357.1
OG0008007	As007G157260	XP_010498588.1, XP_010459842.1, XP_019094341.1, XP_010480579.1
OG0008008	As010G236370, As007G157380	XP_010496505.1, XP_010459856.1, XP_010498602.1
OG0008009	As007G157410	XP_010459858.1, XP_010496502.1
OG0008010	As007G157420, As010G236320	XP_010471899.1, XP_010416639.1
OG0008011	As007G157440	XP_010498605.1, XP_010468018.1, XP_010459860.1, XP_010496341.1
OG0008012	As007G157580	XP_010459867.2, XP_010498614.1, XP_019098195.1
OG0008013	As007G157670	XP_010498622.1, XP_010477407.1, XP_010459889.1
OG0008014	As007G158270	XP_010459971.1, XP_010498693.1, XP_010477486.1
OG0008015	As007G158330	XP_010498705.1, XP_010477493.1, XP_010459986.1, XP_010498704.1
OG0008016	As007G158540	XP_010477511.1, XP_010498721.1, XP_010460006.1
OG0008017	As007G158630	XP_010498738.1, XP_010460016.1, XP_010477519.1
OG0008018	As007G159200	XP_010460080.1, XP_010477586.1, XP_010498806.1
OG0008019	As007G159590	XP_010477639.1, XP_010498853.1, XP_010460132.1
OG0008020	As010G233280, As007G159740	XP_010498886.1, XP_010460155.1, XP_010477683.1
OG0008021	As007G160100	XP_010498953.1, XP_010477748.1, XP_010460205.1
OG0008022	As007G161140	XP_010460362.1, XP_010477913.1
OG0008023	As007G161150	XP_010460359.1, XP_010477912.1, XP_010499089.1
OG0008024	As007G161220	XP_010499100.1, XP_010460347.1, XP_010477900.1
OG0008025	As007G161500	XP_010415400.1, XP_010470734.1, XP_010511766.1
OG0008026	As007G161840	XP_010499168.1, XP_010460449.1, XP_010478007.1, XP_010480670.1
OG0008027	As007G162140	XP_010460485.1, XP_010499204.1, XP_010478054.1
OG0008028	As007G162150	XP_010499202.1, XP_010460484.1, XP_010478052.1
OG0008029	As007G162260	XP_010499221.1, XP_010478082.1, XP_010460501.1, XP_010497486.1
OG0008030	As007G162670	XP_010448595.1, XP_010439071.1, XP_010433802.1
OG0008031	As007G162730	XP_010439065.1, XP_010448588.1, XP_010433797.1
OG0008032	As007G162780	XP_010448581.1, XP_010433790.1, XP_019088774.1
OG0008033	As007G162970	XP_010439023.1, XP_010433762.1, XP_010448557.1
OG0008034	As007G163040	XP_010433753.1, XP_010448548.1, XP_010439011.1
OG0008035	As007G164310	XP_010438929.1, XP_010433694.1, XP_010448484.1
OG0008036	As007G164390	XP_010448475.1, XP_010438925.1, XP_010433683.1
OG0008037	As007G164580	XP_010438903.1, XP_010433668.1, XP_010448455.1
OG0008038	As007G164690	XP_010433655.1, XP_010448447.1, XP_010438895.1
OG0008039	As007G164750	XP_010433653.1, XP_010438892.1, XP_010448446.1
OG0008040	As007G166640	XP_010438547.1, XP_010433305.1, XP_010448074.1
OG0008041	As007G166690	XP_010433289.1, XP_010438529.1, XP_010448060.1
OG0008042	As007G177540	XP_010429477.1, XP_010417239.1, XP_010472499.1, XP_010417241.1, XP_010429478.1, XP_010472501.1, XP_010417243.1
OG0008043	As007G177920	XP_010417216.1, XP_010429443.1, XP_010472469.1
OG0008044	As007G178190, As007G178250	XP_010498375.1, XP_010419301.1, XP_019093822.1, XP_010429407.1
OG0008045	As007G179570	XP_010417090.1, XP_010429283.1, XP_010474423.1
OG0008046	As007G179800	XP_010471513.1, XP_010416277.1, XP_010428408.1
OG0008047	As007G179960	XP_010472274.1, XP_010417034.1, XP_010429210.1
OG0008048	As007G179970	XP_010429209.1, XP_010472272.1, XP_010417033.1
OG0008049	As007G179980	XP_010429202.1, XP_010472265.1, XP_010417029.1
OG0008050	As007G180130	XP_010429180.1, XP_010417018.1, XP_019093160.1
OG0008051	As007G180160	XP_010472243.1, XP_010417013.1, XP_010429176.1
OG0008052	As007G180580	XP_010416957.1, XP_010429118.1, XP_010472195.1
OG0008053	As007G180650	XP_010429105.1, XP_010416940.1, XP_010472186.1
OG0008055	As007G180960	XP_010429058.1, XP_010416892.1
OG0008056	As007G181760	XP_010416872.1, XP_010472110.1, XP_010429028.1
OG0008057	As007G181800	XP_010472105.1, XP_010429024.1
OG0008058	As007G181910	XP_010472093.1, XP_010429009.1, XP_010416856.1
OG0008059	As008G182330	XP_010476590.1, XP_010496854.1
OG0008060	As008G182400	XP_010496772.1, XP_010459022.1, XP_010476579.1
OG0008061	As008G182430	XP_010459018.1, XP_010476576.1, XP_019099004.1
OG0008062	As008G182500	XP_010476566.1, XP_010459004.1, XP_010496621.1
OG0008063	As008G182650	XP_010458996.1, XP_010476551.1
OG0008064	As008G182810	XP_010476522.1, XP_010496263.1, XP_010458964.1
OG0008065	As008G182990	XP_010496071.1, XP_010458940.1, XP_010476497.1
OG0008066	As008G183360	XP_010495732.1, XP_010458877.1, XP_010476439.1
OG0008067	As008G183410	XP_010476433.1, XP_010458871.1, XP_010495703.1
OG0008068	As008G183650	XP_010458833.1, XP_010495542.1, XP_010476396.1
OG0008070	As008G184290	XP_010494910.1, XP_010458746.1
OG0008071	As008G184300	XP_010476290.1, XP_019090754.1, XP_010494900.1
OG0008072	As008G184630	XP_010494434.1, XP_010458692.1, XP_010476233.1, XP_010462671.1
OG0008073	As008G184730	XP_010476222.1, XP_010458677.1, XP_010494243.1
OG0008074	As008G184810	XP_010476213.1, XP_010458670.1, XP_010494153.1
OG0008075	As008G185300	XP_010493642.1, XP_010458625.1, XP_010476157.1
OG0008076	As008G185520	XP_010458594.1, XP_010476124.1, XP_010493385.1
OG0008077	As008G185570	XP_010458591.1, XP_010476121.1, XP_019098949.1
OG0008078	As008G185810	XP_010476093.1, XP_010493054.1, XP_010458565.1
OG0008080	As008G186010	XP_010492825.1, XP_010458543.1, XP_010476064.1
OG0008081	As008G186980	XP_010475937.1, XP_010491516.1, XP_010458419.1
OG0008082	As008G187220	XP_010475902.1, XP_010458386.1, XP_010491084.1
OG0008084	As008G187870	XP_010458348.1, XP_010475872.1, XP_010490720.1
OG0008085	As008G187970	XP_019096893.1, XP_019094382.1, XP_019091591.1
OG0008086	As008G188130	XP_010504250.1, XP_010515974.1, XP_010427149.1
OG0008087	As008G189490	XP_010475692.1, XP_010458142.1
OG0008088	As008G189820	XP_010488978.1, XP_010475654.1, XP_010458093.1
OG0008089	As008G189840	XP_010458095.1, XP_010475656.1, XP_010489017.1
OG0008090	As008G192490	XP_010457935.1, XP_019095062.1, XP_010475514.1
OG0008091	As008G192990	XP_010487239.1, XP_010457887.1, XP_010475474.1
OG0008092	As008G193100	XP_010475457.1, XP_010487055.1, XP_010457868.1
OG0008093	As008G193300	XP_010457787.1, XP_010486350.1
OG0008094	As008G193340	XP_010475427.1, XP_010486650.1, XP_010457827.1
OG0008095	As008G193500	XP_010475403.1, XP_010457790.1, XP_010462500.1
OG0008096	As008G193550	XP_010475392.1, XP_010457788.1, XP_010486339.1, XP_019094950.1, XP_019095301.1
OG0008097	As008G193600	XP_010475381.1, XP_010457776.1
OG0008098	As008G193630	XP_010486184.1, XP_010462583.1, XP_010480366.1
OG0008099	As008G193780, As008G193800	XP_010457761.1, XP_010486016.1, XP_010475364.1
OG0008100	As008G194080	XP_010485720.1, XP_010475334.1, XP_010457729.1
OG0008101	As008G194340	XP_010475305.1, XP_010485424.1, XP_010457695.1
OG0008102	As008G194660	XP_010485120.1, XP_010475268.1
OG0008103	As008G195440	XP_010484563.1, XP_019098523.1, XP_010475177.1, XP_010457575.1
OG0008104	As008G195720	XP_010419975.1, XP_010419974.1, XP_010453466.1, XP_010492146.1
OG0008105	As008G196020	XP_010475117.1, XP_010457507.1, XP_010483949.1
OG0008106	As008G196150	XP_010475104.1, XP_010462556.1, XP_010483835.1
OG0008107	As008G196170	XP_010457488.1, XP_010483777.1, XP_010475098.1
OG0008108	As008G196400	XP_010475067.1, XP_019091655.1, XP_010501310.1, XP_010497414.1
OG0008109	As008G196790	XP_010474979.1, XP_010482193.1
OG0008110	As008G196810	XP_010482259.1, XP_010457365.1, XP_010474982.1
OG0008111	As008G196820	XP_010457366.1, XP_010474983.1, XP_010482270.1
OG0008112	As008G196850	XP_010457375.1, XP_010474993.1, XP_010482352.1
OG0008113	As008G196990	XP_010457398.1, XP_010475011.1, XP_010482550.1
OG0008114	As008G197230	XP_010481801.1, XP_010474946.1, XP_010457333.1
OG0008115	As008G197320	XP_010481668.1, XP_010474936.1, XP_010457322.1
OG0008116	As008G197370	XP_010474919.1, XP_010481572.1, XP_010474929.1
OG0008117	As008G197640	XP_010457279.1, XP_010481261.1, XP_010474869.1
OG0008118	As008G197970	XP_010474653.1, XP_010480945.1, XP_010457215.1
OG0008119	As008G198000	XP_010457222.1, XP_010480965.1, XP_010474656.1, XP_010474657.1, XP_010457221.1
OG0008120	As008G198010	XP_010474660.1, XP_010457224.1, XP_010480975.1
OG0008121	As008G198130	XP_010474648.1, XP_010480893.1, XP_010457207.1
OG0008122	As008G198470	XP_010457170.1, XP_010474701.1, XP_010480633.1
OG0008123	As008G199010	XP_010480022.1, XP_010457099.1, XP_010474771.1
OG0008124	As008G199540	XP_010424028.1, XP_010426455.1
OG0008125	As008G199620	XP_019098287.1, XP_010496470.1
OG0008126	As009G199990	XP_010492249.1, XP_010420081.1, XP_010453565.1
OG0008127	As009G200160	XP_010492225.1, XP_010420054.1, XP_010453542.1
OG0008128	As009G200450	XP_010492284.1, XP_010420120.1
OG0008129	As009G200460	XP_010453601.1, XP_010420123.1, XP_010492285.1
OG0008130	As009G200570	XP_010492299.1, XP_010420130.1, XP_010453611.1
OG0008131	As009G200930	NP_001289911.1, XP_010420224.1, XP_010492400.1
OG0008132	As009G201000	XP_010492398.1, XP_019084191.1, XP_019090431.1
OG0008133	As009G201010	XP_010453692.1, XP_010492396.1, XP_010420218.1
OG0008134	As009G202010	XP_010492491.1, XP_010453765.1, XP_010420291.1
OG0008135	As009G202410	XP_010492553.2, XP_010453805.1, XP_010424120.2
OG0008136	As009G202440	XP_010492557.1, XP_010453808.1, XP_010420343.1
OG0008137	As009G202490	XP_010453817.1, XP_010420348.1, XP_010492564.1
OG0008138	As009G202570	XP_010492574.1, XP_010453825.1, XP_010420360.1
OG0008139	As009G202880	XP_010420403.1, XP_010492628.1
OG0008140	As009G203400	XP_010453941.1, XP_010420469.1, XP_010492700.1
OG0008141	As009G203680	XP_019085555.1, XP_010420501.1, XP_010453974.1, XP_010492733.1
OG0008142	As009G203780	XP_010424152.1, XP_010492751.1, XP_010453988.1
OG0008143	As009G203790	XP_010420515.1, XP_010492752.1
OG0008144	As009G203900	XP_010492766.1, XP_010453995.1, XP_010420524.1
OG0008145	As009G204120	XP_010495274.1
OG0008146	As009G204300	XP_010420604.1, XP_010454083.1, XP_010492846.1
OG0008147	As009G204320	XP_010492850.1, XP_010420609.1, XP_010454087.1
OG0008148	As009G204430	XP_010492866.1, XP_010420624.1, XP_010454104.1
OG0008149	As009G204580	XP_010492898.1
OG0008150	As009G204650	XP_010492920.1, XP_010420659.1, XP_019090710.1
OG0008151	As009G204880	XP_010420690.1, XP_010454167.1, XP_010492943.1
OG0008152	As009G204890	XP_010492945.1, XP_010454170.1, XP_010420692.1
OG0008153	As009G204930	XP_010495294.1, XP_010454174.1, XP_010420695.1
OG0008154	As009G205020	XP_010492965.1, XP_010420708.1, XP_010456589.2
OG0008155	As009G205180	XP_010420735.1, XP_010420734.1, XP_019090459.1, XP_010492991.1
OG0008156	As009G205200	XP_010493888.1, XP_010454976.1, XP_010421496.1
OG0008157	As009G205330	XP_010493895.1, XP_010454981.1, XP_010421501.1
OG0008158	As009G205340	XP_010454983.1, XP_010421502.1, XP_010421503.1, XP_010454987.1, XP_010493897.1
OG0008159	As009G205420	XP_019083967.1, XP_010493910.1, XP_010455003.1
OG0008160	As009G205700	XP_010493940.1, XP_010455044.1, XP_010421542.1
OG0008161	As009G205950	XP_010455080.1
OG0008162	As009G206000	XP_010421579.1, XP_010455088.1, XP_010493977.1
OG0008163	As009G206180	XP_010455109.1, XP_010421595.1
OG0008164	As009G206550	XP_010455131.1, XP_010424384.1, XP_010494021.1
OG0008165	As009G207280	XP_010421722.1, XP_010494128.1, XP_010455216.1
OG0008166	As009G207940	XP_010440169.1, XP_010442365.1, XP_010482194.1
OG0008167	As009G208010	XP_010442383.1, XP_010482202.1, XP_010440359.1
OG0008168	As009G208410	XP_010442332.1, XP_010482149.1, XP_010439707.1
OG0008169	As009G209500	XP_019097256.1, XP_010442300.2, XP_010482116.1
OG0008170	As009G209650	XP_010453476.1, XP_010492153.1, XP_010419981.1
OG0008171	As009G209880	XP_010493684.1, XP_010482105.1, XP_010442280.1
OG0008172	As009G210310	XP_010453453.1, XP_010419958.1, XP_010492133.1
OG0008173	As009G210480	XP_010419942.1, XP_010453436.1, XP_010492118.1
OG0008174	As009G210520	XP_010492112.1, XP_010419938.1, XP_010419939.1, XP_010453431.1
OG0008175	As009G211270	XP_010452650.2, XP_010495094.2, XP_010423263.1
OG0008176	As009G211690	XP_010423309.1, XP_010491254.1, XP_010452614.1
OG0008177	As009G211950	XP_010452592.1, XP_010423326.1, XP_010491222.1
OG0008178	As009G211990	XP_010423337.1, XP_010452580.1, XP_010491210.1
OG0008179	As009G212370	XP_010491186.1, XP_010423360.1, XP_010452555.1
OG0008180	As009G213920	XP_010491048.1, XP_010452419.1, XP_010423495.1
OG0008181	As009G214510	XP_010490969.1, XP_010452354.1
OG0008182	As009G214530	XP_010423567.1, XP_010452351.1, XP_010490966.1
OG0008183	As009G214780	XP_010495305.1, XP_010454207.1, XP_010420736.1
OG0008184	As009G215330	XP_010424312.1, XP_010454864.1, XP_010493792.1
OG0008185	As009G215580	XP_010421356.1, XP_010454831.1, XP_010493754.1
OG0008186	As009G215880	XP_010421305.1, XP_010454795.1, XP_010493716.2
OG0008187	As009G215920	XP_010421290.1, XP_010454785.1, XP_010493711.1
OG0008188	As009G215950	XP_010493710.1, XP_010454780.1, XP_010421287.1
OG0008189	As009G216110	XP_010493580.1, XP_010421261.1, XP_010454739.1
OG0008190	As009G216460	XP_019097902.1, XP_019083920.1, XP_019089909.1
OG0008191	As009G216820	XP_010493498.2, XP_010454663.1, XP_010421184.1
OG0008192	As009G216900	XP_010421178.1, XP_010493492.1, XP_019090598.1
OG0008193	As009G217090	XP_010454632.1, XP_010493467.1
OG0008194	As009G217230	XP_010470749.1, XP_010511787.1, XP_010415415.1
OG0008195	As009G217320	XP_010421118.1, XP_010454600.1, XP_010493430.1
OG0008196	As009G217390	XP_010493423.1, XP_010424246.1, XP_010454591.1
OG0008197	As009G217410	XP_010454588.1, XP_010421106.1, XP_010493420.1
OG0008198	As009G217640	XP_010456855.1, XP_019093220.1, XP_010443908.1, XP_010483751.1
OG0008199	As009G217980	XP_010483807.1, XP_010443957.1, XP_010457270.1
OG0008200	As009G218250	XP_010485275.1, XP_010443989.1, XP_010483848.1, XP_010457606.1
OG0008201	As009G218410	XP_010444020.1, XP_010457875.1
OG0008202	As009G218740	XP_010483908.1, XP_010458474.1, XP_010444052.1
OG0008203	As009G218760	XP_010458497.1, XP_010483906.1, XP_010444047.1
OG0008204	As009G218850	XP_010444044.1, XP_010458525.1, XP_010483902.1
OG0008205	As009G218980	XP_010458988.1, XP_010483966.1, XP_010444100.1
OG0008206	As009G219020	XP_010483970.1, XP_010444105.1, XP_010459032.1
OG0008207	As009G219160	XP_010444126.1, XP_010483986.1, XP_010459268.1
OG0008208	As009G219370	XP_010459469.1, XP_010484008.1, XP_010444159.1
OG0008209	As009G219470	XP_010497695.2
OG0008210	As009G219860	XP_010483449.1, XP_010453794.1, XP_019088795.1
OG0008211	As009G219870	XP_019097382.1, XP_010483448.1, XP_010443587.1, XP_010453783.1
OG0008212	As009G219920	XP_010450471.1, XP_010440822.1, XP_010435546.1
OG0008213	As010G220430	XP_010503800.1, XP_010426656.1, XP_010515505.1
OG0008214	As010G220450	XP_010426653.1, XP_010503797.1, XP_010515502.1
OG0008215	As010G220470	XP_010503793.1, XP_010515492.2
OG0008216	As010G220700	XP_010515459.1, XP_010424898.1, XP_010503754.1
OG0008217	As010G220950	XP_010503724.1, XP_010515428.1, XP_010431216.1
OG0008218	As010G221330, As012G274920	XP_010515367.1, XP_010503671.1, XP_010426541.1
OG0008219	As010G221730	XP_010426469.1, XP_010503614.1
OG0008220	As010G221740	XP_010503613.1, XP_010426468.1, XP_010515305.1
OG0008221	As010G222070	XP_010426430.1, XP_010503573.1, XP_010515267.1
OG0008222	As010G222760	XP_010426330.1, XP_010503467.1, XP_010515157.1
OG0008223	As010G224340	XP_010515000.1, XP_010503295.1, XP_010426121.1
OG0008224	As010G226050	XP_010514791.1, XP_010425879.1, XP_010503111.1
OG0008226	As010G227790	XP_010415354.1, XP_010511727.1, XP_010470694.1, XP_010470690.1
OG0008227	As010G227920	XP_010415351.1, XP_010511720.1, XP_010470687.1
OG0008228	As010G227970	XP_010419052.1, XP_010511719.1, XP_010470683.1
OG0008229	As010G228060, As010G228070	XP_010415344.1, XP_010470678.1, XP_010511714.1
OG0008230	As010G228230	XP_010511707.1, XP_010415337.1, XP_010470670.1
OG0008231	As010G228240	XP_010470667.1, XP_010415331.1, XP_010511701.1
OG0008232	As010G228430	XP_010504972.2, XP_010516650.1, XP_010509694.1
OG0008233	As010G228830	XP_010511671.1, XP_010511670.1, XP_010470646.1
OG0008234	As010G229490	XP_010470715.1, XP_010415381.1, XP_010511750.1, XP_010501366.1
OG0008235	As010G230510	XP_010470638.1, XP_010511661.1, XP_010415308.1
OG0008236	As010G238090, As010G231770	XP_010415503.1, XP_019093035.1, XP_010511914.1
OG0008237	As010G231800	XP_010511918.1, XP_010415501.1, XP_019093011.1
OG0008238	As010G231860	XP_010415526.1, XP_010470876.1, XP_010511927.1
OG0008239	As010G232870	XP_010512042.1, XP_010415648.1, XP_010470986.1
OG0008240	As010G232910	XP_010498969.1, XP_010460222.1, XP_010477771.1
OG0008241	As010G232950, As011G253840	XP_010466431.1, XP_010510550.1, XP_010488194.1
OG0008242	As010G233160	XP_010512094.1, XP_010415693.1, XP_010471012.1
OG0008243	As010G233180	XP_010415696.1, XP_010512096.1, XP_010471014.1
OG0008244	As010G233220	XP_010471019.1, XP_010415703.1, XP_010512103.1
OG0008245	As010G233290	XP_010427806.1, XP_010415711.1, XP_010471029.1
OG0008246	As010G233330	XP_010471035.1, XP_010415721.1, XP_010427820.1
OG0008247	As010G233940	XP_010415796.1, XP_010471107.1, XP_010427914.1
OG0008248	As010G234190	XP_010415837.1, XP_010427954.1, XP_010471137.1
OG0008249	As010G234610	XP_019083295.1, XP_010471191.1, XP_010428029.1
OG0008250	As010G235070	XP_010471238.1, XP_010428087.1, XP_010414844.1
OG0008251	As010G235290	XP_010428929.1, XP_010416782.1, XP_010472019.1
OG0008252	As010G235310	XP_010428927.1, XP_010472016.1, XP_010416781.1
OG0008253	As010G235330	XP_010416779.1, XP_010428925.1, XP_010472011.1
OG0008254	As010G235590	XP_010428870.1, XP_010471984.1, XP_010416742.1
OG0008255	As010G235620	XP_019093842.1, XP_019085048.1, XP_019083428.1
OG0008256	As010G236010	XP_010471940.1, XP_010416690.1, XP_010428824.1
OG0008257	As010G236270	XP_010428787.1, XP_010471905.1, XP_010416649.1
OG0008258	As010G236340	XP_010471876.1, XP_010428777.1, XP_010416636.1
OG0008260	As010G236990	XP_010471802.1, XP_010416569.1, XP_010428712.1
OG0008261	As010G237460	XP_010416512.1, XP_010428654.1, XP_010471752.1, XP_010416513.1
OG0008263	As010G237680	XP_010471713.1, XP_010416486.1, XP_010471711.1, XP_010428618.1
OG0008264	As010G237690	XP_010416485.1, XP_010471710.1, XP_010471714.1, XP_010428619.1
OG0008265	As010G237830	XP_010416457.1, XP_010471690.1, XP_010428595.1
OG0008266	As010G237900	XP_010416450.1, XP_010471676.1, XP_010428587.1
OG0008267	As012G277330, As010G238000	XP_010493387.1, XP_010454566.1, XP_010428579.2, XP_010416442.1, XP_010471664.1
OG0008268	As010G238370	XP_010471624.1, XP_010428527.1, XP_010416387.1
OG0008269	As010G238620	XP_010416352.1, XP_010428491.1, XP_010471593.1
OG0008270	As010G238800	XP_010471566.1, XP_010428464.1, XP_010416330.1
OG0008271	As010G239160	XP_010471525.1, XP_010428418.1
OG0008272	As010G239390	XP_010428378.1, XP_010419185.1
OG0008273	As010G239580	XP_010471477.1, XP_010428348.1, XP_010416222.1
OG0008274	As010G239690	XP_010416203.1, XP_010471459.1, XP_010428325.1
OG0008275	As010G239760	XP_010428316.1, XP_010471446.1, XP_010471447.2
OG0008276	As010G239920	XP_010471435.1, XP_010428303.1
OG0008277	As010G240190	XP_019094104.1, XP_010428269.1
OG0008278	As010G240250	XP_010471396.1, XP_010428260.1, XP_010416135.1
OG0008279	As010G240590	XP_010428216.1, XP_010416096.1, XP_010471361.1, XP_010416092.1
OG0008281	As010G241250	XP_010428138.1, XP_010416002.2, XP_010471278.1
OG0008282	As010G241550	XP_010414853.1, XP_010415956.1, XP_010471246.1, XP_010428094.1
OG0008283	As010G242430	XP_010417519.1, XP_010429774.1, XP_010472743.1
OG0008284	As010G242880	XP_010472805.1, XP_019085661.1, XP_010417610.1
OG0008285	As010G243070	XP_010472831.1, XP_019085217.1, XP_019083548.1
OG0008286	As010G243170	XP_010429877.1, XP_010417643.1, XP_010472846.1
OG0008287	As010G243420	XP_010417666.1, XP_010429910.1, XP_010472880.1
OG0008288	As010G243510	XP_010429929.1, XP_010474511.1, XP_010417684.1
OG0008289	As010G243660	XP_010417694.1, XP_010429940.1, XP_010472910.1
OG0008290	As010G243860	XP_010429977.1, XP_010417719.1, XP_010472947.1
OG0008291	As010G243910	XP_010429981.1, XP_010417724.1
OG0008292	As010G244130	XP_010417746.1, XP_010430005.1, XP_010472985.1
OG0008293	As010G244430	XP_010417783.1, XP_010430045.1, XP_010473017.1
OG0008294	As011G244630	XP_010499345.1, XP_010468141.2, XP_010486995.1
OG0008295	As011G244880	XP_019092198.1, XP_010421979.1, XP_010499865.1, XP_010421982.1
OG0008296	As011G244910	XP_010465109.1, XP_010499942.1, XP_010487053.1
OG0008297	As011G245150	XP_010500284.1, XP_010487078.1, XP_010465154.1
OG0008298	As011G245370	XP_010500561.1, XP_010465184.1
OG0008299	As011G245870	XP_010501406.1, XP_019092221.1, XP_019092222.1
OG0008300	As011G245890	XP_010456711.1
OG0008301	As011G245900	XP_010465265.1, XP_010501435.1, XP_010487168.1
OG0008302	As011G245940	XP_010487173.1, XP_010465269.1, XP_010419081.1
OG0008304	As011G246170	XP_010487198.1, XP_010465293.1, XP_010501624.1
OG0008305	As011G246220	XP_010487203.1
OG0008306	As011G246270	XP_010487214.1, XP_010489823.1, XP_010465307.1, XP_010501742.1
OG0008307	As011G246340	XP_010487223.1, XP_010501805.1, XP_010465314.1
OG0008309	As011G247200	XP_010465450.1, XP_010502474.1
OG0008310	As011G247370	XP_010465475.1, XP_010487346.1, XP_010502692.1
OG0008311	As011G247400	XP_010502738.1, XP_010487350.1, XP_010465479.1
OG0008312	As012G270440, As011G247770	XP_010500892.1, XP_010500894.1, XP_010479797.1
OG0008313	As011G248080	XP_010487431.1, XP_010465580.1
OG0008314	As011G248420	XP_010487477.1, XP_010465639.1, XP_010504019.1
OG0008315	As011G248470	XP_010504093.1, XP_010419302.1, XP_010487484.1, XP_010465650.1
OG0008316	As011G248950	XP_010465697.1, XP_019102253.1, XP_010487540.1
OG0008317	As011G249360	XP_010487597.1, XP_010487596.1, XP_010465752.1, XP_010465751.1
OG0008318	As011G249470	XP_010505438.1, XP_010465784.1, XP_019096393.1
OG0008319	As011G249860	XP_010505920.1, XP_010487675.1, XP_010465837.1
OG0008320	As011G250010	XP_010465868.1, XP_010487705.1, XP_010506189.1
OG0008321	As011G250380	XP_010465918.1, XP_010506712.1, XP_010487744.1
OG0008323	As011G250760	XP_010465979.1
OG0008324	As011G250830	XP_010507108.1, XP_010487795.1, XP_010465984.1
OG0008325	As011G251190	XP_010507427.1, XP_010466043.1, XP_010487835.1
OG0008326	As011G251550	XP_010487890.1, XP_010466091.1, XP_010507766.1
OG0008327	As011G251580	XP_010487895.1, XP_010507790.1, XP_010466099.1
OG0008328	As011G252360	XP_010489965.1, XP_010468315.1, XP_010420186.1
OG0008329	As011G252590	XP_010427171.1, XP_010504274.1, XP_010517676.1, XP_019102354.1
OG0008330	As011G252880	XP_010488045.1, XP_010488044.1, XP_010466259.1
OG0008331	As011G254090	XP_010435033.1, XP_010451509.1, XP_010440327.1
OG0008332	As011G254410	XP_010488267.1, XP_010511322.1, XP_010466521.1
OG0008333	As011G255020	XP_010488347.1, XP_010466608.1, XP_010512047.2
OG0008334	As011G255300	XP_010488383.1, XP_010466654.1, XP_010512305.1, XP_010488385.1
OG0008335	As011G256150	XP_010513185.1, XP_010466782.1, XP_010488497.1, XP_010421964.1
OG0008336	As011G256280	XP_010513347.1, XP_010488520.1, XP_010466820.1
OG0008338	As011G260660	XP_010442796.1, XP_010482628.1, XP_010445061.1
OG0008339	As011G260780	XP_010414081.1, XP_010467634.1
OG0008340	As011G262670	XP_010488950.1, XP_010467290.1, XP_010518104.1
OG0008341	As011G262830	XP_010517336.1, XP_010467309.1, XP_010488973.1
OG0008342	As011G262970	XP_010489182.1, XP_010467331.1, XP_010517114.1
OG0008343	As011G263330	XP_010489209.1, XP_010516812.1, XP_010467357.1
OG0008344	As011G263510	XP_010467391.1, XP_010516524.1, XP_010489231.1
OG0008345	As011G263740	XP_010489298.1, XP_010467425.1, XP_010515944.1
OG0008346	As011G263870	XP_010467454.1, XP_010515725.1, XP_010489317.1
OG0008347	As011G264400	XP_010489366.1, XP_010515086.1, XP_010467511.1
OG0008348	As011G264440	XP_010489373.1, XP_019098695.1, XP_010515011.1, XP_010467517.1
OG0008349	As011G264450	XP_010467520.1, XP_010489376.1, XP_010514988.1
OG0008350	As011G264740	XP_010467570.1, XP_010514664.1, XP_010489408.1
OG0008351	As011G265130	XP_010467691.1, XP_010489568.1, XP_010414492.1
OG0008352	As011G265150	XP_010414421.1, XP_010489560.1, XP_010467684.1
OG0008353	As011G265580	XP_010414641.1, XP_010489590.1, XP_010467708.1
OG0008354	As011G266000	XP_010502844.1, XP_010425625.1, XP_010514547.1
OG0008355	As011G266310	XP_010489146.1, XP_010495931.1, XP_010416839.1
OG0008356	As011G267090	XP_010415809.1, XP_010489045.1, XP_010467830.1
OG0008357	As012G267930	XP_010462456.1, XP_019099548.1, XP_010480150.1
OG0008358	As012G268030	XP_010480140.1, XP_010501208.1, XP_010462448.1
OG0008359	As012G268660	XP_019091668.1, XP_010480068.1
OG0008360	As012G268680	XP_010481281.1, XP_010441412.1
OG0008361	As012G268770	XP_010480053.1, XP_010501137.1, XP_010462370.1
OG0008362	As012G269360	XP_010462297.1, XP_010501054.1, XP_010479971.1
OG0008363	As012G269380	XP_010462292.1, XP_010501050.1, XP_010479966.1
OG0008364	As012G269650	XP_010479931.1, XP_010501013.1, XP_010462256.1
OG0008365	As012G269720	XP_010500997.1, XP_010479912.1, XP_010462243.1
OG0008366	As012G269790	XP_019091951.1, XP_019094694.1, XP_019099503.1
OG0008367	As012G269910	XP_010479870.1, XP_010462195.1, XP_010500955.1
OG0008369	As012G269970	XP_010500946.1, XP_010479859.1, XP_010462178.1
OG0008370	As012G270070	XP_010500933.1, XP_010462161.1, XP_010479837.1
OG0008371	As012G270970	XP_010500798.1, XP_010462049.1, XP_010479708.1
OG0008372	As012G271060	XP_010500787.1, XP_010462033.1, XP_010479696.1
OG0008373	As012G271360	XP_010500754.1, XP_010462007.1, XP_010479668.1
OG0008374	As012G271880	XP_010500716.1, XP_010461971.1, XP_010479623.1
OG0008375	As012G272050	XP_010461912.1, XP_010479523.1, XP_010500635.1
OG0008376	As012G272290	XP_010479483.1, XP_010461876.1, XP_010500585.1
OG0008377	As012G272340	XP_010479473.1, XP_010500574.1
OG0008378	As012G273050	XP_010479357.1, XP_010500464.1, XP_010461760.1
OG0008379	As012G273310	XP_010479329.1, XP_010461717.1, XP_010500442.1
OG0008380	As012G274290	XP_010440193.1, XP_010449836.1
OG0008381	As012G274450	XP_010434886.1, XP_010449851.1, XP_010440207.1
OG0008382	As012G274860	XP_010504979.1, XP_010516660.1, XP_010509686.1
OG0008383	As012G274900	XP_010509700.1, XP_010504968.1
OG0008384	As012G274950	XP_010509704.1, XP_010516642.1
OG0008385	As012G275480	XP_010426774.1, XP_010503902.1, XP_010515633.1
OG0008386	As012G275690	XP_019084846.1, XP_010515661.1
OG0008387	As012G275840	XP_010503963.1, XP_010515685.1, XP_010426839.1
OG0008388	As012G275920	XP_010515700.1, XP_010503983.1, XP_010426855.1
OG0008389	As012G276240	XP_010426895.1, XP_010507412.1, XP_010515747.1, XP_010507411.1
OG0008390	As012G276440	XP_010515764.1, XP_010426917.1, XP_010504035.1
OG0008391	As012G277260	XP_010515849.1, XP_010504121.1, XP_010427006.1
OG0008392	As012G277360	XP_010427018.1, XP_010504130.1, XP_010515860.1
OG0008393	As012G277610	XP_010427037.1, XP_010515879.1, XP_010504149.1
OG0008394	As012G277760	XP_010504167.1, XP_010515894.1, XP_010427049.1
OG0008395	As012G278280	XP_010504201.1, XP_010515926.1, XP_010427078.1
OG0008396	As012G278960	XP_010503871.1, XP_010426755.1, XP_010515607.1
OG0008397	As012G279870	XP_010427124.1, XP_010515955.1, XP_010504232.1
OG0008398	As012G279900	XP_010427128.1, XP_010504236.1, XP_010515958.1
OG0008399	As012G279910	XP_010504286.1, XP_010427181.1, XP_010516011.1
OG0008400	As012G279990	XP_010515950.1, XP_010504229.1, XP_010427102.1
OG0008401	As012G280030	XP_010516007.1, XP_010427179.1, XP_010504283.1
OG0008402	As012G281030	XP_010504327.1, XP_010427227.1, XP_010516040.1
OG0008403	As012G281830	XP_010516110.1, XP_010504396.1, XP_010427313.1
OG0008404	As012G281960, As012G281970, As012G281980	XP_010504409.1, XP_010427325.1, XP_010516125.1
OG0008405	As012G282560	XP_010504482.1, XP_010427410.1, XP_010516201.1
OG0008406	As012G282950	XP_010516253.1, XP_010504553.1, XP_010427475.1
OG0008407	As012G283490	XP_010427554.1, XP_010504612.1
OG0008408	As012G284090	XP_019102037.1, XP_010504692.1, XP_010427643.1
OG0008409	As012G284580	XP_010516463.1, XP_010504769.1
OG0008410	As012G284720	XP_019085612.1, XP_010504799.1, XP_010516491.1
OG0008411	As012G284910	XP_010516511.1, XP_010427767.1, XP_019101939.1, XP_019100416.1
OG0008412	As012G284920	XP_010427769.1, XP_019098358.1, XP_010516513.1
OG0008413	As012G285000	XP_010516529.1, XP_010504830.1, XP_010427779.1
OG0008414	As012G285030	XP_010427787.1, XP_010516533.1, XP_010504836.1
OG0008415	As012G285080	XP_010516544.1, XP_010504849.1, XP_010427795.1
OG0008416	As012G285090	XP_010427797.1, XP_010516547.1, XP_010504852.1
OG0008417	As012G285100	XP_010517835.1, XP_010508512.1, XP_010506131.1
OG0008418	As012G285410	XP_010518600.1, XP_010488710.1, XP_010467021.1
OG0008419	As012G285440	XP_010413701.1, XP_010512197.1, XP_010469350.1
OG0008420	As012G285540	XP_010418635.1, XP_010513735.1, XP_010418636.2
OG0008421	As012G285580	XP_010469307.1, XP_010512213.1, XP_010413680.1
OG0008422	As012G285690	XP_010413662.1, XP_010512242.1, XP_010469292.1, XP_010451630.1
OG0008423	As012G285730	XP_010512245.1, XP_010469284.1, XP_010413651.1
OG0008424	As012G285810	XP_010512260.1, XP_010413638.1, XP_010469267.1
OG0008425	As012G286040	XP_010413602.1, XP_019093179.1, XP_019101722.1
OG0008426	As012G286130	XP_010512327.1, XP_010413593.1, XP_010469217.1, XP_010469218.1
OG0008427	As012G286290	XP_010512341.1, XP_010469204.1, XP_010413577.1
OG0008428	As012G286690	XP_010413543.1, XP_010512386.1, XP_010469166.1
OG0008429	As012G286770	XP_019093665.1, XP_019093687.1, XP_019083054.1, XP_010512398.1, XP_019082504.1
OG0008430	As012G287780	XP_010413348.1, XP_010469022.1, XP_010512550.1
OG0008431	As012G287930	XP_010413327.1, XP_010469004.1, XP_010512573.1
OG0008432	As012G287950	XP_010469001.1, XP_010413324.1, XP_010512576.1
OG0008433	As012G288040	XP_010413310.1, XP_010468988.1, XP_010512593.1
OG0008434	As012G288130	XP_010512604.1, XP_010413300.1
OG0008436	As012G288730	XP_010413221.1, XP_010468908.1, XP_010512687.1
OG0008437	As012G288760	XP_010413220.1, XP_010512689.1, XP_010468907.1
OG0008438	As012G288790	XP_010468904.1, XP_010413217.1, XP_010512692.1
OG0008439	As012G288970	XP_010512716.1
OG0008440	As012G289160	XP_010468869.1, XP_010512735.1, XP_010413177.1
OG0008504	As001G000180	XP_010438489.1, XP_010433245.1
OG0008505	As001G000550	XP_010447947.1, XP_010433190.1, XP_010438415.2
OG0008506	As001G000740	XP_010447912.1, XP_010438377.1
OG0008507	As001G000850	XP_010438363.1, XP_010433149.1, XP_010447903.1
OG0008508	As001G000890	XP_010447894.1, XP_010433140.1, XP_010438352.1
OG0008509	As001G001780	XP_019087312.1, XP_010447795.1, XP_019086695.1
OG0008510	As001G001810	XP_010438243.1, XP_010433048.1
OG0008511	As001G001820	XP_010438242.1, XP_010447791.1, XP_010436338.1
OG0008512	As001G001840	XP_010447789.1, XP_010438239.1, XP_010433046.1
OG0008513	As001G001920	XP_010433033.1, XP_010438226.1, XP_010447776.1
OG0008514	As001G002240	XP_010438201.2, XP_010433012.1, XP_010447748.1
OG0008515	As001G002330	XP_010433001.1, XP_010438193.1, XP_010447736.1
OG0008516	As001G002420, As001G002430	XP_010432989.1, XP_010438182.1, XP_010447721.1
OG0008517	As001G002460	XP_010438178.1, XP_010447717.1
OG0008518	As001G002850	XP_010454276.1, XP_010424188.1, XP_010493067.1, XP_010495308.2
OG0008519	As001G002970	XP_019086666.1, XP_010447658.1, XP_010438124.1
OG0008520	As001G003000	XP_010438121.1, XP_010447656.1, XP_010432936.1
OG0008521	As001G003680	XP_019086664.1, XP_010438045.1, XP_010447562.1
OG0008522	As001G003840	XP_010438022.1, XP_010432847.1, XP_010447512.1
OG0008523	As001G004010	XP_019089769.1, XP_010437999.1, XP_010432821.1
OG0008524	As001G004140	XP_010447548.1, XP_010437987.1, XP_010432810.1
OG0008525	As001G004220	XP_010432803.1, XP_010437983.1, XP_010447475.1
OG0008526	As001G004640	XP_010432765.1, XP_010447433.1, XP_019088740.1
OG0008527	As001G004710	XP_010447417.1, XP_010437933.1, XP_010432748.1
OG0008528	As001G004780	XP_010447411.1, XP_019086662.1, XP_010437927.1
OG0008529	As001G005390	XP_010437876.1, XP_010447360.1, XP_010432685.1
OG0008530	As001G005630	XP_010432632.1, XP_010447315.1, XP_010437828.1
OG0008531	As001G005730	XP_010432636.1, XP_010447318.1, XP_010437832.1
OG0008532	As001G005760	XP_010432635.1, XP_010447317.1, XP_010437830.1
OG0008533	As001G006030	XP_010432599.1, XP_010447271.1, XP_010447272.1, XP_010437790.1
OG0008534	As001G006490	XP_010432676.1, XP_010447355.1
OG0008535	As001G006610	XP_010447256.1, XP_010437776.1, XP_010432577.1
OG0008536	As001G006640	XP_010437775.1, XP_010447254.1, XP_010432576.1
OG0008537	As001G007120	XP_010447248.1, XP_010437771.1, XP_010432572.1
OG0008538	As001G009960	XP_010437765.1, XP_010432567.1, XP_010447244.1
OG0008540	As001G012830, As011G262590	XP_010447115.1, XP_010437646.1
OG0008541	As001G013640	XP_010447146.1, XP_010437670.1, XP_019086546.1
OG0008542	As001G013790	XP_010447170.1, XP_010437694.1, XP_010432490.1
OG0008543	As001G013820	XP_010447082.1, XP_010432417.1, XP_010437620.1
OG0008544	As001G014120	XP_010432414.1, XP_010447081.1, XP_010437616.1
OG0008545	As001G014230	XP_010432403.1, XP_010447065.1, XP_010437601.1
OG0008546	As001G014430	XP_010432380.1, XP_010437570.1, XP_010447038.1
OG0008547	As001G014730	XP_010432364.1, XP_010437549.1, XP_010447018.1
OG0008548	As004G078980, As001G015890	XP_010499679.1, XP_010478577.1, XP_010460955.1
OG0008549	As004G079200, As001G016210	XP_010478591.1, XP_010499718.1
OG0008550	As001G016330	XP_010461002.1, XP_010499728.1, XP_010478599.1
OG0008551	As001G016460	XP_010478619.1, XP_010461023.1, XP_010499748.1
OG0008552	As001G016700	XP_010478641.1, XP_010499764.1, XP_010461035.1
OG0008553	As001G016930	XP_010499788.1, XP_010461064.1, XP_010478663.1
OG0008554	As001G017310	XP_010434725.1, XP_010440061.1, XP_010449673.1
OG0008555	As001G017370	XP_019086784.1, XP_010440068.1, XP_010449684.1
OG0008556	As001G017690	XP_010440120.1, XP_010449736.1, XP_019086261.1
OG0008557	As001G018270	XP_010476172.1, XP_010493775.1, XP_019090984.1
OG0008558	As001G018540	XP_010469534.1, XP_010509951.1, XP_010413929.1, XP_010413930.1
OG0008559	As001G018570	XP_019083181.1, XP_010511580.1, XP_010470367.1
OG0008560	As001G019050	XP_010480252.1, XP_010511283.1, XP_010414987.1
OG0008561	As001G019300, As010G232740	XP_010432625.1, XP_010437815.1, XP_010447298.1
OG0008562	As001G019640	XP_010474050.2, XP_019100875.1, XP_010414756.1
OG0008563	As008G187600	XP_010490407.1, XP_010475840.1, XP_010458296.1
OG0008564	As001G020010	XP_010470255.1, XP_010414732.1, XP_010511071.1
OG0008565	As001G020510	XP_010414611.1, XP_010470162.1, XP_010510980.1
OG0008566	As001G020550	XP_010418833.1, XP_010474015.1, XP_010510976.1
OG0008567	As001G021060	XP_010510912.1, XP_010473256.1, XP_019082745.1
OG0008568	As001G021110	XP_010473248.1, XP_010510925.1, XP_010418013.1
OG0008569	As001G021120, As011G256100	XP_010466779.1, XP_010488492.1, XP_010513150.1
OG0008570	As001G021510	XP_010430106.1, XP_010418067.1, XP_010473317.1
OG0008571	As001G021610	XP_010473336.1, XP_010418097.1, XP_010419437.1, XP_010430141.1
OG0008572	As001G021630	XP_010418105.1, XP_010473341.1, XP_010430148.1
OG0008573	As001G021750	XP_010418130.1, XP_010473370.1, XP_010430175.1
OG0008574	As001G021760	XP_019093159.1, XP_010418132.1, XP_019085797.1
OG0008575	As001G021800	XP_010430180.1, XP_010418134.1, XP_010473379.1
OG0008576	As008G185790, As001G021980	XP_010430209.1, XP_010473405.1
OG0008577	As008G185580	XP_010476119.1, XP_010458588.1, XP_010493346.1
OG0008578	As001G022230	XP_010496902.1, XP_010459037.1, XP_010476599.1
OG0008579	As001G022750	XP_010513891.1, XP_010502142.1, XP_010424933.1
OG0008580	As001G022920	XP_010424952.1, XP_010502170.1, XP_010513908.1
OG0008581	As001G023070	XP_010502199.1, XP_010502192.1, XP_010513930.1
OG0008582	As001G023440	XP_010502250.1, XP_010514009.1, XP_010425013.1
OG0008583	As001G023730	XP_010425055.1, XP_010514055.1, XP_010502294.1
OG0008584	As001G024130	XP_010425142.1, XP_019100039.1, XP_010518594.1
OG0008585	As001G024350	XP_010514143.1, XP_010502395.1
OG0008586	As001G024620	XP_010425206.1, XP_010514178.1
OG0008587	As001G024880	XP_010425246.1, XP_010514214.1, XP_010502473.1
OG0008588	As001G024960	XP_010502483.1, XP_010514221.1, XP_010425252.1
OG0008589	As001G025100	XP_019102182.1, XP_019085288.1, XP_010502507.1
OG0008590	As001G025420	XP_010425367.1, XP_010502578.1, XP_010514296.1
OG0008591	As001G025540	XP_010514324.1, XP_010425383.1, XP_010502603.1
OG0008592	As001G025780	XP_010497369.1, XP_010425417.1, XP_010497450.1, XP_010514356.1
OG0008593	As001G025800	XP_010425423.1, XP_010502635.1, XP_010514359.1
OG0008594	As001G026030	XP_010502676.1, XP_010425453.1, XP_010514403.1
OG0008595	As001G026150	XP_010502691.1, XP_010425469.1, XP_010514420.1
OG0008596	As001G026230	XP_010425480.1, XP_010502702.1, XP_010514427.1
OG0008597	As001G026720	XP_010514490.1, XP_010425556.1, XP_010502785.1
OG0008598	As001G026730	XP_019085997.1, XP_010514491.1, XP_010502786.1
OG0008599	As001G027020	XP_010425622.1, XP_010514544.1, XP_010502835.1
OG0008600	As001G027040	XP_010514548.1, XP_010502845.1, XP_010425626.1
OG0008601	As001G027250	XP_010514589.1, XP_010502945.2, XP_010425655.1
OG0008602	As001G027370	XP_010425665.1, XP_010502884.1, XP_010514601.1
OG0008603	As001G027390	XP_010425667.1, XP_010514603.1, XP_010502886.1
OG0008604	As001G027840	XP_019099629.1, XP_010514648.1, XP_019085439.1
OG0008605	As001G027860	XP_019085823.1, XP_010507137.1, XP_010412466.1
OG0008606	As001G028920	XP_010415173.1, XP_010511558.1, XP_010470504.1
OG0008607	As001G029150	XP_010514150.1, XP_010502402.1
OG0008608	As001G029290	XP_010511118.1, XP_010415113.1, XP_010470447.1
OG0008609	As001G029480	XP_010440862.1, XP_010415075.1, XP_010511432.1, XP_010470425.1
OG0008610	As001G030220	XP_010473733.1, XP_010496629.1, XP_010430616.1
OG0008611	As001G030290	XP_010430610.1, XP_010496626.1, XP_010497234.1
OG0008612	As001G030570	XP_010473704.1, XP_010418504.1, XP_010430574.1
OG0008613	As001G030600	XP_019098738.1, XP_010473698.1, XP_010430571.1, XP_010418500.1
OG0008614	As001G030840	XP_010418453.1, XP_010473658.1, XP_010430525.1
OG0008615	As001G030950	XP_010473645.1, XP_010430513.1, XP_010418439.1
OG0008616	As001G031050	XP_010418425.1, XP_010430502.1, XP_010473632.1
OG0008617	As001G031420, As001G031440	XP_010430423.1, XP_010418342.1, XP_010473565.1
OG0008618	As001G031430	XP_010430420.1, XP_010452280.1, XP_010418340.1
OG0008619	As001G031660	XP_010430379.1, XP_010418307.1, XP_019094155.1
OG0008620	As001G031990	XP_010418263.1, XP_010430325.1, XP_010473487.1
OG0008621	As002G032320	XP_010486986.1, XP_010499275.1, XP_010418906.1, XP_010465040.1
OG0008622	As002G049150, As002G032530	XP_010483266.1, XP_010443433.1, XP_010452134.1
OG0008623	As002G033140, As002G032960	XP_019100557.1, XP_019102026.1, XP_019101225.1
OG0008624	As002G033460	XP_010517579.1, XP_010505862.1, XP_010508781.1
OG0008625	As002G033520	XP_010517591.1, XP_010508770.1, XP_010505871.1
OG0008626	As002G034200	XP_010471590.1, XP_010486496.1, XP_010464573.1
OG0008627	As005G108520	XP_010452242.1, XP_010490854.1, XP_010423685.1
OG0008628	As002G035500	XP_010464699.1, XP_010482050.1, XP_010486627.1
OG0008629	As002G036150	XP_010493783.1, XP_010464748.1, XP_010486683.1, XP_019092849.1
OG0008630	As002G036470	XP_010486708.1, XP_010491291.1, XP_010464778.1
OG0008631	As002G036760	XP_010486718.1, XP_010490154.1
OG0008632	As002G037280	XP_010464860.1, XP_010496221.1
OG0008633	As002G037390	XP_010486817.1, XP_010464868.1, XP_010496861.1
OG0008634	As002G037840	XP_010486854.1, XP_010498187.1, XP_010464917.1
OG0008635	As002G038010	XP_010498325.1, XP_010464941.1, XP_010486871.1
OG0008636	As002G038040	XP_010489787.1, XP_010498340.1
OG0008637	As002G038620	XP_010498659.1, XP_010464967.1, XP_010486909.1
OG0008638	As002G038930	XP_010498952.1, XP_010486937.1, XP_010465006.1
OG0008639	As002G040600	XP_010482289.1, XP_010442467.1, XP_010441261.1
OG0008640	As002G042000	XP_010442515.1, XP_010482343.1, XP_010441960.1
OG0008641	As002G042240	XP_010442524.1, XP_010442071.1
OG0008642	As002G042340	XP_010442225.1, XP_010442543.1, XP_010482367.1
OG0008643	As002G042670	XP_010482395.1, XP_010442568.1, XP_010442427.1
OG0008644	As002G042720	XP_010482402.1, XP_010446014.1
OG0008645	As002G042820	XP_010482431.1
OG0008646	As002G043610	XP_010442674.1, XP_010443574.1, XP_010482507.1
OG0008647	As002G043710, As002G043700	XP_010482523.1, XP_010473511.2
OG0008648	As002G044420	XP_010442806.1, XP_010482638.1, XP_019091275.1
OG0008649	As002G044670	XP_010445402.1, XP_010442845.1, XP_010482673.1
OG0008650	As002G044820	XP_010445592.1, XP_010442872.1, XP_010482703.1
OG0008651	As002G044940	XP_010482690.1, XP_010445514.1, XP_010442862.1
OG0008652	As002G045000	XP_010442857.1, XP_010482686.1, XP_010445479.1
OG0008653	As002G045240	XP_010445849.1, XP_010482747.1, XP_010442913.1
OG0008654	As002G045260	XP_010445864.1, XP_010442916.1, XP_010482750.1
OG0008655	As002G045340	XP_010482758.1, XP_010442928.1, XP_010496582.1
OG0008656	As002G045360	XP_010482760.1, XP_010442933.1, XP_010496585.1
OG0008657	As002G045520	XP_010446471.1, XP_010442985.1, XP_010482819.1
OG0008658	As002G045820	XP_010482781.1, XP_010446035.1, XP_010442950.1
OG0008659	As002G045910	XP_010482829.1, XP_010446663.1, XP_010442997.1
OG0008660	As002G046070	XP_010446745.1, XP_010443003.1, XP_010482837.1
OG0008661	As002G046130	XP_010443015.1, XP_010482846.1, XP_010446855.1
OG0008662	As002G046740	XP_010482912.1, XP_010443098.1, XP_010448898.1
OG0008663	As002G046970	XP_010482934.1, XP_010443121.1, XP_010449124.1
OG0008664	As002G047040	XP_010449262.1, XP_010443141.1, XP_010482953.1
OG0008665	As002G047300	XP_010449741.1, XP_010443189.1, XP_010483001.1
OG0008666	As002G047390	XP_010483013.1, XP_010443200.1, XP_010449946.1
OG0008667	As002G047400	XP_010483015.1, XP_010449954.1, XP_010443201.1
OG0008668	As002G047860	XP_010483078.1, XP_010443249.1, XP_010450666.1
OG0008669	As002G048090	XP_019092318.1, XP_010483111.1, XP_010443291.1
OG0008670	As002G048110	XP_010483113.1, XP_010443293.1, XP_010451052.1
OG0008671	As002G048250	XP_010451263.1, XP_010483132.1, XP_010443308.1
OG0008672	As002G048450	XP_010483153.1, XP_010483152.2, XP_019087042.1, XP_010451430.1
OG0008673	As002G048470	XP_010443327.1, XP_010483156.1, XP_010451444.1
OG0008674	As002G048630	XP_010485196.1, XP_010451653.1, XP_010443356.1
OG0008675	As002G048800	XP_010483208.1, XP_010443383.1, XP_010451807.1
OG0008676	As002G048890	XP_019088457.1, XP_010451861.1, XP_010483220.1
OG0008677	As002G049000	XP_010451940.1, XP_010443411.1, XP_010483235.1
OG0008678	As002G049290	XP_010483291.1, XP_010452554.1, XP_010443455.1
OG0008679	As002G049560	XP_010452894.1, XP_010483346.1, XP_010443500.1
OG0008680	As002G049830	XP_010453097.1, XP_010443516.1, XP_010483367.1
OG0008681	As002G049840	XP_010453107.1, XP_010443517.1, XP_010483368.1
OG0008682	As002G049990	XP_010439034.1, XP_010445932.1, XP_010482035.1
OG0008683	As002G050190	XP_010482026.1, XP_010438870.1
OG0008684	As002G050210	XP_010442208.1, XP_010482040.1, XP_010439067.1
OG0008685	As002G050350	XP_010492078.1, XP_010453391.1, XP_010419904.1
OG0008686	As002G050370	XP_010453390.1, XP_010492075.1, XP_010419903.1
OG0008687	As002G050560	XP_010492054.1, XP_010492052.1, XP_010419875.1, XP_010453366.1
OG0008688	As002G050590	XP_010419870.1, XP_010453362.1, XP_010492048.1
OG0008689	As002G050610	XP_010492047.1, XP_010456512.2, XP_010419869.1, XP_010456513.1
OG0008690	As002G050650	XP_010419861.1, XP_010453351.1, XP_019097849.1
OG0008691	As002G050920	XP_010419823.1, XP_010491994.1, XP_010453300.1
OG0008692	As002G050930	XP_010491993.1, XP_010453299.1, XP_010419822.1
OG0008693	As002G051080	XP_010491974.1, XP_010453281.1, XP_010419807.1
OG0008694	As002G051290	XP_010491950.1, XP_010419780.1
OG0008695	As002G051380	XP_010419767.1, XP_010491934.1, XP_010453242.1
OG0008696	As002G051430	XP_010491932.2, XP_010453238.2, XP_010419763.2
OG0008698	As002G051930	XP_010419689.1, XP_010491852.1, XP_010453176.1
OG0008699	As002G052500	XP_010422816.1, XP_010453105.1, XP_010491750.1
OG0008700	As012G274060, As002G052790	XP_010491719.1, XP_010453074.1, XP_010422838.1
OG0008701	As002G052930	XP_010491706.1, XP_010422848.1, XP_010456466.1
OG0008702	As002G053160	XP_010491669.1, XP_010422884.1, XP_010453039.1
OG0008703	As002G053450	XP_010491632.1, XP_010422929.1, XP_010452992.1
OG0008704	As002G053590	XP_010491607.1, XP_010422954.1, XP_010452968.1
OG0008705	As002G053670	XP_010452952.1, XP_010422966.1, XP_010491595.1
OG0008706	As002G053930	XP_010452910.1, XP_010423012.1, XP_010491550.1
OG0008707	As002G054190	XP_010423044.1, XP_010452875.1, XP_010491509.1
OG0008708	As002G054210	XP_010491505.1, XP_010423050.1, XP_010452869.1
OG0008709	As002G054460	XP_010452831.1, XP_010424725.1, XP_010495114.1
OG0008710	As002G054660	XP_010452804.1, XP_010491449.1, XP_010423122.1
OG0008711	As002G054890	XP_010452766.1, XP_010491412.1
OG0008712	As002G054920	XP_010423157.1, XP_010452760.1, XP_010491411.1
OG0008713	As002G055000	XP_010452748.1, XP_010423169.1, XP_010491399.1
OG0008714	As002G055200	XP_010491377.1, XP_010423192.1, XP_010452727.1
OG0008715	As003G055620	XP_010449651.1, XP_010434704.1, XP_010440039.1
OG0008716	As004G089690, As003G056010	XP_010434634.1, XP_010439969.1, XP_010449582.1
OG0008717	As003G056050	XP_010439964.1
OG0008718	As003G056140	XP_010449556.1, XP_010434618.1, XP_010439942.1
OG0008719	As003G056170	XP_010439938.1, XP_019089116.1, XP_010434615.1
OG0008720	As003G056180	XP_010434614.1, XP_010449554.1, XP_010439937.1
OG0008721	As003G056340	XP_010434598.1, XP_010449532.1, XP_010439922.1
OG0008722	As003G056510	XP_010439897.1, XP_010449498.1, XP_010434569.1
OG0008723	As003G057220	XP_010449471.1
OG0008724	As004G087920	XP_010481589.1, XP_010494644.1
OG0008725	As003G057580	XP_010439754.1, XP_010449388.1, XP_010434445.1
OG0008726	As003G057610	XP_010439748.1, XP_010434441.1, XP_010449385.1
OG0008727	As003G057770	XP_010439718.1, XP_010434420.1, XP_010449357.1
OG0008728	As003G057840	XP_010449340.1, XP_010439705.1, XP_010434407.1
OG0008729	As003G057860	XP_010434395.1, XP_010439689.1, XP_010449337.1
OG0008730	As003G058190	XP_010434334.1, XP_010439626.1, XP_010449264.1
OG0008731	As003G058220	XP_010449255.1, XP_010449254.2, XP_010434328.1, XP_010449240.1, XP_010439623.1
OG0008732	As003G058400	XP_019089392.1, XP_010434311.1, XP_010439608.1
OG0008733	As004G086690, As003G058690, As003G058650	XP_010434277.1, XP_010439568.1, XP_010449166.1
OG0008734	As003G058950	XP_010439531.1, XP_010449134.1, XP_010434245.1
OG0008735	As003G059090	XP_010439504.1, XP_010434211.1, XP_010449103.1
OG0008736	As003G059480	XP_010434177.1, XP_010439472.1, XP_010449058.1
OG0008737	As003G059850	XP_010434123.1, XP_010449002.1, XP_010439421.1
OG0008738	As003G060570	XP_010445206.1, XP_010448867.1, XP_010434015.1
OG0008739	As004G085080, As003G060630	XP_010422190.1, XP_010455665.1, XP_010433651.1
OG0008740	As003G060690	XP_010448848.1, XP_010433998.1, XP_010439292.1
OG0008741	As003G060880	XP_010448815.1, XP_010433978.1, XP_019086973.1
OG0008742	As003G060970	XP_010433960.1, XP_010439252.1, XP_010448794.1
OG0008743	As003G060990	XP_010439243.1, XP_010433956.1, XP_010448790.1
OG0008744	As003G061130	XP_010439228.1, XP_010433943.1, XP_010448772.1
OG0008745	As003G061490	XP_019088255.1, XP_010433901.1
OG0008746	As003G061620	XP_019093124.1, XP_019085890.1, XP_010415734.1
OG0008747	As003G061970	XP_010433848.1, XP_019097177.1, XP_010448645.1, XP_010439124.1
OG0008748	As004G083660, As003G062650	XP_010421956.1, XP_010437167.1, XP_010455434.1
OG0008749	As003G062840, As012G271210	XP_010499902.1, XP_010461187.1, XP_010478777.1
OG0008750	As003G063220	XP_010461237.1, XP_010499950.1, XP_010478828.2
OG0008751	As003G063300	XP_019095958.1, XP_010499963.1, XP_019091857.1, XP_010478853.1
OG0008752	As003G063360	XP_010499978.1, XP_010478865.1, XP_019090859.1, XP_010461261.1
OG0008753	As003G063500	XP_010478915.1, XP_010461280.1, XP_010500006.1
OG0008754	As003G063830	XP_010500032.1, XP_010478942.1, XP_010461315.1
OG0008755	As003G064530	XP_010479054.1, XP_010500153.1, XP_010461446.2
OG0008756	As003G064550	XP_010461444.1, XP_010479050.1, XP_010500150.1
OG0008757	As003G065960, As003G065970	XP_010499246.1, XP_010478103.1, XP_010460518.1
OG0008758	As003G066170	XP_010500194.1, XP_010479079.1, XP_010461481.1
OG0008759	As003G067890	XP_010460559.1, XP_010478142.1, XP_010499283.1
OG0008760	As003G068780	XP_010499342.1, XP_010478195.1
OG0008761	As003G069490, As010G240240	XP_010416141.1, XP_010428261.2
OG0008763	As003G069900	XP_010460704.1, XP_010478290.1, XP_010499444.1
OG0008764	As003G070230	XP_010478344.1, XP_010499492.1, XP_019091314.1
OG0008765	As003G071240	XP_010460874.1, XP_010478495.1, XP_010499609.1
OG0008766	As003G071410	XP_010460897.1, XP_010478522.1, XP_010499631.1
OG0008767	As003G071550	XP_010478528.1, XP_010460903.1, XP_010499640.1
OG0008768	As003G071640	XP_010478540.1, XP_010460925.1, XP_019099316.1
OG0008769	As003G072030	XP_010446886.1, XP_010432238.1, XP_010437435.1
OG0008770	As003G072060	XP_010446882.1, XP_019088201.1, XP_019086874.1
OG0008771	As003G072300	XP_010437391.1, XP_010432204.1, XP_010446840.1
OG0008772	As003G072670	XP_010446784.1, XP_010437341.1, XP_010432170.1
OG0008773	As003G072950	XP_010446747.1, XP_010432140.1, XP_010437309.1
OG0008774	As003G073260	XP_010432098.1, XP_010446712.1, XP_010437271.1
OG0008775	As003G073360	XP_019086374.1, XP_010437256.1, XP_010446695.1
OG0008776	As003G073420	XP_010437250.1, XP_010436227.1
OG0008777	As003G073460	XP_010437247.1, XP_010446685.1, XP_010432076.1
OG0008778	As003G074110	XP_010437181.1, XP_010432028.1, XP_010446620.1
OG0008779	As003G074130	XP_010446618.1, XP_010437180.1, XP_010432025.1
OG0008780	As003G074410	XP_010437153.1, XP_010446596.1
OG0008781	As003G074570	XP_010431993.1, XP_010437142.1, XP_010446566.1, XP_010431994.1
OG0008782	As003G074590	XP_010437141.1, XP_010446567.1
OG0008783	As003G074860	XP_010431955.1, XP_010437108.1, XP_010446548.1
OG0008784	As003G075590	XP_010431895.1, XP_010446462.1
OG0008785	As004G076900	XP_010433332.1, XP_010438570.1
OG0008786	As004G076920	XP_010450435.1, XP_010435503.1, XP_010440790.1
OG0008787	As004G077020	XP_010467338.1, XP_019084054.1, XP_019092353.1, XP_019086608.1
OG0008788	As004G077640	XP_010450955.1, XP_010435720.1
OG0008789	As004G077680	XP_010478860.1, XP_010508402.1, XP_010517932.1, XP_010506248.1
OG0008790	As004G078190	XP_010450832.1, XP_010435823.1
OG0008791	As004G078710	XP_010499649.1, XP_010478539.1, XP_010460927.1
OG0008792	As004G079270	XP_010491097.1, XP_010452471.1, XP_010423447.1
OG0008793	As004G079420	XP_010478632.1, XP_010499757.1, XP_010461030.1
OG0008794	As004G079970	XP_010505085.1, XP_010516762.1, XP_010509581.1
OG0008795	As004G080160	XP_010455348.1, XP_010421856.1, XP_010421855.1, XP_010455347.1, XP_010438342.1
OG0008796	As004G081320	XP_019082947.1, XP_010509812.1, XP_010473852.1
OG0008797	As004G081830	XP_010481875.1, XP_010494309.1, XP_010442042.1
OG0008798	As004G082140	XP_010481920.1, XP_010494263.1, XP_010442092.1
OG0008799	As004G082210	XP_010481928.1, XP_010494249.1, XP_010442103.1, XP_019087791.1
OG0008800	As004G082550	XP_010518199.1, XP_010508122.1
OG0008801	As004G082920	XP_010442190.1, XP_010494150.1
OG0008802	As004G083670	XP_010455435.1, XP_010421957.1, XP_010437147.1
OG0008803	As004G084330	XP_019084069.1, XP_019090690.1, XP_010435364.1
OG0008804	As004G084900	XP_010455634.1, XP_010422169.1, XP_010468506.1, XP_010455633.1, XP_010433874.1
OG0008805	As004G085040	XP_010422187.1, XP_010455657.1, XP_010433706.1
OG0008806	As004G085140	XP_010455677.1, XP_010422204.1, XP_010433531.1
OG0008807	As004G085170	XP_010422207.1, XP_010455683.1, XP_010433470.1
OG0008808	As004G085340	XP_010433259.1, XP_010455709.1, XP_010422232.1
OG0008809	As004G085880	XP_010422319.1, XP_010432131.1, XP_010455787.1
OG0008810	As004G086170	XP_010431694.1, XP_019090625.1, XP_019084138.1
OG0008811	As004G086240	XP_010439501.1, XP_010434204.1, XP_010449098.1
OG0008812	As004G086700	XP_019087927.1, XP_019095727.1, XP_010494471.1
OG0008813	As004G086750	XP_010481689.1, XP_010494485.1, XP_010441874.1
OG0008814	As004G087130	XP_010494521.1, XP_010441833.1, XP_010481716.1
OG0008815	As004G087430	XP_010494566.1, XP_010441801.1, XP_010481660.1
OG0008816	As004G087830	XP_010441749.1, XP_010481603.1, XP_010494632.1
OG0008817	As004G088310	XP_010481525.1, XP_010494736.1
OG0008818	As004G088380	XP_010494743.1, XP_010441657.1, XP_010481518.1, XP_010481428.1, XP_010441561.1, XP_010445799.1, XP_010494767.1
OG0008819	As004G089190	XP_010494854.1, XP_010481421.1, XP_019086956.1
OG0008820	As004G089240	XP_010441548.1, XP_010481415.1, XP_010494858.1
OG0008821	As004G089610	XP_019095487.1, XP_010445772.1, XP_010494911.1
OG0008822	As004G090130	XP_019098028.1, XP_010497381.1, XP_019098026.1, XP_010441423.1, XP_019095475.1
OG0008823	As004G090140	XP_019095474.1, XP_010495009.1, XP_010441418.1
OG0008824	As004G092100	XP_010450396.1, XP_010435449.1, XP_010440748.1
OG0008825	As004G092980	XP_010435345.1, XP_010440626.1, XP_010450247.1
OG0008826	As004G093630	XP_010435309.1, XP_010440659.1, XP_010450300.1
OG0008827	As004G093740	XP_010440666.1, XP_010450306.1, XP_010435300.1, XP_010480620.1
OG0008828	As004G094340	XP_010440573.1, XP_010435257.1, XP_010450201.1
OG0008829	As004G094420	XP_010513371.1, XP_010488521.1, XP_010466823.1
OG0008830	As004G095210	XP_010450089.1, XP_010435178.1
OG0008831	As004G095280	XP_010440497.1, XP_019087723.1, XP_010435157.1, XP_010450069.1
OG0008832	As004G095380	XP_010440488.1, XP_010450055.1, XP_010435144.1
OG0008833	As004G095860	XP_010449997.1, XP_010440400.1, XP_010435074.1
OG0008834	As004G096200	XP_010495896.1, XP_010435023.1, XP_010440339.1
OG0008835	As004G096230	XP_010449960.1, XP_010440325.1, XP_010435034.1
OG0008836	As004G096560	XP_010434975.1, XP_010440303.1, XP_010434348.1
OG0008837	As004G096600	XP_010434482.1, XP_010434962.1, XP_010440293.1
OG0008838	As004G097080	XP_010441131.1
OG0008839	As004G097450, As004G097780	XP_010422470.1, XP_010430979.1, XP_010436042.1, XP_010450577.1, XP_010441265.1
OG0008840	As004G097470, As008G190170	XP_010450637.1, XP_010441214.1, XP_010435997.1
OG0008841	As004G097710	XP_010450565.1, XP_010436050.1, XP_010441272.1
OG0008842	As004G097730	XP_010441271.1, XP_010450569.1, XP_010436048.1
OG0008843	As004G098060	XP_019086990.1
OG0008844	As004G098280	XP_010448101.1, XP_010436139.1, XP_010441369.1
OG0008845	As004G098350	XP_010446915.1, XP_010436148.1
OG0008846	As005G098680	XP_019100688.1, XP_010507821.2
OG0008847	As005G098760	XP_010506841.1, XP_010518514.1, XP_010507830.1
OG0008848	As005G098810	XP_010506831.1, XP_010507835.1, XP_010518507.1
OG0008849	As005G100300	XP_010518349.1, XP_010506687.1, XP_010507982.1
OG0008850	As005G100380	XP_010518341.1, XP_010506676.1, XP_010507990.1
OG0008851	As005G100510	XP_010506659.1, XP_010518324.1, XP_010508006.1
OG0008852	As005G100930	XP_010508059.1, XP_019082422.1, XP_010506614.1
OG0008853	As005G101000	XP_010518269.1, XP_010508065.1, XP_010506604.1
OG0008854	As005G101330	XP_010518192.1, XP_010506552.1, XP_010508116.1
OG0008855	As005G101710	XP_010413062.1, XP_010506484.1, XP_010508173.1
OG0008856	As005G101930	XP_010506458.1, XP_010508201.1, XP_010518133.1
OG0008857	As005G102000	XP_010518125.1, XP_010508209.1, XP_010506449.1
OG0008858	As005G102080	XP_010518115.1, XP_010506442.1, XP_010508217.1
OG0008859	As012G286140, As005G102540	XP_010512329.1, XP_010413591.1
OG0008860	As005G103010	XP_010506332.1, XP_010508325.1, XP_010518011.1
OG0008861	As005G103150	XP_010517839.1, XP_010506143.1, XP_010508493.1
OG0008862	As005G103190	XP_010508349.1, XP_010506308.1, XP_010517983.1
OG0008863	As005G103200	XP_010506305.1, XP_010508350.1
OG0008864	As005G103400	XP_010506281.1, XP_010508372.1, XP_010517960.1
OG0008865	As005G104000	XP_010506201.1, XP_010508446.1, XP_010517889.1
OG0008866	As005G104260	XP_010508475.1, XP_010506161.1
OG0008867	As005G104370	XP_010512141.1, XP_010413748.1, XP_010469370.1
OG0008869	As005G104890	XP_010508577.1, XP_010517767.1
OG0008870	As005G104920	XP_010507700.1, XP_010517756.1, XP_010506062.1, XP_010508582.1
OG0008871	As005G104960	XP_010508584.1, XP_010506058.1, XP_010517755.1
OG0008872	As005G105000	XP_010419753.1, XP_010491916.1, XP_010453220.1
OG0008873	As005G105460	XP_010507688.1, XP_010413001.1, XP_010508675.1
OG0008874	As005G105770	XP_010505961.1, XP_010517665.1, XP_010508684.1
OG0008875	As005G106130	XP_010508716.1, XP_010517640.1, XP_010505927.1
OG0008876	As005G106140	XP_010505926.2, XP_019082314.1, XP_010508717.1
OG0008877	As005G106690	XP_010423946.1, XP_010490576.1, XP_010451997.1
OG0008878	As005G106830	XP_010490588.1, XP_010423928.1, XP_010452006.1
OG0008879	As005G106880	XP_010452011.1, XP_010490595.1, XP_019084601.1
OG0008880	As005G106970, As005G106960	XP_010423912.1, XP_010452024.1, XP_010490606.1
OG0008881	As005G107490	XP_010423864.1, XP_010452082.1, XP_010490696.1
OG0008882	As005G107760	XP_010490735.1, XP_010423832.1, XP_010452120.1
OG0008883	As005G108060	XP_010424800.1, XP_010452179.1, XP_010490785.1
OG0008884	As005G108590	XP_010423679.1, XP_010452260.1, XP_010490857.1
OG0008885	As005G108710	XP_010423663.1, XP_010490868.1, XP_010452272.1
OG0008886	As005G108880	XP_010423652.1, XP_010452287.1, XP_010490883.1
OG0008887	As005G109250	XP_010423614.1, XP_010490925.1
OG0008888	As005G109920	XP_010492996.1, XP_010454211.1, XP_010420741.2
OG0008889	As005G110230	XP_010493036.1, XP_010454244.1
OG0008890	As005G110460	XP_010493041.1, XP_010420776.1
OG0008891	As005G110610	XP_010420786.1, XP_010493050.1, XP_010454257.1
OG0008892	As005G111310	XP_010493120.1, XP_010454316.1, XP_010420852.1
OG0008893	As005G111360	XP_010420853.1, XP_010493122.1, XP_010454318.1
OG0008894	As005G111650	XP_010420790.1, XP_010493055.1, XP_010454259.1
OG0008895	As005G111820	XP_010454357.1, XP_010420889.1, XP_010493157.1
OG0008896	As008G192090	XP_010443893.1, XP_010456788.1, XP_010483741.1
OG0008897	As005G112420	XP_010493210.1, XP_010420943.1, XP_010454409.1
OG0008898	As005G112450	XP_010493212.1, XP_019084755.1, XP_019090077.1
OG0008899	As005G112710	XP_010420964.1, XP_010493238.1, XP_010454438.1
OG0008900	As005G112920	XP_010420976.1, XP_010454451.1, XP_010493247.1
OG0008901	As005G112950	XP_010493251.1, XP_010454454.1, XP_010420979.1
OG0008902	As005G113110	XP_010454466.2, XP_010420992.1, XP_010493261.1
OG0008903	As005G113320	XP_010421022.1, XP_010454498.1
OG0008904	As005G113360	XP_010493323.1, XP_010421028.1, XP_010454501.1
OG0008905	As005G113710	XP_010454562.1, XP_010421081.1, XP_010493398.1
OG0008906	As005G113870	XP_010493408.1, XP_010454579.1, XP_010421097.1
OG0008907	As005G114030	XP_010443872.1, XP_010456674.1, XP_010483721.1
OG0008908	As005G114450	XP_010443813.1, XP_010456108.1
OG0008909	As005G114520	XP_010461119.1, XP_010444311.1
OG0008910	As005G114660	XP_010483642.1
OG0008911	As005G114670	XP_010443783.1, XP_019095512.1, XP_010455759.1
OG0008912	As005G114750	XP_010483632.1, XP_010443770.1, XP_010455671.1
OG0008913	As005G114820	XP_010455528.1, XP_010483624.1, XP_019088126.1
OG0008914	As005G114900	XP_010443753.1, XP_010483621.1, XP_010455489.1
OG0008915	As005G115290	XP_010483536.1, XP_010454733.1, XP_010443665.1
OG0008916	As010G224270, As005G115400	XP_010483528.1, XP_010454666.1, XP_010443659.1
OG0008917	As005G115610	XP_010455175.1, XP_010443717.1, XP_010483597.1
OG0008918	As005G115750	XP_010443677.1, XP_010454811.1
OG0008919	As005G115810	XP_010443652.1, XP_010483518.1
OG0008920	As005G115850	XP_010454521.1, XP_010483509.1, XP_010443645.1
OG0008921	As005G115890	XP_010443641.1, XP_010454555.1, XP_010483506.1
OG0008922	As005G116720	XP_010444296.1, XP_010484133.1, XP_010460987.1
OG0008923	As005G116780	XP_019095947.1, XP_010444304.1, XP_010461069.1
OG0008924	As005G116820	XP_010488594.1, XP_010475612.1, XP_010458054.1
OG0008925	As005G116880	XP_010484157.1, XP_010461177.1, XP_010444315.1
OG0008926	As005G117200	XP_010461503.1, XP_010484191.1
OG0008926	As005G117190	XP_010502766.1
OG0008927	As005G117330	XP_010484212.1, XP_010461672.1
OG0008928	As005G117630	XP_010484252.1, XP_010444403.1, XP_010462916.1
OG0008929	As005G117790	XP_010462770.1, XP_019095773.1, XP_010444424.1
OG0008930	As005G118120	XP_010484307.1, XP_010444468.1, XP_010462444.1
OG0008931	As005G118210	XP_010462275.1, XP_010484315.1, XP_010444486.1
OG0008932	As005G118230	XP_010484318.1, XP_010462232.1, XP_010444490.1
OG0008933	As005G118980	XP_010444616.1, XP_010484447.1, XP_019094449.1
OG0008934	As005G119070	XP_010463908.1, XP_010484480.1, XP_010444630.1
OG0008935	As005G119240	XP_010464139.1, XP_010484507.1
OG0008936	As005G119360	XP_010444673.1, XP_019096046.1, XP_010464277.1
OG0008937	As005G119710	XP_010444709.1, XP_010484568.1, XP_010464727.1
OG0008938	As005G119860	XP_010444729.1, XP_010484586.1, XP_010464858.1
OG0008939	As005G119870	XP_010444731.1, XP_010464881.1, XP_010484591.1, XP_010484587.1
OG0008940	As005G120000	XP_010465067.1, XP_010444752.1
OG0008941	As005G120250	XP_010484630.1, XP_010444783.1, XP_010465327.1
OG0008942	As005G120320	XP_010465469.1, XP_010484638.1, XP_010444793.1
OG0008943	As005G120350	XP_010444796.1, XP_010484644.1, XP_010465492.1
OG0008944	As005G120520	XP_010484662.1, XP_010444813.1, XP_010465682.1
OG0008945	As005G120660	XP_019087703.1, XP_010484678.1, XP_010465855.1
OG0008946	As005G120880	XP_010484705.1, XP_010466350.1, XP_010444860.1
OG0008947	As006G121320	XP_010456256.1, XP_010466626.1
OG0008948	As006G121330	XP_010474800.1, XP_010479778.1, XP_010457082.1
OG0008949	As006G121570	XP_010426983.1, XP_010456292.1, XP_010419576.1
OG0008950	As006G121650	XP_010456302.1, XP_010419563.1, XP_010426845.1
OG0008951	As006G121670	XP_019084720.1, XP_010456306.1, XP_010466590.2
OG0008952	As006G121800	XP_010427535.1, XP_010456234.1, XP_010422800.1
OG0008953	As006G122120	XP_010422750.1, XP_010456190.1
OG0008954	As006G122350	XP_010456160.1, XP_010428281.1
OG0008955	As006G122870	XP_010429125.1, XP_010422645.1
OG0008956	As006G122950	XP_010472620.2, XP_010417371.1, XP_010429609.1
OG0008957	As006G123090	XP_010422614.1, XP_010456054.1, XP_010429456.1
OG0008958	As006G123550	XP_010422549.1, XP_010455987.1, XP_010430119.1
OG0008959	As006G123680	XP_010430291.1, XP_010455922.1, XP_010422537.1
OG0008960	As006G123860	XP_019089073.1, XP_010422503.2
OG0008961	As006G123880	XP_010430712.1, XP_019084154.1
OG0008962	As006G124700, As006G125370	XP_010413883.1, XP_010469486.1, XP_019101330.1
OG0008963	As006G124740	XP_010494370.1, XP_010481815.1, XP_010441973.1
OG0008964	As006G124760	XP_010441978.1, XP_010481817.1, XP_010494368.1
OG0008965	As006G124970	XP_010494336.1, XP_010442007.1, XP_010481848.1
OG0008966	As006G125010	XP_010481851.1, XP_010442011.1, XP_010494335.1
OG0008967	As006G125410	XP_010413890.1, XP_019085954.1, XP_010469494.1, XP_010509906.1
OG0008968	As006G125490	XP_010413905.1, XP_010469511.1, XP_010509920.1
OG0008969	As006G125560	XP_010509912.1, XP_010413895.2, XP_010469501.2
OG0008970	As006G125940	XP_010413940.1, XP_010509956.1, XP_010469538.1
OG0008971	As006G126000	XP_019094153.1, XP_010413935.1, XP_010509959.1
OG0008972	As006G126210	XP_010469567.1, XP_010509994.1, XP_010413974.1, XP_010469568.1
OG0008973	As006G126240	XP_010469574.1, XP_010413983.1, XP_010510000.1
OG0008974	As006G126270	XP_010413987.1, XP_010469578.1, XP_019101351.1
OG0008975	As006G126750, As007G153780	XP_010501253.1, XP_010480194.1, XP_010462493.1
OG0008976	As006G126800	XP_019093714.1, XP_010497013.1, XP_019101069.1, XP_019100806.1, XP_019101111.1, XP_019083004.1, XP_019101370.1, XP_010481691.1, XP_019097822.1
OG0008977	As006G127280	XP_010469707.1, XP_010414130.1, XP_010510199.1
OG0008978	As006G127390	XP_010414147.1, XP_010469739.1, XP_010510217.1
OG0008979	As006G127540	XP_010469762.1, XP_010414182.1, XP_010510241.1
OG0008980	As006G127750	XP_010469784.1, XP_010414201.1
OG0008981	As006G127910	XP_010510304.1, XP_010469812.1
OG0008982	As006G128240	XP_010469875.1, XP_010510384.1, XP_010442279.1, XP_010493680.1, XP_010482103.1
OG0008983	As006G128280	XP_010418763.1, XP_010513216.1, XP_010469880.2
OG0008984	As006G128900	XP_010469957.1, XP_019083062.1, XP_010510495.1
OG0008985	As006G129120	XP_010510543.1, XP_010414448.1, XP_010470002.1
OG0008986	As006G129140	XP_010414451.2, XP_010510547.1, XP_010470007.2
OG0008987	As006G129300	XP_010510563.1, XP_010470027.1, XP_010414464.1
OG0008988	As006G129340	XP_010470033.1, XP_019083086.1, XP_010510567.1
OG0008989	As006G129590	XP_010510599.1, XP_010470059.1
OG0008990	As006G129630	XP_010474004.1, XP_010470062.1, XP_010414499.1, XP_010510610.1
OG0008991	As006G129880	XP_010470087.1, XP_010414533.1, XP_010510628.1
OG0008992	As006G129950	XP_010510645.1
OG0008993	As006G130070	XP_010470138.1, XP_010414589.1, XP_010510684.1
OG0008994	As006G130350	XP_010510736.1, XP_010417923.1, XP_010473166.1
OG0008995	As006G130360	XP_010473165.1, XP_010417920.1, XP_010510737.1
OG0008996	As006G130760	XP_010417875.1, XP_010473116.1, XP_010510793.1
OG0008997	As006G130820	XP_010417881.1, XP_010510787.1, XP_010473120.1
OG0008998	As006G130860	XP_010473135.1, XP_010510780.1, XP_010417897.1
OG0008999	As006G130940	XP_010510766.1, XP_019094133.1
OG0009000	As006G131400	XP_010510800.1, XP_010417871.1, XP_010473111.1
OG0009001	As006G131550	XP_010429671.1, XP_010417442.1, XP_010472677.1
OG0009002	As006G132080	XP_010429581.1, XP_010472592.1, XP_010417350.1
OG0009003	As006G132180	XP_010472594.1, XP_010429580.1, XP_010417351.1
OG0009004	As006G132280	XP_010433361.1, XP_010438606.1
OG0009005	As006G132310	XP_010433366.1, XP_010438613.1, XP_010448133.1
OG0009006	As006G132590	XP_010433407.1, XP_010438659.1, XP_010448178.1
OG0009007	As006G132800	XP_010445018.1, XP_010485415.1, XP_010463522.1
OG0009008	As006G132820	XP_010417087.1, XP_019092136.1, XP_010489629.1, XP_010496552.1
OG0009009	As006G132830	XP_010496310.1, XP_010485418.1, XP_010435620.1
OG0009010	As006G132920, As008G184190	XP_010496279.1, XP_010435652.1
OG0009011	As006G132930	XP_010496280.1, XP_010435651.1, XP_010485384.1
OG0009012	As006G133240	XP_010496440.1, XP_019096723.1, XP_010435671.1
OG0009013	As006G134080	XP_010433514.1, XP_010448282.1, XP_010438768.1
OG0009014	As006G134370	XP_010448191.1, XP_010438676.1, XP_010433422.1
OG0009015	As006G134500	XP_010448207.1, XP_010438693.1, XP_010433434.1
OG0009016	As006G134920	XP_010463584.1, XP_010485423.1, XP_010429549.1
OG0009017	As006G135170	XP_010463610.1, XP_010485453.1, XP_010451241.1
OG0009018	As006G135550	XP_010485564.1, XP_010463667.1, XP_010498637.1
OG0009019	As006G135610	XP_010485576.1, XP_010463677.1, XP_010499263.1
OG0009020	As006G135840	XP_010502050.1, XP_010485614.1, XP_010463713.1
OG0009021	As006G135930	XP_010463725.1, XP_010503306.1, XP_010485623.1
OG0009022	As006G136080	XP_010485643.1, XP_010463753.1, XP_010506077.1
OG0009023	As006G136150	XP_010485649.1, XP_010506908.1, XP_010463763.1
OG0009024	As006G136160	XP_010506826.1, XP_010485651.1
OG0009025	As006G136460	XP_010463792.1, XP_010510521.1, XP_010485683.1
OG0009026	As006G136720	XP_010467993.1, XP_010463892.1, XP_010463819.1, XP_010513039.1, XP_010489660.1, XP_010467991.1
OG0009027	As006G137270	XP_010485769.1, XP_010463870.1, XP_010517275.1
OG0009028	As006G137330	XP_010518044.1, XP_010463878.1, XP_010485777.1
OG0009029	As006G137340	XP_010485778.1, XP_010518139.1, XP_010463881.1
OG0009030	As006G137480	XP_010463906.1, XP_010485798.1, XP_010413520.1
OG0009031	As006G137660	XP_010463925.1, XP_010485824.1, XP_010415376.1
OG0009032	As006G137830	XP_019092015.1, XP_019099861.1, XP_019096297.1
OG0009033	As009G207100, As006G137860	XP_010485848.1, XP_010463951.1, XP_010417626.1
OG0009034	As006G137910	XP_010418051.1, XP_010485854.2, XP_010463958.1
OG0009035	As006G138100	XP_010419896.1, XP_010485873.1, XP_010463976.1
OG0009036	As006G138400	XP_010464025.1, XP_010485916.1, XP_010423838.1
OG0009037	As006G138450	XP_010464034.1, XP_010464032.1, XP_010424413.1, XP_010485942.1
OG0009038	As006G139040	XP_010430694.1, XP_010464100.1, XP_010486029.1
OG0009039	As006G139060	XP_019096325.1, XP_010464105.1, XP_010430845.1
OG0009040	As006G139590	XP_010464174.1, XP_010486093.1, XP_010435750.1
OG0009041	As006G139860	XP_010486124.1, XP_019100249.1, XP_010464198.1
OG0009042	As006G140160	XP_010441245.1, XP_010464224.1
OG0009043	As006G140280	XP_010464248.1, XP_010443061.1, XP_010486183.1
OG0009044	As006G140540	XP_019093897.1, XP_010464282.1, XP_010486218.1
OG0009045	As006G140780, As009G208470	XP_010448096.1, XP_010464298.2, XP_010486241.1
OG0009046	As009G208490, As006G140790	XP_010482148.1, XP_010439694.1, XP_010442331.1
OG0009047	As006G141030	XP_010450495.1, XP_010464343.1
OG0009048	As006G141060	XP_010464352.1, XP_010451216.1, XP_010486280.1
OG0009049	As006G141080	XP_010486283.1, XP_010464355.1, XP_010451469.1
OG0009050	As006G141670	XP_019096295.1, XP_010459910.1, XP_010464438.1
OG0009051	As006G141700	XP_010429658.1, XP_010472664.1, XP_010417423.1
OG0009052	As006G141800	XP_010468442.1, XP_010497074.1, XP_010512990.1, XP_010490085.1
OG0009053	As006G141810	XP_010486384.1, XP_010461096.1, XP_010464451.1
OG0009054	As006G141880	XP_010464459.1, XP_010486388.1, XP_010461709.1
OG0009055	As006G142230	XP_010500238.1, XP_010461513.1, XP_010479117.1
OG0009056	As006G142280	XP_010508841.1, XP_010517486.1, XP_010505795.1
OG0009057	As006G142350	XP_019102563.1, XP_010505787.1, XP_010508852.1
OG0009058	As006G142450	XP_010508861.1, XP_010517470.1, XP_010505778.1
OG0009059	As006G142550	XP_010508873.1, XP_010517456.1, XP_010505765.1
OG0009060	As006G142590	XP_010508880.1, XP_010517451.1, XP_010505759.1
OG0009061	As006G142720	XP_010508893.1, XP_010517437.1, XP_010505746.1
OG0009062	As006G143340	XP_010507639.1, XP_010508989.1, XP_010517325.1
OG0009063	As006G143350	XP_019102024.1, XP_019099878.1, XP_019101240.1
OG0009064	As006G143520	XP_010517305.1, XP_010505629.1, XP_010509005.1
OG0009065	As006G143720	XP_010509059.1, XP_010517259.1
OG0009066	As006G143920	XP_010505617.1, XP_010509014.1, XP_010517287.1, XP_010461597.1
OG0009067	As006G143950	XP_010517249.1, XP_010509069.1, XP_010505578.1
OG0009068	As006G144360	XP_010517191.1, XP_010509169.1, XP_010505527.1
OG0009069	As006G144370	XP_010511773.1, XP_010419063.2, XP_010470740.1
OG0009070	As006G144400	XP_010509168.1, XP_010505523.1
OG0009071	As006G144660	XP_010509509.1, XP_010516822.1, XP_010505146.1
OG0009072	As006G144720	XP_010516831.1, XP_010509500.1, XP_010505151.1
OG0009073	As006G144740	XP_010505153.1, XP_010516832.1
OG0009074	As012G276230, As006G144760	XP_010426893.1, XP_010515746.1, XP_010504018.1
OG0009075	As006G145080	XP_010509468.1, XP_010516869.1, XP_010505194.1
OG0009076	As006G145190	XP_010505211.1
OG0009077	As006G145460	XP_010516925.1, XP_010509416.1, XP_010505240.1
OG0009078	As006G145720	XP_010505262.1, XP_010509399.1, XP_010516950.1
OG0009079	As006G146050	XP_010509347.1, XP_010517004.1, XP_010505318.1
OG0009080	As006G146930	XP_010517062.1, XP_010505383.1, XP_010509269.1, XP_010509266.1
OG0009081	As006G146940	XP_010509268.1, XP_010517065.1, XP_010505385.1
OG0009082	As006G147260	XP_010509148.1, XP_010517165.1, XP_010505500.1
OG0009083	As006G147310	XP_010509147.1, XP_010517161.1, XP_010505498.1
OG0009084	As006G147940	XP_010509234.1, XP_010505415.1, XP_010517088.1
OG0009085	As006G148410	XP_010517144.1, XP_010505476.1, XP_010509124.1
OG0009086	As006G148420	XP_010509185.1, XP_010505458.1, XP_010517127.1
OG0009087	As006G148610	XP_010505455.1, XP_010517124.1, XP_010509187.1
OG0009088	As006G148830	XP_010509554.1, XP_010516789.1, XP_010505105.1
OG0009089	As007G151900	XP_010476605.1, XP_010496960.1, XP_019091391.1
OG0009090	As007G151920	XP_010459050.1, XP_010476608.1, XP_010496977.1
OG0009091	As007G152000	XP_010497110.1, XP_010459073.1, XP_010476626.1
OG0009092	As007G152060	XP_010476635.1, XP_010497148.1, XP_019091635.1
OG0009093	As007G152180	XP_010459098.1, XP_010497240.1, NP_001306214.1
OG0009094	As007G152210	XP_010476655.1, XP_010497299.1, XP_010459104.1
OG0009095	As007G152440	XP_010459133.1, XP_010476700.1, XP_010497556.1
OG0009097	As007G152890, As007G162460	XP_010459183.1, XP_010476753.1, XP_010497832.1
OG0009098	As007G152980	XP_019095094.1, XP_019091293.1, XP_010497937.1
OG0009099	As007G153010	XP_010476763.1, XP_019091292.1, XP_010497944.1
OG0009100	As007G153290	XP_010476820.1, XP_010459240.1, XP_010498018.1
OG0009101	As007G153650, As010G241560	XP_010480510.1, XP_010459294.1, XP_010501498.1
OG0009102	As007G153810	XP_010498080.1, XP_010459322.1, XP_010476885.1
OG0009103	As007G153920	XP_010476887.1, XP_010498085.1, XP_010459325.1
OG0009104	As007G154080	XP_010498136.1, XP_010476920.1, XP_010459367.1
OG0009105	As007G154600	XP_010501508.1, XP_010498202.1, XP_010476994.1, XP_010459428.1
OG0009106	As007G155010	XP_010459483.1
OG0009107	As007G155050	XP_010438790.1, XP_010448310.1, XP_010433538.1
OG0009108	As007G155070	XP_010498269.1, XP_010459497.1, XP_010477052.1
OG0009109	As007G155090	XP_019098769.1
OG0009110	As007G155460	XP_010477106.1, XP_010459562.1, XP_010498312.1
OG0009111	As007G156120	XP_010477218.1, XP_010459671.1, XP_010498417.1
OG0009112	As007G156130	XP_010477219.1, XP_010459672.1, XP_019099087.1
OG0009113	As007G156360	XP_010498449.1, XP_010477251.1
OG0009115	As007G157120	XP_010477371.1, XP_019090819.1, XP_010498563.1
OG0009116	As007G157770	XP_010427090.1, XP_010515938.1
OG0009117	As007G157910	XP_010459912.1, XP_010477439.1, XP_010498648.1
OG0009118	As007G158070	XP_010477455.1, XP_010498663.1, XP_010459927.1
OG0009119	As007G158080	XP_010477456.1, XP_010498664.1, XP_010459928.1
OG0009120	As007G158720	XP_010477531.1, XP_010498753.1, XP_010460031.1
OG0009121	As007G158730	XP_010477533.1, XP_010460033.1
OG0009122	As007G159220	XP_010498811.1, XP_010477593.1, XP_010460085.1
OG0009123	As007G159470	XP_010498841.1, XP_010460119.1, XP_010477628.1
OG0009124	As007G159600	XP_019091208.1, XP_019095451.1, XP_019091038.1, XP_019094439.1
OG0009125	As007G159690	XP_010477677.1, XP_010460149.1
OG0009126	As007G160210	XP_010477773.1, XP_010460224.1, XP_010498970.1
OG0009127	As007G160330	XP_010477790.1, XP_010498980.1
OG0009128	As007G160560	XP_010460269.1, XP_010477821.1, XP_010499001.1
OG0009129	As007G160610	XP_019084888.1
OG0009130	As007G160660, As010G232420	XP_010470917.1, XP_010415575.1, XP_010511960.1
OG0009131	As007G160770	XP_010460305.1, XP_010499037.1, XP_010477850.1
OG0009132	As007G160920	XP_010499062.1, XP_010477874.1, XP_010460328.1
OG0009133	As007G161000	XP_010460337.1, XP_019094827.1, XP_010499071.1, XP_019094450.1
OG0009134	As007G161010	XP_010460339.1, XP_010499073.1, XP_010477885.1
OG0009135	As007G161290	XP_010499109.1, XP_010477926.1, XP_010460380.1
OG0009136	As007G161320	XP_010460383.1, XP_010499112.1, XP_010497915.1, XP_010477929.1
OG0009137	As007G161560	XP_010499138.1, XP_010460407.1, XP_010477977.1
OG0009138	As007G161590	XP_010499141.1, XP_010477982.1, XP_010460410.1
OG0009139	As007G161860	XP_010478012.1, XP_010478014.1, XP_010499171.1, XP_010478015.1, XP_010460455.1
OG0009140	As007G162090, As007G162100	XP_019091968.1, XP_010478056.1, XP_010499206.1
OG0009141	As007G162760	XP_010433792.1, XP_010439062.1, XP_010448583.1
OG0009142	As007G162940	XP_019090663.1, XP_019095602.1, XP_019087610.1
OG0009143	As007G162980	XP_010433761.1, XP_010448556.1, XP_010439021.1
OG0009144	As007G163550	XP_010438966.1, XP_010448517.1, XP_019086477.1
OG0009145	As007G163730	XP_010433710.1, XP_010438956.1, XP_010448503.1
OG0009146	As007G167100	XP_010472526.1, XP_010417291.1, XP_010429519.1
OG0009148	As007G176810, As007G176820	XP_019083494.1, XP_010472510.1, XP_010429500.1
OG0009149	As007G177640	XP_010429504.1, XP_010417272.1, XP_010472514.1
OG0009150	As007G177990	XP_010472458.1, XP_010417208.1, XP_010429428.1
OG0009151	As007G178310	XP_010472430.1, XP_010417176.1, XP_010429397.1
OG0009152	As007G178970	XP_010429352.1, XP_010417139.1, XP_010472395.1
OG0009153	As007G179130	XP_010472375.1, XP_010417124.1, XP_010429334.1
OG0009154	As007G179580	XP_010417088.1, XP_010429282.1
OG0009155	As007G179720	XP_010429257.1, XP_010472313.1
OG0009156	As007G179780	XP_010515555.1, XP_010426703.1, XP_010503840.1
OG0009157	As007G180150	XP_010417015.1, XP_010429178.1, XP_010472244.1
OG0009158	As007G180250	XP_010472235.1, XP_010417005.1, XP_010429168.1
OG0009159	As007G180660	XP_010416942.1, XP_010416941.1, XP_010472185.1, XP_010429103.1
OG0009160	As007G181040	XP_010416884.1, XP_010429050.1, XP_010429039.1, XP_010472124.1
OG0009161	As007G181950	XP_010416853.1, XP_010472089.1, XP_010429004.1
OG0009162	As008G182420	XP_010459019.1, XP_010496760.1, XP_010476578.1
OG0009163	As008G182670	XP_010496507.1, XP_010458991.1, XP_010476547.1
OG0009164	As008G182780	XP_010496306.1, XP_010458968.1, XP_010476525.1
OG0009165	As008G183180	XP_010476458.1, XP_010458905.1, XP_010495826.1
OG0009166	As008G183270	XP_010476455.1, XP_010458903.1, XP_010495817.1
OG0009167	As008G183440	XP_010476428.1, XP_010495685.1, XP_010458862.1
OG0009168	As008G183960	XP_010495166.1, XP_010458778.1, XP_010476322.1
OG0009169	As008G183980	XP_010476326.1, XP_010458781.1, XP_010495195.1
OG0009170	As008G184350	XP_010494837.1, XP_010476282.1, XP_010458739.1
OG0009171	As008G184880	XP_010494099.1, XP_010458665.1, XP_010476209.1
OG0009172	As008G185600	XP_010458586.1, XP_010493326.1, XP_010476117.1
OG0009173	As008G185680	XP_010476105.1, XP_010493180.1, XP_010458579.1
OG0009174	As008G186050	XP_010476060.1, XP_010458536.1, XP_010492796.1
OG0009175	As008G186790	XP_010475970.1, XP_010458437.1
OG0009176	As008G186830	XP_010491841.1, XP_010475972.1, XP_010458435.1
OG0009177	As008G186930	XP_010458426.1, XP_010475943.1, XP_010491727.1
OG0009178	As008G187340	XP_010490885.1, XP_010490863.1, XP_010458365.1, XP_010475888.1
OG0009179	As008G187540	XP_010475836.1, XP_010490385.1, XP_010458291.1
OG0009180	As008G187640	XP_010475849.1, XP_010490467.1, XP_010458311.1
OG0009181	As008G188250	XP_010475789.1, XP_010490103.1, XP_010458240.1
OG0009182	As008G188450	XP_010475763.1, XP_010475764.1
OG0009184	As008G188920	XP_010475734.1, XP_010458178.1, XP_010489701.1
OG0009185	As008G189090	XP_010475719.1, XP_010458167.1, XP_010489596.1, XP_010489566.1, XP_010458166.1, XP_010475716.1
OG0009186	As008G189310	XP_010420808.1, XP_010454279.1, XP_010493079.1
OG0009187	As008G189380	XP_010489432.1, XP_010458148.1, XP_010475701.1
OG0009188	As008G189500	XP_010475689.1, XP_010458141.1, XP_010489367.1
OG0009189	As008G189850	XP_010475660.1, XP_010489027.1, XP_010458099.1
OG0009190	As008G189870	XP_010458100.1, XP_010489040.1, XP_010475661.1
OG0009191	As008G190010	XP_010458103.1, XP_010489091.1, XP_010475667.1
OG0009192	As008G190070	XP_010475668.1, XP_010489113.1, XP_010458105.1
OG0009193	As008G190600	XP_010501380.1, XP_010475650.1, XP_010458089.1
OG0009194	As008G190940	XP_010475644.1, XP_010458082.1, XP_019098897.1
OG0009195	As008G191250	XP_010488273.1, XP_010458022.1, XP_010475587.1
OG0009196	As008G191310	XP_010488718.1, XP_010458068.1, XP_010475624.1
OG0009197	As008G192130	XP_010475533.1, XP_010457958.1
OG0009198	As008G192730	XP_010457921.1, XP_010487459.1
OG0009199	As008G193010	XP_010475472.1, XP_010487219.1, XP_010457886.1
OG0009200	As008G193650	XP_010475377.1, XP_010457774.1, XP_010486162.1
OG0009201	As008G193700	XP_010475368.1, XP_010486072.1, XP_010457769.1
OG0009202	As008G193870	XP_010457753.1, XP_010475359.1, XP_019097674.1
OG0009203	As008G193910	XP_010457749.1, XP_010501341.1, XP_019094966.1
OG0009204	As008G194220	XP_010485596.1, XP_019098850.1
OG0009205	As008G194430	XP_010485310.1, XP_010501329.1, XP_010475296.1
OG0009206	As008G194920	XP_010457623.1, XP_010484935.1, XP_010475228.1
OG0009207	As008G194930	XP_010475225.1, XP_010484916.1, XP_010457620.1
OG0009208	As008G195010	XP_010457608.1, XP_010484852.1, XP_010475209.1
OG0009209	As008G195110, As010G244040	XP_010429994.1, XP_019093783.1, XP_019083572.1
OG0009210	As008G195560	XP_010457562.1, XP_010484434.1, XP_019095147.1
OG0009211	As008G195710	XP_010457542.1, XP_010484305.1, XP_010501319.1, XP_010475150.2
OG0009212	As008G195790	XP_010475145.1, XP_010457537.1, XP_010484223.1, XP_019090954.1
OG0009213	As008G196040	XP_010483923.1, XP_010457504.1, XP_010475114.1
OG0009214	As008G196300	XP_010483418.1, XP_010475083.1, XP_010457474.1
OG0009215	As008G196590	XP_010475037.1, XP_010482950.1, XP_010457424.1
OG0009216	As008G197030	XP_010457355.1, XP_010474969.1, XP_010482112.1
OG0009217	As008G197410	XP_019094932.1, XP_010457317.1
OG0009218	As008G197490	XP_010474905.1, XP_010457309.1, XP_010481465.1
OG0009219	As008G197680	XP_010474856.1, XP_010481252.1, XP_010457271.1
OG0009220	As008G197910, As008G198100	XP_010457240.1, XP_010481079.1, XP_010474670.1
OG0009221	As008G198030	XP_010457225.1, XP_010480981.1, XP_010474661.1
OG0009222	As008G198230	XP_010457190.1, XP_010474634.1, XP_010480836.1
OG0009223	As008G198350	XP_010457183.1, XP_010474686.1, XP_010480723.1
OG0009224	As008G198410	XP_010474694.1, XP_010457175.1, XP_010480676.1
OG0009225	As008G198510	XP_010474708.1, XP_010457158.1, XP_010480585.1
OG0009226	As008G198580	XP_010457145.1, XP_010480467.1, XP_010474716.1
OG0009227	As008G198620	XP_010457138.1, XP_010480399.1, XP_010474723.1
OG0009228	As008G198690	XP_010474762.1, XP_010457106.1, XP_010480116.1
OG0009229	As008G199110	XP_019090537.1, XP_019087103.1, XP_019083751.1, XP_019094775.1
OG0009230	As008G199460	XP_010480322.1, XP_010496481.1, XP_019096728.1
OG0009231	As008G199630	XP_010496684.1, XP_010496471.1, XP_019098013.1
OG0009232	As009G199790	XP_010492182.1, XP_010420016.1, XP_010453502.2
OG0009233	As009G199840	XP_010420023.1, XP_010492191.1, XP_010453509.1
OG0009234	As009G200170	XP_010453541.1, XP_010492224.1, XP_010420052.1
OG0009235	As009G200290	XP_019097617.1, XP_010453524.1, XP_019083805.1
OG0009236	As009G200650	XP_010453619.1, XP_010492309.1, XP_010420138.1
OG0009237	As009G200690	XP_010453624.1, XP_010492316.1, XP_010424099.1
OG0009238	As009G200750	XP_019083815.1, XP_010453632.1, XP_010492323.1
OG0009239	As009G200890	XP_010453701.1, XP_010492406.1
OG0009240	As009G201180	XP_019083822.1, XP_010495204.2, XP_019090546.1
OG0009241	As009G201350	XP_010453653.1, XP_010420181.1, XP_010492350.1
OG0009242	As009G201560	XP_010492425.1, XP_010420252.1, XP_010453723.1
OG0009243	As009G202040	XP_010492496.1, XP_010420296.1, XP_010453769.1
OG0009244	As009G202110	XP_010420307.1, XP_010492506.1, XP_010453779.1
OG0009245	As009G202630	XP_010420373.1, XP_010492591.1, XP_010453834.1
OG0009246	As009G202710	XP_010453843.1, XP_010492601.1, XP_010420378.1
OG0009247	As009G202960	XP_010492639.1, XP_010453887.1, XP_010420415.1
OG0009248	As009G203050	XP_010453902.1, XP_010420426.1, XP_010492660.1
OG0009249	As009G203530	XP_010492718.1, XP_010453958.1, XP_010420485.1
OG0009250	As009G204000	XP_010420551.1, XP_010454033.1, XP_010492808.1
OG0009251	As009G204710	XP_010492930.1, XP_010454141.1
OG0009252	As009G204800	XP_010496742.1, XP_010454154.1, XP_010420678.1
OG0009253	As009G205120	XP_019090559.1, XP_010420727.1, XP_010492983.1
OG0009254	As009G205130	XP_010420728.1, XP_010492984.1, XP_010454199.1
OG0009255	As009G206510	XP_010455127.1, XP_010421634.1, XP_010494012.1
OG0009256	As009G207140	XP_010495580.1, XP_010455196.1, XP_010421703.1
OG0009257	As009G207300, As009G207960	XP_010482188.1, XP_010512519.1
OG0009258	As009G207350	XP_010440710.1, XP_010442421.1, XP_010482230.1
OG0009259	As009G207900	XP_019087607.1, XP_019087452.1, XP_010440246.1, XP_010440254.1, XP_010445967.2
OG0009260	As009G208150	XP_010442346.1, XP_010439871.1, XP_010482172.1
OG0009261	As009G208170	XP_019085933.1, XP_019087980.1
OG0009262	As009G210270	XP_010492131.1, XP_010419957.2, XP_010453452.1
OG0009263	As009G210410	XP_010419941.1, XP_010453434.1, XP_010492116.1
OG0009264	As009G210690	XP_010423291.1, XP_010491264.1
OG0009265	As009G210710	XP_010452624.1, XP_010491265.1, XP_010423290.1
OG0009266	As011G260480	XP_019087444.1, XP_019095594.1, XP_019087263.1, XP_019086489.1, XP_019099689.1, XP_019098364.1, XP_019090988.1, XP_010480735.1
OG0009267	As009G211490	XP_010456522.1, XP_010419991.1, XP_010492162.1
OG0009268	As009G211750	XP_010452611.1, XP_010423311.1, XP_010491249.1
OG0009269	As009G211780	XP_010423313.1, XP_010452606.1, XP_010491244.1, XP_019098537.1
OG0009270	As009G212010	XP_010453398.1, XP_010492082.1, XP_010419910.1
OG0009272	As009G212460	XP_010452542.1, XP_010491174.1, XP_010423372.1
OG0009273	As009G212660	XP_010452520.1, XP_010423391.1, XP_010491152.1
OG0009274	As009G212700	XP_010491149.1, XP_010423395.1, XP_010452512.1
OG0009275	As009G212950	XP_010491129.1, XP_010423417.1, XP_010452492.1
OG0009276	As009G213350	XP_010491070.1, XP_010423476.1, XP_010452441.1
OG0009277	As009G213860	XP_010423490.1, XP_010491056.1, XP_010452427.1
OG0009278	As009G213890	XP_010452423.1, XP_010423492.1, XP_010491053.1
OG0009279	As009G214220	XP_010491031.1, XP_010423506.1, XP_010452404.1
OG0009280	As009G214270	XP_010491002.1, XP_010452383.1, XP_010423533.1
OG0009281	As009G215050	XP_010493805.1, XP_010421402.1, XP_010454881.1, XP_010421404.1, XP_010454882.1
OG0009282	As009G215100	XP_010454918.1, XP_010421437.1, XP_010493834.1
OG0009283	As009G215260	XP_010497495.1, XP_010454893.1, XP_010493811.1, XP_019083951.1
OG0009284	As009G215360	XP_010493790.1, XP_010454860.1, XP_010421386.1
OG0009285	As009G215430	XP_010421376.1, XP_010454848.1, XP_010493776.1
OG0009286	As009G215500	XP_010454835.1, XP_010493762.1
OG0009287	As009G215670	XP_010454825.1, XP_010421348.1, XP_010493749.1
OG0009288	As009G215690	XP_010493742.1, XP_010454822.1, XP_010421344.1
OG0009289	As009G215870	XP_010454796.1, XP_010421309.1
OG0009290	As009G215930	XP_010421292.1, XP_010454791.1, XP_019097949.1
OG0009291	As009G215990	XP_010427189.1, XP_010516016.1, XP_010504298.1
OG0009292	As009G216000	XP_010421283.1, XP_010454778.1, XP_010493708.1
OG0009293	As009G216200	XP_010493596.1, XP_010424272.2, XP_010454750.1
OG0009294	As009G216710	XP_019098053.1, XP_010454680.1, XP_010421201.1
OG0009295	As009G217070	XP_010454636.1, XP_010421153.1, XP_010493470.1
OG0009296	As009G217120	XP_010493463.1, XP_010454620.1, XP_010421141.1
OG0009297	As009G217170	XP_010493455.1, XP_010454612.1
OG0009298	As009G217190	XP_010493451.1, XP_010454614.1, XP_010421131.1
OG0009299	As009G217340	XP_019097410.1, XP_010454596.1
OG0009300	As009G217800	XP_010457002.1, XP_010483779.1, XP_010443932.1
OG0009301	As009G218320	XP_010457702.1, XP_010444000.1, XP_010483856.1
OG0009302	As009G218440	XP_010483877.1
OG0009303	As009G219260	XP_010459398.1, XP_010483999.1, XP_010444141.1
OG0009304	As009G219350, As010G223030	XP_010503439.1, XP_010515128.1, XP_010426284.1
OG0009305	As009G219410	XP_010459673.1, XP_019093732.1, XP_019093736.1, XP_019093752.1, XP_019093739.1, XP_019088372.1, XP_019095863.1
OG0009306	As009G219580	XP_010443627.1, XP_010483483.1, XP_010454243.1
OG0009307	As009G219970	XP_010496656.1, XP_010483427.1
OG0009308	As010G220370	XP_010515532.1, XP_010503820.1, XP_010426682.1, XP_010465886.1, XP_019087704.1
OG0009309	As010G220390	XP_010503810.1, XP_010426669.1, XP_010515520.1
OG0009310	As010G220400	XP_010426666.1, XP_010503807.1, XP_010515518.1
OG0009311	As010G220520	XP_010515484.1, XP_010426645.1
OG0009313	As010G220860	XP_010515436.1, XP_010503731.1
OG0009314	As010G220970	XP_010515424.1, XP_010426596.1, XP_010503722.1
OG0009315	As010G221350	XP_010515359.1, XP_010503661.1, XP_010426524.1
OG0009316	As010G221380	XP_010503658.1, XP_010515355.1, XP_010426519.1
OG0009317	As010G221400	XP_010503656.1, XP_010515354.1, XP_010426517.1
OG0009318	As010G221660	XP_010515311.1, XP_010503620.1, XP_010426481.1
OG0009319	As010G222050	XP_010515269.1, XP_010503582.1, XP_010426434.1
OG0009320	As010G222170	XP_010503557.1, XP_010515254.1, XP_010426412.1
OG0009321	As010G222430	XP_010426373.1, XP_010515201.1, XP_010503518.1
OG0009322	As010G222580	XP_010426352.1, XP_010503495.1, XP_010515175.1
OG0009323	As010G222710	XP_010426341.1, XP_010503477.1, XP_010515164.1
OG0009324	As010G222780, As010G222770	XP_010503466.1, XP_010515156.1, XP_010426329.1
OG0009325	As010G223160	XP_010503421.1, XP_010515110.1, XP_010426271.1
OG0009326	As010G223290	XP_010426255.1, XP_010507287.1, XP_010515102.1
OG0009328	As010G226210	XP_010412577.1, XP_010503092.1, XP_010425857.1
OG0009329	As010G226500	XP_010503023.1, XP_010425805.1
OG0009330	As010G226860	XP_010432617.1, XP_010447291.1, XP_010437807.1
OG0009331	As010G227410	XP_010502756.1, XP_010425524.1, XP_010514457.1
OG0009332	As010G228440	XP_010470633.1, XP_010415300.1, XP_010511652.1
OG0009333	As010G230630	XP_019093313.1, XP_019083212.1, XP_010511658.1
OG0009334	As010G231180	XP_010511866.1, XP_010415487.1, XP_010470813.1
OG0009335	As010G231380	XP_010511901.1, XP_010415517.1, XP_010470846.1
OG0009336	As010G231550	XP_010470860.1, XP_010511887.1, XP_010470865.1
OG0009337	As010G232020	XP_010415531.1, XP_010470880.1, XP_010511930.1
OG0009338	As010G232270	XP_010415560.1, XP_010470901.1, XP_010511949.1
OG0009339	As010G232390	XP_010415572.1, XP_010470914.1, XP_010470915.1, XP_010511957.1
OG0009340	As010G232590	XP_010470936.1, XP_010511986.1, XP_010415593.1
OG0009341	As010G232790	XP_010510880.1, XP_010419401.1, XP_010474524.2
OG0009342	As010G232850	XP_010470982.1, XP_010512039.1, XP_010415643.1
OG0009343	As010G232860	XP_010512040.1, XP_010415644.1, XP_010470983.1
OG0009344	As010G233030	XP_010512072.1, XP_010471001.1, XP_010415672.1
OG0009345	As010G233310	XP_010427814.1, XP_010415715.1
OG0009346	As010G233620	XP_010415755.1, XP_010427853.1, XP_010471068.1
OG0009347	As010G234080	XP_010427942.1, XP_010471130.1, XP_010415822.1
OG0009348	As010G234210	XP_010427959.1, XP_010471144.1
OG0009349	As010G234400	XP_010415867.1, XP_010427992.1, XP_010471167.1
OG0009350	As010G234680	XP_010428035.1, XP_019083297.1, XP_019093173.1
OG0009351	As010G234770	XP_010415913.1, XP_010471209.1, XP_010428044.1
OG0009352	As010G235040	XP_010414837.1, XP_010428080.1, XP_010471234.1
OG0009353	As010G235110	XP_010415953.1, XP_010471243.1, XP_010414848.1, XP_010428090.1
OG0009354	As010G235120	XP_010414849.1, XP_010471244.1, XP_010428092.1
OG0009355	As010G235130	XP_010471245.1, XP_010428093.1, XP_010414850.1
OG0009356	As010G235220	XP_010472033.1, XP_010416799.1, XP_010428945.1
OG0009357	As010G236180	XP_010428799.1, XP_010471913.1
OG0009358	As010G236250	XP_019083413.1, XP_010428791.1, XP_010471910.1
OG0009359	As010G236430	XP_010428767.1, XP_010471865.1, XP_010416625.1
OG0009360	As010G236460	XP_010510004.1
OG0009361	As010G236520	XP_019093185.1, XP_010416621.1, XP_019093810.1, XP_010428763.1
OG0009362	As010G236590	XP_010471850.1, XP_010416613.1, XP_010428754.1
OG0009363	As010G237810	XP_010471691.1, XP_010428600.1, XP_010416461.1
OG0009364	As010G238360	XP_010471626.1, XP_010428528.1
OG0009365	As010G238610	XP_010428492.1, XP_010471594.1, XP_010416354.1
OG0009366	As010G238630	XP_010416351.1, XP_010471592.1, XP_010428490.1
OG0009367	As010G239000	XP_010428439.1, XP_010471541.1, XP_010416309.1
OG0009368	As010G239030	XP_010428433.1, XP_019093346.1, XP_019083364.1
OG0009369	As010G239050	XP_010416302.1, XP_010471535.1, XP_010428432.1
OG0009370	As010G239700	XP_010416202.1, XP_010471458.1, XP_010428323.1
OG0009371	As010G240080	XP_010471420.1, XP_019085623.1, XP_010416169.1
OG0009372	As010G240120	XP_010477005.1, XP_010459443.1, XP_010498218.1
OG0009373	As010G240130	XP_010416165.1, XP_010471413.1, XP_010428279.1
OG0009374	As010G240160	XP_010416162.1, XP_010428276.1
OG0009375	As010G240260	XP_010428254.1, XP_010471391.1, XP_010416132.1
OG0009377	As010G240790	XP_010416075.1, XP_010471347.1, XP_010428203.1
OG0009378	As010G241100	XP_010471292.1, XP_010416020.1, XP_010428154.1
OG0009379	As010G241190	XP_010416015.1, XP_010471285.1, XP_010471286.1, XP_010428148.1
OG0009380	As010G241230	XP_019093336.1
OG0009381	As010G241310	XP_019083308.1, XP_019085321.1, XP_019093131.1
OG0009382	As010G241470	XP_010471254.1, XP_010428111.1, XP_010415973.1
OG0009383	As010G241610	XP_010472050.1, XP_010416816.1, XP_010428956.1
OG0009384	As010G241650	XP_010472055.1, XP_010416821.1, XP_010428966.1
OG0009385	As010G241670	XP_010428968.1, XP_010472058.1, XP_010416824.1
OG0009386	As010G241980	XP_010429687.1, XP_010472692.1
OG0009387	As010G242010	XP_010417465.1, XP_010472694.1, XP_010429690.2
OG0009388	As010G242030	XP_010417469.1, XP_010429693.1, XP_019093464.1
OG0009389	As010G242110	XP_010417483.1, XP_010472708.2, XP_010429714.1
OG0009390	As010G242300	XP_010472730.1, XP_019085659.1, XP_010417508.1
OG0009391	As010G242490	XP_010429782.1, XP_010472749.1, XP_010417529.1
OG0009392	As010G243160	XP_010417641.1, XP_010429875.1, XP_010472845.1
OG0009393	As010G243180	XP_010472848.1, XP_010417647.1, XP_010429879.1
OG0009394	As010G243320	XP_019083555.1, XP_010429893.1, XP_010472866.2
OG0009395	As010G243620	XP_010472908.1, XP_010429939.1
OG0009396	As010G243980	XP_010472958.1, XP_010429991.1, XP_010417734.1
OG0009397	As010G244080	XP_010417743.1, XP_010430003.1, XP_010472979.1
OG0009398	As010G244290	XP_019083594.1, XP_010473006.1, XP_010430033.1
OG0009399	As010G244310	XP_010430037.1, XP_010473005.1, XP_010417768.1
OG0009400	As010G244450	XP_010473019.1, XP_010417785.1, XP_010431660.1, XP_010431662.1
OG0009401	As011G244680	XP_010465060.1, XP_010487005.1, XP_010499495.1
OG0009402	As011G244840	XP_010418930.1, XP_010465084.1, XP_010487036.1
OG0009403	As011G244890	XP_010499876.1, XP_010465106.1, XP_010487047.1
OG0009404	As011G244900	XP_010465107.1, XP_010499921.1, XP_010487048.1
OG0009405	As011G245090	XP_010487072.1, XP_010497189.1, XP_010465142.1
OG0009406	As011G245260	XP_019101517.1, XP_010465167.1, XP_019096565.1
OG0009407	As011G245500	XP_010465196.1, XP_010487115.1, XP_010500684.1
OG0009408	As011G245700	XP_010487145.1, XP_010501131.1, XP_010465236.1
OG0009409	As011G246350	XP_010487224.1, XP_010465317.1, XP_010501809.1
OG0009410	As011G246370	XP_010465319.1, XP_010487226.1
OG0009411	As011G246460	XP_010501850.1, XP_010465325.1
OG0009412	As011G246510	XP_010465331.1, XP_010487240.1, XP_010501883.1
OG0009413	As011G246710	XP_010465347.1, XP_010501953.1, XP_010487255.1
OG0009414	As011G246840	XP_010465369.1, XP_010487271.1, XP_010502048.1
OG0009415	As011G246860	XP_019096144.1, XP_010502051.1, XP_019092597.1
OG0009416	As011G247180	XP_010465441.1, XP_010502457.1, XP_010487322.1
OG0009417	As011G247210	XP_010465451.1, XP_010502484.1, XP_019096925.1
OG0009418	As011G247230	XP_010465453.1, XP_010502504.1, XP_010487327.1
OG0009419	As011G247860	XP_010465545.1, XP_010487399.1, XP_010503326.1
OG0009420	As011G247980	XP_010487417.1, XP_010503432.1, XP_010465571.1
OG0009421	As011G248000	XP_010465572.1, XP_010487420.1, XP_010503469.1
OG0009422	As011G248030	XP_010465576.1, XP_010503513.1, XP_010487425.1
OG0009423	As011G248050	XP_010465578.1, XP_010419226.1, XP_010489851.1, XP_010497866.1
OG0009424	As011G248300	XP_019092586.1, XP_019096270.1, XP_019102156.1
OG0009425	As011G248320	XP_010465627.1, XP_010503906.1, XP_010487468.1
OG0009426	As011G248370	XP_010465634.1, XP_010487472.1
OG0009427	As011G249000	XP_010487547.1, XP_010465704.1, XP_010504668.1
OG0009428	As011G249040	XP_010465709.1, XP_010487555.1, XP_010504717.1
OG0009429	As011G249060	XP_010465710.1, XP_010487556.1, XP_010504728.1
OG0009430	As011G249350	XP_010487595.1, XP_010505132.1, XP_010465748.1
OG0009431	As011G249400	XP_010465768.1, XP_010487603.1
OG0009432	As012G276930, As011G249410	XP_010465764.1, XP_019097140.1, XP_010505200.1
OG0009433	As011G249500	XP_010427357.1, XP_010419629.1
OG0009434	As011G249700, As012G273820	XP_010487653.1, XP_010505639.1, XP_010465817.1
OG0009435	As011G250100	XP_010487719.1, XP_010506313.1, XP_010465880.1
OG0009436	As011G250330	XP_010506597.1, XP_019097143.1, XP_010465907.1
OG0009437	As011G250440	XP_010465930.1, XP_010487758.1, XP_010506846.1
OG0009438	As011G250680	XP_010507010.1, XP_010465966.1, XP_010487782.1
OG0009439	As011G250720	XP_010507042.1, XP_010487785.1, XP_010465971.1
OG0009440	As011G251070	XP_010487819.1, XP_010507321.1, XP_010466023.1
OG0009442	As011G251590	XP_010466098.1, XP_010507795.1, XP_010487896.1
OG0009443	As011G251600	XP_010466095.1, XP_010507796.1, XP_010487897.1
OG0009444	As011G252010	XP_010508204.1, XP_010466157.1, XP_010487948.1
OG0009445	As011G252060	XP_010508311.1, XP_010466167.1, XP_010487955.1
OG0009446	As011G252580	XP_010508787.1, XP_010488003.1, XP_010466217.1
OG0009447	As011G252730	XP_010466234.1, XP_010508923.1, XP_010488019.1
OG0009448	As011G252750	XP_010508937.1, XP_010466237.1, XP_010488021.1
OG0009449	As011G252840	XP_010474434.1, XP_010431594.1, XP_010488038.1, XP_010488037.1, XP_010466253.1, XP_010509066.1
OG0009450	As011G253130	XP_019096225.1, XP_019092955.1
OG0009451	As011G253280	XP_010468339.1, XP_010509746.1, XP_010488100.1
OG0009452	As011G253770	XP_010466420.1, XP_010488187.1, XP_010510466.1
OG0009453	As011G254280	XP_010466505.1, XP_010488249.1, XP_010511190.1
OG0009454	As011G254450	XP_010511334.1, XP_010488271.1, XP_010466523.1
OG0009455	As011G254840	XP_010488324.1, XP_010511883.1, XP_010466584.1, XP_010490048.1
OG0009456	As011G255370	XP_010466677.1, XP_010512451.1, XP_010488398.1
OG0009457	As011G255380	XP_010488399.1, XP_010466678.1
OG0009458	As011G257650	XP_010466938.1, XP_010513989.1, XP_019096707.1
OG0009459	As011G259020	XP_010443240.1, XP_010482477.1, XP_010442640.1
OG0009460	As011G259660	XP_010496141.1, XP_010488814.1
OG0009461	As011G259670	XP_010467143.1, XP_010488811.1, XP_010413093.1
OG0009462	As011G260590	XP_010467166.1, XP_010413786.1, XP_010496027.1
OG0009463	As011G260720	XP_010488836.1, XP_010467176.1, XP_010518533.1
OG0009464	As011G260730	XP_010518509.1, XP_010488837.1
OG0009465	As011G260910	XP_010488850.1, XP_010518434.1, XP_010467248.1, XP_010467250.1
OG0009466	As011G262610	XP_019098055.1, XP_010453252.1, XP_010419772.1
OG0009467	As011G262870	XP_010467317.1, XP_010517298.1, XP_010489169.1
OG0009468	As011G262880	XP_010517276.1, XP_010489171.1
OG0009469	As011G262910	XP_010489175.1, XP_010517247.1, XP_010467320.1
OG0009470	As011G262920	XP_010489177.1, XP_010467325.1, XP_010517215.1
OG0009471	As011G264240	XP_010489344.1, XP_010515419.1
OG0009472	As011G264430	XP_010467514.1, XP_010489370.1, XP_010515048.1
OG0009473	As011G264460	XP_010489377.1, XP_010467522.1
OG0009474	As011G264840	XP_010489430.1, XP_010467588.1, XP_010413335.1
OG0009475	As011G265230	XP_010489554.1, XP_010467669.1, XP_010414369.1
OG0009476	As011G265820	XP_010415018.1, XP_010489454.1, XP_010467742.1
OG0009477	As011G266250	XP_010489163.1, XP_010467904.1, XP_010416954.1
OG0009478	As011G266970	XP_010489063.1, XP_010495924.1, XP_010415955.1
OG0009479	As011G266990	XP_010415945.1, XP_010489059.1, XP_010467846.1
OG0009480	As011G267060	XP_010467836.1, XP_010489050.1, XP_010415881.1
OG0009481	As011G267130	XP_010415655.1, XP_019096249.1, XP_019092727.1
OG0009482	As011G267450	XP_010488991.1, XP_010467764.1
OG0009484	As012G268740	XP_010480057.1, XP_010501140.1, XP_010462373.1
OG0009485	As012G268870	XP_010462360.1, XP_010480034.1, XP_010501123.1
OG0009486	As012G269250	XP_010479989.1, XP_010501070.1
OG0009487	As012G269450	XP_010501037.2, XP_010462284.1, XP_010479954.1
OG0009488	As012G269470	XP_010462281.1, XP_010479951.1, XP_010501035.1
OG0009489	As012G269690	XP_010462249.1, XP_010501003.1, XP_010479917.1
OG0009490	As012G269960	XP_010479860.1, XP_010462180.1, XP_010500947.1
OG0009491	As012G270110	XP_010479831.1, XP_010500927.1, XP_010462154.1
OG0009492	As012G270180	XP_010501990.1, XP_010481159.1, XP_010463430.1
OG0009493	As012G270670	XP_010500846.2, XP_019091624.1
OG0009494	As012G271610	XP_019094574.1, XP_010461932.1
OG0009495	As012G271760	XP_010500686.1, XP_010461948.1, XP_010479575.1
OG0009496	As012G272230	XP_010500598.1
OG0009497	As012G272380	XP_019099457.1, XP_010500566.1, XP_010461862.1, XP_019094271.1
OG0009498	As012G272420	XP_010500558.1
OG0009500	As012G272670	XP_010461822.1, XP_010500524.1, XP_010479446.1
OG0009501	As012G272770	XP_010500503.1, XP_010479394.1, XP_010461800.1
OG0009502	As012G272800	XP_010500499.1, XP_010461797.1, XP_010479391.1
OG0009503	As012G273070	XP_010456885.2, XP_010456884.2, XP_010468433.2, XP_010424559.2, XP_010418562.2, XP_010513794.2, XP_010473766.2
OG0009504	As012G273290	XP_010479331.1, XP_010461715.1, XP_019099439.1
OG0009505	As012G273320	XP_010479327.1, XP_010500440.1, XP_010461720.1
OG0009506	As012G273350	XP_010479325.1, XP_010500438.1, XP_010461721.1
OG0009507	As012G275130	XP_010509727.1, XP_010504934.1, XP_010516616.1
OG0009508	As012G275230	XP_010516608.1, XP_010509733.1, XP_010504925.1
OG0009509	As012G275440	XP_010509759.1, XP_010516585.2, XP_010504895.1
OG0009510	As012G275450	XP_010515628.1, XP_010503899.1, XP_010426769.1
OG0009511	As012G275640	XP_019084845.1, XP_010412731.2, XP_010503924.1
OG0009512	As012G275710	XP_010503939.2, XP_010515663.1, XP_010426818.1
OG0009513	As012G276410	XP_010426915.1, XP_010504033.1, XP_010515762.1
OG0009514	As012G276710	XP_010504079.1, XP_010515809.1, XP_010426955.1
OG0009515	As012G276780	XP_010504073.2, XP_010515803.2
OG0009516	As012G277230	XP_010515841.1, XP_010504112.1, XP_010427001.1
OG0009517	As012G277710	XP_010504163.1, XP_010427045.1, XP_010515889.1
OG0009518	As012G278120	XP_010427073.1, XP_010504198.1, XP_010515918.1
OG0009519	As012G278300	XP_010427082.1, XP_010504204.1, XP_010515929.1
OG0009520	As012G278580	XP_010427085.1, XP_010504207.1
OG0009521	As012G279180, As012G279190	XP_010503863.1
OG0009522	As012G279430	XP_010427086.1, XP_010515933.1, XP_010504208.1
OG0009523	As012G279850	XP_010509865.1, XP_010493867.1, XP_010442151.1, XP_010482004.1
OG0009524	As012G280040	XP_010504282.1, XP_010427177.1, XP_010516006.1
OG0009525	As012G280100	XP_010516004.1, XP_010427175.1, XP_010504281.1
OG0009526	As012G280400	XP_010509105.1, XP_010505542.1, XP_010517210.1
OG0009527	As012G280410	XP_010504303.1, XP_010516017.1, XP_010427195.1
OG0009528	As012G280980	XP_010504322.1, XP_010516037.2, XP_010427226.1
OG0009529	As012G281780	XP_010504390.1, XP_010516105.1, XP_010427306.1
OG0009530	As012G282470	XP_010427401.1, XP_010516190.1, XP_010504468.1
OG0009531	As012G282490	XP_010427403.1, XP_010504475.1, XP_010516197.1
OG0009532	As012G282690	XP_010516226.1, XP_010427437.1, XP_010516225.1, XP_010504516.1
OG0009533	As012G282790	XP_010427448.1, XP_010516235.1, XP_010504528.1
OG0009534	As012G283440	XP_010504606.1, XP_010516298.1, XP_010427548.1
OG0009535	As012G283500	XP_010427555.1, XP_010504614.1, XP_010516302.1
OG0009536	As012G283600	XP_010504627.1, XP_010516313.1, XP_010427565.1
OG0009537	As012G284410	XP_010504737.1, XP_010427696.1, XP_010516439.1
OG0009538	As012G284550	XP_010516460.1, XP_010504764.1, XP_010427722.1
OG0009539	As012G284620	XP_010427729.1, XP_010516469.1, XP_010504778.1
OG0009540	As012G285050	XP_010427793.1, XP_010504844.1, XP_010516538.1
OG0009541	As012G285150	XP_010512130.1, XP_010504877.1
OG0009542	As012G285350	XP_010413718.1, XP_010469340.1, XP_010512181.1
OG0009543	As012G285500	XP_010413689.1, XP_010469317.1, XP_010512207.1
OG0009544	As012G286210	XP_010493482.1, XP_010454650.1, XP_010421167.1
OG0009545	As012G286640	XP_010469171.1, XP_010413547.1, XP_010512380.1
OG0009546	As012G286650	XP_010469170.1, XP_010413546.1, XP_010512383.1
OG0009547	As012G286810	XP_010512403.1, XP_010413528.1, XP_010469153.1
OG0009548	As012G287120	XP_010469034.1, XP_010413456.1, XP_010512443.1
OG0009549	As012G287300	XP_010512459.1, XP_010413438.1, XP_019092978.1
OG0009550	As012G287320	XP_019093689.1, XP_010413436.1, XP_010512462.1
OG0009551	As012G287580	XP_010512513.1, XP_010469105.1, XP_010413377.1
OG0009552	As012G288340	XP_010512631.1, XP_010413280.1, XP_010468958.1
OG0009553	As012G288350	XP_019097504.1, XP_010468957.1, XP_010512632.1, XP_019082850.1
OG0009554	As012G288980	XP_010413197.1, XP_010468886.1, XP_010512718.1
OG0009555	As012G289080	XP_010413183.1
OG0009556	As012G289170	XP_010468868.1, XP_010413176.1, XP_010512736.1
OG0009557	As012G289460	XP_010413512.1, XP_010512414.1, XP_010469141.1
OG0009635	As011G267520	XP_010488994.1, XP_010488993.1, XP_010467769.1
OG0009636	As001G000990, As003G056310	XP_010439924.1, XP_010434602.1, XP_010449538.1
OG0009637	As001G001220, As009G211040	XP_010447857.1, XP_010438304.1, XP_010433100.1
OG0009639	As001G001670	XP_010433065.1, XP_010438261.1, XP_010447808.1
OG0009640	As001G001770	XP_010436340.1, XP_010438247.1, XP_010433050.1, XP_010447794.1
OG0009641	As001G002120	XP_010447762.1, XP_010433024.1, XP_019088743.1, XP_010451110.1
OG0009642	As001G002360	XP_010447732.1, XP_010438189.1, XP_010432995.1
OG0009643	As009G214200, As001G002400	XP_010438160.1, XP_010432971.1, XP_010438164.1
OG0009644	As001G002840	XP_010493081.1, XP_010420814.1, XP_019083898.1, XP_010454281.1
OG0009645	As001G002950	XP_019087955.1, XP_010447663.1, XP_010432939.1
OG0009646	As001G003310	XP_010436316.1, XP_010451100.1, XP_010445038.1
OG0009647	As001G003360	XP_010479185.1, XP_010461579.1, XP_010500298.1
OG0009648	As001G003970	XP_010447534.1
OG0009649	As001G004990	XP_010447377.1, XP_010432709.1
OG0009650	As001G005880	XP_010432643.1, XP_010437837.1, XP_010447325.1
OG0009651	As001G006070	XP_019098609.1, XP_010447339.1, XP_010447338.1, XP_010437850.1, XP_010432657.1
OG0009652	As001G006750	XP_010432607.1, XP_010437798.1, XP_010447281.1
OG0009653	As001G010190	XP_010444988.1, XP_010437760.1, XP_010432560.1, XP_010447238.1
OG0009654	As001G012040, As001G012030	XP_019084223.1, XP_010493248.1, XP_019084222.1, XP_010454452.1
OG0009655	As001G012270	XP_010432515.1, XP_010437721.1, XP_010447197.1
OG0009656	As001G012360	XP_010432506.1, XP_010447193.1
OG0009657	As001G013740	XP_019089286.1, XP_010437681.1, XP_010432479.1
OG0009658	As011G262930	XP_010467327.1, XP_010489178.1, XP_010517185.1
OG0009659	As001G013920	XP_010447096.1, XP_010432426.1
OG0009660	As001G014760	XP_010447016.1, XP_010437547.1, XP_010432363.1
OG0009662	As001G015030	XP_010454557.1, XP_010421075.1, XP_010425386.1, XP_010514331.1, XP_010502609.1
OG0009663	As001G015490	XP_010446962.1, XP_010432311.1, XP_010437502.1
OG0009664	As001G015670	XP_010499651.1, XP_010460924.1, XP_010478544.1
OG0009665	As001G016100, As001G016130, As001G016150, As001G016080	XP_010478586.1, XP_010460991.1, XP_010499712.1
OG0009666	As001G016360	XP_010478606.1, XP_010499729.1, XP_010461008.1
OG0009667	As001G016380	XP_010478608.1, XP_010499736.1, XP_010461010.1
OG0009668	As001G016450	XP_010478617.1, XP_010461020.1, XP_010499744.1
OG0009669	As001G016810	XP_010478657.1, XP_010461052.1
OG0009670	As001G016890	XP_010499780.1, XP_010461055.1, XP_010478659.1
OG0009671	As001G016980	XP_019094219.1, XP_019099344.1, XP_019090840.1
OG0009672	As001G017070	XP_010461079.1, XP_010499804.1, XP_010478677.1
OG0009673	As001G017110	XP_010433963.1, XP_010439259.1, XP_010448803.1
OG0009674	As001G017130, As004G079770	XP_010478689.2, XP_010461111.1
OG0009675	As001G017170	XP_010499829.1, XP_010461105.1, XP_010478692.1
OG0009676	As001G017180	XP_010478693.1, XP_010461104.1
OG0009677	As001G017200	XP_010499828.1, XP_010461101.1, XP_010478696.1
OG0009678	As001G017420	XP_010440072.1, XP_010449689.1, XP_010434737.1
OG0009679	As001G017450	XP_019088025.1, XP_010449696.1, XP_010434741.1
OG0009680	As001G018100	XP_010434826.1, XP_010440156.1
OG0009681	As001G018310	XP_010440176.1, XP_010449808.1, XP_010434846.1
OG0009682	As001G018940	XP_010414970.1, XP_019095119.1, XP_010511261.1
OG0009683	As001G019220	XP_010480285.1, XP_010511320.1, XP_010415024.1
OG0009684	As001G019250	XP_010511331.1
OG0009685	As001G019270	XP_010415035.1, XP_010511333.1, XP_010480297.1
OG0009686	As001G019540	XP_019083152.1, XP_010470300.1, XP_010511374.1
OG0009687	As001G019710	XP_010470269.1, XP_010414748.1, XP_010511105.1, XP_010511104.1
OG0009688	As008G187290, As001G020180	XP_010511012.1, XP_010414655.1, XP_010470197.1
OG0009689	As001G020190, As001G020200	XP_010511033.1, XP_010470202.1, XP_010414658.1
OG0009690	As001G020470	XP_010414619.1, XP_010470165.1, XP_019100858.1
OG0009691	As001G021370, As001G021300	XP_010430092.1, XP_010418050.1, XP_010473303.1
OG0009692	As009G211840, As001G021390	XP_010430093.1, XP_010418052.1, XP_010473304.1
OG0009693	As001G021930	XP_010430198.1, XP_010418154.1, XP_010473397.1
OG0009694	As001G022310	XP_010513823.1, XP_010424853.1, XP_019099955.1
OG0009695	As001G022480	XP_010502113.1, XP_010513857.1, XP_010424883.1
OG0009696	As001G022500	XP_010424881.1, XP_010502112.1, XP_010513853.1
OG0009697	As001G022550	XP_010502121.1, XP_010513863.1, XP_010430642.1
OG0009698	As001G022560	XP_010462712.1, XP_010496716.1, XP_010496726.1, XP_010476574.1
OG0009699	As001G022610	XP_010424920.1, XP_010513872.1
OG0009700	As001G022760	XP_010513893.1, XP_010424934.1, XP_010502144.1
OG0009701	As008G182830, As001G023290	XP_010476513.1, XP_010458959.1, XP_010496241.1
OG0009702	As001G023360	XP_010513988.1, XP_010513986.1, XP_010513985.1, XP_019101787.1, XP_010424995.1, XP_010502230.1
OG0009703	As001G023870	XP_010425091.1, XP_010502317.1
OG0009704	As001G024330	XP_010425170.1, XP_010514142.1, XP_010502394.1
OG0009705	As001G024390	XP_010514148.1, XP_010425176.1, XP_010502400.1
OG0009706	As001G024410	XP_010425178.1, XP_010506951.1
OG0009707	As001G024720	XP_010514187.1, XP_010425220.1, XP_010502452.1
OG0009708	As001G024730	XP_010425221.1, XP_010502451.1, XP_010514188.1
OG0009709	As001G024980	XP_010425253.1, XP_010502485.1, XP_010514222.1
OG0009710	As001G025370	XP_010514274.1, XP_010425333.1, XP_010502568.1
OG0009711	As001G025460	XP_010502587.1, XP_010514300.1, XP_010425359.1
OG0009712	As001G025650	XP_010502616.1, XP_010514339.1, XP_010425399.1
OG0009713	As001G025660	XP_010502619.1, XP_010425400.1, XP_010514340.1
OG0009714	As001G026360	XP_010514448.1, XP_010502718.1
OG0009715	As001G026600	XP_010502771.1, XP_010514477.1, XP_010425544.1
OG0009716	As001G027450	XP_010496829.1, XP_010425681.1, XP_010502893.1
OG0009717	As001G027470	XP_010425684.1, XP_010502895.1
OG0009718	As001G027540	XP_010502902.1, XP_010514615.1, XP_010425690.1
OG0009719	As001G027780	XP_010425729.1, XP_010514642.1
OG0009720	As001G027960	XP_010514665.1, XP_010496711.1, XP_010502983.1
OG0009721	As001G027970	XP_010514667.1, XP_010425763.1, XP_010502986.1
OG0009722	As001G028070	XP_019086778.1, XP_010450858.1, XP_010441016.1
OG0009723	As001G028330	XP_019093090.1, XP_010415271.1, XP_010511630.1
OG0009724	As001G028340	XP_010511629.1, XP_010470610.1, XP_010419035.1
OG0009725	As001G028740	XP_010511480.1, XP_010415193.1, XP_010470526.1
OG0009726	As001G029100	XP_010418997.1, XP_010470478.1, XP_010511533.1
OG0009727	As001G029130	XP_010415141.1, XP_010470472.1, XP_010511521.1
OG0009728	As001G029400	XP_010415092.1, XP_010511448.1
OG0009729	As001G029460	XP_019093830.1, XP_010415081.1
OG0009730	As001G029470	XP_010511431.1, XP_010440875.1, XP_010415076.1, XP_010470424.1
OG0009731	As001G029660	XP_010511396.1, XP_010470389.1, XP_010415050.1
OG0009732	As001G029700	XP_010414820.1, XP_010414819.1, XP_010470382.1, XP_010511388.1
OG0009733	As001G029770	XP_010482058.1, XP_010439382.1, XP_010471311.1
OG0009734	As001G030310	XP_019085255.1, XP_010473730.1
OG0009735	As001G030340	XP_010473727.1, XP_010430602.1
OG0009736	As001G030500	XP_010418512.1, XP_010474621.2, XP_010430581.1
OG0009737	As001G030590	XP_019093428.1, XP_010473699.1, XP_010418501.1, XP_010430572.1
OG0009738	As001G030870	XP_010473653.1, XP_010430523.1, XP_010418450.1
OG0009739	As001G031020	XP_010473636.1, XP_010418430.1, XP_010430506.1
OG0009740	As001G031150	XP_010418407.1, XP_010473621.1, XP_010430477.1
OG0009741	As001G031560	XP_010473543.1, XP_010418324.1, XP_010430396.1
OG0009742	As001G031710	XP_010430373.1, XP_019082756.1, XP_019093563.1
OG0009743	As001G031730	XP_010476223.1, XP_010458678.1, XP_010494254.1
OG0009744	As001G032270	XP_010473445.1, XP_010418216.1, XP_010430271.1
OG0009745	As002G032450	XP_010472137.1, XP_010429055.1, XP_010416890.1
OG0009746	As002G032570	XP_010448353.1, XP_010433575.1, XP_010438823.1
OG0009747	As002G032640	XP_010433565.1, XP_010438813.1, XP_010448339.1
OG0009748	As002G032950, As002G033130	XP_010507675.1, XP_010507676.1, XP_010507673.1, XP_010507674.1, XP_010412993.1, XP_010512914.1
OG0009749	As002G033160	XP_010508745.1, XP_010505887.1, XP_010517610.1
OG0009750	As002G033590	XP_010508791.1, XP_010505846.1
OG0009751	As002G033610	XP_010505843.1, XP_010508795.1, XP_010517529.1
OG0009752	As002G033630	XP_010508797.1, XP_010505840.1, XP_010517526.1
OG0009753	As002G033650	XP_010505837.1, XP_010508806.1
OG0009754	As002G033690	XP_010508809.1, XP_010505829.1, XP_010517517.1
OG0009755	As002G033700	XP_010517516.1, XP_010505830.1, XP_010508810.1, XP_010497546.1
OG0009756	As002G034150, As002G034120	XP_010470877.1, XP_010471071.1, XP_010464568.1, XP_010486491.1
OG0009757	As002G034470, As002G034560, As002G034630	XP_010475378.1, XP_010464619.1, XP_019096842.1
OG0009758	As002G035300	XP_010412663.1, XP_010480740.1, XP_010464672.1, XP_010486603.1
OG0009760	As002G036650	XP_010486723.1, XP_010464799.1, XP_010489322.1
OG0009761	As002G036850	XP_010486755.1, XP_010464808.1, XP_010488374.1
OG0009762	As002G037130	XP_010464840.1, XP_010486785.1, XP_010495154.1
OG0009763	As002G037850	XP_010486857.1, XP_010498215.1
OG0009764	As002G038830	XP_010486923.1, XP_010464990.1, XP_010498825.1
OG0009765	As002G040280	XP_010515333.1, XP_010489354.1, XP_010467488.1
OG0009767	As002G041820	XP_010482332.1, XP_010442500.1, XP_010441718.1
OG0009768	As002G041860	XP_010482333.1, XP_019090780.1
OG0009769	As002G041980	XP_010441949.1, XP_010482341.1, XP_010442514.1
OG0009770	As002G042120	XP_010442518.2, XP_010442012.2, XP_010482346.1
OG0009771	As002G042740	XP_010442574.2, XP_010442590.1, XP_010482410.1
OG0009772	As002G043120	XP_010442597.1, XP_010482443.1, XP_010426304.1
OG0009773	As002G043130	XP_010426301.1, XP_010482447.1, XP_010442598.1
OG0009774	As002G043360	XP_010482474.1, XP_010442621.1, XP_010443118.1
OG0009775	As002G043400	XP_010482481.1, XP_010497644.1, XP_010443279.1, XP_010442648.1
OG0009776	As002G043420	XP_010492161.1, XP_010419990.1, XP_010453484.1
OG0009777	As002G043720	XP_010443931.1, XP_010442687.1, XP_010482524.1
OG0009778	As002G043920	XP_010442728.1, XP_010444347.1
OG0009779	As002G044040	XP_010482568.1, XP_010442744.1, XP_010444574.1
OG0009780	As002G044130	XP_010442752.1, XP_010444689.1, XP_010482578.1
OG0009781	As002G044180	XP_010482598.1, XP_019087130.1, XP_010444773.1
OG0009782	As002G044290	XP_010482614.1, XP_010442777.1, XP_010444954.1
OG0009783	As002G044610	XP_010442833.1, XP_010482664.1, XP_010445317.1
OG0009784	As002G044660	XP_010482672.1, XP_019087635.1, XP_010445395.1
OG0009785	As002G044680	XP_010445408.1, XP_010442846.1, XP_010482675.1
OG0009786	As002G044700	XP_019096113.1, XP_010442892.1, XP_010445710.1
OG0009787	As002G044750	XP_010442885.1, XP_010445681.1
OG0009788	As002G044800	XP_010482706.1, XP_010442876.1, XP_010445610.1
OG0009789	As002G045070	XP_010445741.1, XP_010442899.1, XP_010482728.1
OG0009790	As002G045320	XP_010445905.1, XP_010482755.1, XP_010442922.1
OG0009791	As002G045590	XP_019095805.1, XP_010446338.1, XP_010442976.1
OG0009792	As002G045710	XP_010482792.1, XP_010442960.1, XP_010446168.1
OG0009793	As002G045760	XP_010446103.1, XP_010482786.1, XP_010442953.1
OG0009794	As002G045840	XP_010482779.1, XP_010442947.1, XP_010446010.1
OG0009795	As002G046060	XP_010446757.1, XP_010443004.1, XP_010482838.1
OG0009796	As002G046380	XP_010448378.1, XP_010482867.1, XP_010443038.1
OG0009797	As002G046480	XP_010448612.1, XP_010443050.1, XP_010482883.1, XP_010425500.1
OG0009798	As002G046850	XP_010443105.1, XP_010482927.1, XP_010448971.1
OG0009799	As002G046990	XP_010449150.1, XP_010482936.1, XP_010443123.1
OG0009800	As002G047380	XP_010449937.1, XP_010483012.1, XP_010443198.1
OG0009801	As002G047470	XP_010450090.1, XP_010483031.1
OG0009802	As002G047580	XP_019092171.1, XP_010483051.1, XP_010443221.1
OG0009803	As002G048050	XP_010443280.1, XP_010483103.1, XP_010450900.1
OG0009804	As002G048190	XP_010451185.1, XP_010483123.1, XP_010443299.1
OG0009805	As002G048260	XP_010483133.1, XP_010451275.1, XP_010443310.1
OG0009806	As002G048460	XP_010483154.1, XP_010443325.1, XP_010451438.1
OG0009807	As002G048510	XP_010451524.1, XP_010483171.1, XP_010443340.1
OG0009808	As002G048640	XP_010483183.1, XP_010443357.1, XP_010451679.1
OG0009809	As002G049220	XP_010446167.1, XP_010483277.1
OG0009810	As002G049380	XP_010483305.1, XP_010452715.1
OG0009811	As002G049420	XP_019087664.1, XP_010452757.1, XP_010483308.1
OG0009812	As002G049450	XP_010453623.1, XP_010443487.1, XP_010452788.1, XP_010483313.1
OG0009813	As002G049820	XP_010443515.1, XP_010453088.1, XP_010483365.1
OG0009814	As002G049900	XP_010443524.1, XP_010453200.1, XP_010483379.1
OG0009815	As002G049920	XP_010453234.1, XP_010443527.1, XP_010483377.1
OG0009816	As002G050040	XP_010516553.1, XP_010504859.1, XP_010512113.1
OG0009817	As002G050200	XP_010461463.1, XP_010479062.1, XP_010500167.1
OG0009818	As002G050470	XP_010492065.1, XP_010419884.1, XP_010453376.1
OG0009819	As002G050500	XP_010419881.2, XP_010492062.1
OG0009820	As002G050970	XP_010453294.1, XP_010419818.1
OG0009821	As002G050990	XP_010419816.1, XP_010491984.1, XP_010453292.1
OG0009822	As002G051010	XP_010453290.1, XP_010419813.1, XP_010491981.1
OG0009823	As002G051020	XP_010491980.1, XP_010453289.1, XP_010419812.1
OG0009824	As002G051130	XP_010491968.1, XP_010419795.1, XP_010453276.1
OG0009825	As002G051230	XP_010453265.1, XP_010491958.1
OG0009826	As002G051260	XP_010491954.1, XP_010453261.1, XP_010419782.1
OG0009827	As002G051330	XP_010453251.1, XP_010491940.1, XP_010419771.1
OG0009828	As002G051720	XP_010491889.1, XP_010419729.1, XP_010453205.1
OG0009829	As002G051770	XP_019083774.1, XP_019090010.1, XP_010491886.1
OG0009830	As002G052170	XP_010453143.1, XP_010491797.1, XP_010419658.1, XP_010453144.1
OG0009831	As002G052250	XP_010491786.1, XP_010453129.1, XP_010419649.1
OG0009832	As002G052330	XP_010453120.1, XP_010491773.1, XP_019083756.1
OG0009833	As002G052390	XP_010453114.1, XP_010491764.1
OG0009834	As002G052900, As002G052890	XP_010422846.1, XP_010456745.1, XP_010491709.1, XP_010453064.1
OG0009835	As002G053130	XP_010453042.1
OG0009836	As002G053750	XP_010422978.1, XP_010491578.1, XP_010452940.1
OG0009837	As002G053760	XP_010444367.1, XP_010461691.1, XP_010484215.1
OG0009838	As002G053960	XP_010452908.1, XP_010491548.1, XP_010423014.1
OG0009839	As002G054340	XP_010452843.1, XP_010423077.1, XP_010491483.1
OG0009840	As002G054480	XP_010452824.1, XP_010423098.1, XP_010491473.1
OG0009841	As002G054820	XP_019084466.1, XP_019097611.1, XP_019090607.1
OG0009842	As002G054900	XP_010452767.1, XP_010491418.1, XP_010423154.1
OG0009843	As002G055110	XP_010423179.1, XP_010452735.1, XP_010491387.1
OG0009844	As002G055280	XP_010424736.1, XP_019089904.1, XP_010491367.1
OG0009845	As003G055690	XP_010515072.1, XP_010503370.1, XP_010426215.1
OG0009846	As003G055840	XP_010439993.1, XP_010434656.1, XP_010449604.1
OG0009847	As003G056160	XP_010439939.1, XP_010449555.1, XP_010434616.1
OG0009848	As003G056710	XP_010434549.1, XP_010439868.1, XP_010517551.1
OG0009849	As003G056730	XP_010434546.1, XP_010439865.1, XP_010517547.1
OG0009850	As003G056890	XP_010439853.1, XP_010434535.1, XP_010496258.1, XP_010446266.1, XP_010474294.1
OG0009851	As003G057180	XP_010434498.1, XP_010439823.1, XP_010449480.1
OG0009852	As003G057380	XP_010449441.1
OG0009853	As003G057640	XP_010439745.1, XP_010449380.1, XP_010434436.1
OG0009854	As003G057760	XP_010439720.1, XP_010449359.1, XP_010434424.1
OG0009855	As003G058110	XP_010449284.1, XP_010434352.1, XP_010439650.1
OG0009856	As003G059000	XP_010449128.1, XP_010439526.1, XP_010434242.1
OG0009857	As003G059080	XP_010449107.1, XP_010434218.1, XP_010439506.1
OG0009858	As003G059810	XP_010434130.1, XP_010439428.1, XP_010449008.1
OG0009859	As003G059980	XP_010434103.1, XP_010448967.1, XP_010439400.1
OG0009860	As003G061010	XP_010439238.1, XP_010448781.1, XP_010433948.1
OG0009861	As003G061030	XP_010433946.1, XP_010448779.1
OG0009862	As003G061410	XP_010439179.1, XP_010448715.1
OG0009863	As003G061500	XP_010448701.1, XP_010439168.1, XP_010433900.1
OG0009864	As003G061550, As003G061530, As003G061540	XP_010433896.1, XP_010439164.1, XP_010448697.1
OG0009865	As003G062180	XP_010448609.1, XP_010433815.1, XP_010439085.1
OG0009866	As003G062290	XP_010478697.1, XP_010499821.1, XP_010461098.1
OG0009867	As003G063000	XP_010461207.1, XP_010478804.1
OG0009868	As003G063240	XP_019091740.1, XP_010478833.1, XP_010499953.1
OG0009869	As003G063330	XP_010478861.1, XP_010499975.1, XP_010461257.1
OG0009870	As003G063340	XP_010461258.1, XP_010478863.1
OG0009871	As003G063380	XP_010461265.1, XP_019099370.1, XP_010478868.1
OG0009872	As003G063940	XP_010500046.1, XP_010461325.1, XP_010478954.1
OG0009873	As003G064790	XP_010461414.1, XP_010500116.1, XP_010479019.1
OG0009874	As003G065500	XP_010479158.1, XP_010461552.1, XP_010500277.1
OG0009875	As003G066330	XP_010501844.1, XP_010434622.1, XP_019091279.1
OG0009876	As003G066780	XP_010479120.1, XP_010500241.1, XP_010461518.1
OG0009877	As003G068460	XP_010499314.1, XP_010478180.1, XP_010460589.1, XP_010460590.1
OG0009879	As003G069930	XP_010499446.1, XP_010462962.1, XP_010478291.1
OG0009880	As003G070130	XP_010499477.1
OG0009881	As003G070150	XP_019091752.1, XP_010478331.1
OG0009882	As003G070330	XP_010478361.1, XP_010460763.1, XP_010499502.1
OG0009883	As003G070470	XP_010478374.1, XP_010499519.1, XP_010460778.1
OG0009884	As003G070480	XP_010499520.1, XP_010478375.1, XP_010460779.1
OG0009885	As003G070790	XP_019091346.1, XP_019097315.1, XP_019094636.1
OG0009886	As003G070840	XP_010478414.1, XP_010499558.1, XP_010460823.1
OG0009887	As003G070860	XP_010478417.1, XP_010499561.1
OG0009888	As003G071070	XP_010499579.1, XP_010460842.1, XP_010478460.1
OG0009889	As003G071320	XP_010478508.1, XP_010499621.1, XP_019091930.1
OG0009890	As003G071540	XP_010499639.1, XP_010478526.1, XP_010460902.1
OG0009891	As003G071690	XP_010446925.1, XP_010437474.1, XP_010432286.1
OG0009892	As003G071730	XP_010437467.1, XP_010432278.1, XP_010446921.1
OG0009893	As003G072440	XP_010446817.1, XP_010437369.1
OG0009894	As003G072550	NP_001289920.1, XP_010437356.1
OG0009895	As003G072880	XP_010437321.1, XP_010432150.1, XP_010446761.1
OG0009896	As003G072900	XP_010437316.1, XP_010432145.1, XP_010446756.1
OG0009897	As003G072980	XP_010497285.2, XP_010432137.2
OG0009898	As003G073060	XP_010446733.1, XP_010444939.1, XP_010432123.1, XP_019086188.1
OG0009899	As003G073220	XP_010432107.1, XP_010437279.1, XP_010446717.1
OG0009900	As003G073240	XP_010437274.1, XP_010432101.1, XP_010446714.1
OG0009901	As007G179610	XP_010429279.1, XP_010472331.1
OG0009902	As003G073540	XP_010437240.1, XP_010432069.1, XP_010446675.1, XP_010446674.1
OG0009903	As003G073680, As007G179700	XP_010429259.1, XP_010472314.1, XP_010417070.1
OG0009904	As003G073760	XP_019087886.1, XP_010446653.1, XP_019097365.1, XP_010432056.1
OG0009905	As003G073880	XP_010432046.1, XP_010446647.1, XP_019088602.1
OG0009906	As003G074070	XP_010446626.1, XP_010432032.1
OG0009907	As003G074140	XP_010437179.1, XP_010432022.1
OG0009908	As003G074260	XP_010437168.1, XP_010446611.1, XP_010432016.1
OG0009909	As003G074390	XP_010432003.1, XP_010437155.1, XP_010446598.1
OG0009910	As003G074440	XP_019088851.1, XP_019087850.1, XP_019086383.1
OG0009911	As003G074700	XP_010446584.1, XP_019086632.1, XP_010437124.2
OG0009912	As003G074970	XP_010446532.1, XP_010437090.1, XP_010431964.1
OG0009913	As003G075040	XP_010437098.1, XP_010431944.1, XP_010446524.1
OG0009914	As003G075460	XP_010431909.1, XP_010446483.1
OG0009915	As003G075810	XP_019086997.1, XP_019089761.1
OG0009916	As003G075910	XP_010436990.1, XP_010431844.1, XP_010446414.1
OG0009917	As003G076650	XP_010496645.1, XP_010496651.1, XP_010436899.1
OG0009918	As004G076730	XP_010435475.1, XP_010440775.1, XP_010450427.1
OG0009919	As004G076780	XP_010435384.1, XP_010496759.1, XP_010440680.1
OG0009920	As004G077800	XP_010435757.1, XP_019088808.1, XP_010450901.1
OG0009921	As004G078320	XP_010441061.1, XP_010435891.1, XP_010450812.1
OG0009922	As004G078370	XP_010435886.1, XP_010450805.1
OG0009923	As004G078480	XP_010435864.1, XP_019086953.1, XP_010450784.1
OG0009924	As004G078770	XP_010412877.1, XP_010509671.1, XP_010505002.1
OG0009925	As004G079050	XP_010516750.1
OG0009926	As004G079100	XP_010430166.1, XP_010473366.1, XP_010418127.1
OG0009927	As004G079280	XP_010469059.1, XP_010413426.1, XP_010512472.1
OG0009928	As004G079450	XP_010509603.1, XP_010505063.1, XP_010516731.1
OG0009929	As004G079460	XP_019102470.1, XP_010505058.1, XP_010509607.1
OG0009930	As004G079540	XP_010505046.1, XP_010509619.1
OG0009931	As004G079620	XP_010516711.1, XP_010505039.1, XP_010509625.1
OG0009932	As004G079690	XP_010516703.1, XP_010505031.1, XP_010509634.1
OG0009933	As004G080000	XP_010455374.1, XP_010421889.1, XP_010437962.1
OG0009934	As004G080050	XP_010438030.1, XP_010455372.1, XP_010421885.1
OG0009935	As004G080200	XP_010421852.1, XP_010455344.1, XP_010438355.1
OG0009936	As004G080940	XP_010482623.1, XP_010442792.1, XP_010445039.1
OG0009937	As004G081200	XP_010473848.2, XP_019082516.1, XP_010509792.1
OG0009938	As004G081590	XP_010509847.1, XP_010413825.1, XP_010469441.1
OG0009939	As004G081680	XP_019082772.1, XP_010509862.1, XP_019093497.1
OG0009940	As004G081700	XP_010469454.1, XP_010413841.1, XP_010509864.1
OG0009941	As004G082390	XP_010494215.1, XP_010442128.1, XP_010481952.1
OG0009942	As004G082500	XP_010494202.1, XP_010481971.1, XP_010442141.1
OG0009943	As004G082940	XP_010442191.1, XP_010482017.1, XP_010496074.1
OG0009944	As004G083330	XP_010455396.1, XP_010437690.1, XP_010421916.1
OG0009945	As004G083400	XP_019084052.1, XP_019089843.1
OG0009946	As004G083450	XP_010421936.1, XP_010437439.1, XP_010455416.1
OG0009947	As004G083860	XP_010421973.1, XP_019090309.1, XP_010436890.1
OG0009948	As004G083900	XP_010436842.1, XP_010424509.1, XP_010424510.1, XP_010424511.1, XP_010421989.1, XP_010455460.1
OG0009949	As004G084720	XP_010434139.1, XP_010455591.1, XP_010422131.1
OG0009950	As004G084790	XP_010434066.1, XP_010422141.1, XP_019089960.1
OG0009951	As004G085280	XP_010422225.1, XP_010455701.1, XP_010433345.1
OG0009952	As004G085560	XP_010422252.1, XP_010432976.1, XP_010496168.1
OG0009953	As004G085620	XP_010422264.1, XP_010432877.1, XP_010496175.1
OG0009954	As004G085720	XP_010455755.1, XP_010422288.1, XP_010432523.1
OG0009955	As004G085740	XP_010422290.1, XP_019090674.1, XP_010432499.1
OG0009957	As004G086110	XP_019084501.1, XP_019090238.1
OG0009958	As004G086680	XP_010494470.1, XP_010441886.1
OG0009959	As004G087640	XP_010494594.1, XP_019088613.1, XP_010481636.1
OG0009960	As004G087760	XP_010441763.1, XP_010481614.1, XP_010494618.1
OG0009961	As004G087880	XP_010481596.1, XP_010494638.1, XP_010441735.1
OG0009962	As004G087890	XP_010481595.1, XP_010494640.1
OG0009963	As004G088530	XP_010441628.1, XP_010481498.1, XP_010494775.1
OG0009964	As004G088870	XP_010494807.1, XP_019087764.1, XP_019095555.1, XP_019087762.1, XP_019087556.1
OG0009965	As004G089030	XP_010441572.1, XP_010494833.1, XP_019098100.1, XP_010481444.1
OG0009967	As004G089600	XP_010494909.1, XP_010481386.1
OG0009968	As004G090120, As005G098720	XP_010506848.1, XP_010518519.1
OG0009969	As004G090320	XP_010481298.1, XP_010495000.1, XP_010441432.1
OG0009970	As004G090670	XP_010495821.2, XP_010484725.1, XP_010441426.1
OG0009971	As004G091000	XP_019087543.1, XP_010494979.1
OG0009972	As004G092850	XP_019099562.1, XP_019087440.1, XP_019087441.1, XP_019089173.1, XP_010435353.1, XP_010496351.2, XP_019089174.1
OG0009973	As011G255290, As004G093540	XP_010466650.1, XP_010512284.1
OG0009974	As004G093580	XP_019088800.1, XP_010446703.1, XP_010432096.1
OG0009975	As004G093990	XP_010435289.1, XP_010451616.1, XP_010445472.1, XP_010440603.1
OG0009976	As004G094060	XP_010515939.1, XP_010427091.1, XP_010504219.1, XP_010504218.1, XP_010504216.1
OG0009977	As004G094460	XP_010450192.1, XP_010435247.1, XP_010440564.1
OG0009978	As004G094580	XP_010450169.1, XP_010435230.1, XP_010440539.1
OG0009979	As004G095220	XP_010440516.1, XP_010450087.1, XP_010435176.1
OG0009980	As004G095710	XP_010440443.1, XP_010435106.1, XP_010450021.2
OG0009981	As004G095890	XP_010449990.1, XP_010440392.1, XP_010435069.1
OG0009982	As004G096640	XP_010466390.1, XP_010510281.1, XP_010488162.1
OG0009983	As004G096780	XP_010450753.1, XP_010435967.1, XP_010441107.1
OG0009984	As004G096790	XP_010441109.1, XP_010450751.1, XP_010422468.1, XP_010431035.1, XP_019089899.1
OG0009985	As004G096800	XP_010450749.1, XP_010441112.1, XP_010435965.1, XP_010435964.1
OG0009986	As004G096980	XP_010450719.1
OG0009987	As004G097010, As004G097000	XP_010450716.1
OG0009988	As004G097220	XP_010509097.1, XP_010505546.1, XP_010517216.1
OG0009989	As004G097960	XP_010436082.1, XP_010441298.1
OG0009990	As004G098140	XP_010436116.1, XP_010441332.1, XP_010447792.1
OG0009991	As004G098340	XP_010445746.1, XP_010436147.1, XP_010446905.1
OG0009992	As005G098590	XP_010421888.1, XP_010455373.1, XP_010437974.1
OG0009993	As005G098670	XP_019101126.1, XP_010413115.2, XP_010512798.1, XP_019100695.1, XP_010506851.1, XP_010496917.1
OG0009994	As005G099250	XP_010507869.1, XP_010506803.1, XP_010518471.1
OG0009995	As005G099550	XP_010413102.1, XP_010507896.1
OG0009996	As005G099590	XP_010506768.1, XP_010518432.1, XP_010507898.1
OG0009997	As005G100260	XP_010507974.1, XP_010506693.1, XP_010518355.1
OG0009998	As005G100280	XP_010506690.2, XP_010507979.1, XP_010518350.1
OG0009999	As005G100360	XP_010506679.1, XP_010507987.1, XP_010518344.1
OG0010000	As009G210800	XP_010508048.1, XP_010506623.1, XP_010518294.1, XP_010512827.1
OG0010001	As005G100870	XP_010508051.1, XP_010506619.1, XP_010518288.1
OG0010002	As005G101290	XP_010508109.1, XP_010506556.1, XP_010518218.1
OG0010003	As005G101640	XP_010508161.1, XP_010506502.1
OG0010004	As005G101770	XP_010518157.1, XP_010506480.1, XP_010508177.1
OG0010005	As005G101870	XP_010508193.1, XP_010506467.1, XP_010518144.1
OG0010006	As005G101880	XP_010518141.1, XP_010508197.1, XP_010506463.1
OG0010007	As005G102230	XP_010518103.1, XP_010508229.1
OG0010008	As005G102250	XP_010506430.1, XP_010508231.1, XP_019101993.1
OG0010009	As005G103180, As011G267580	XP_010467759.1, XP_010488982.1
OG0010010	As005G103230	XP_010517978.1, XP_010413043.1, XP_010506300.1, XP_010508353.1
OG0010011	As005G103440	XP_010506275.1, XP_010508377.1, XP_010517956.1
OG0010012	As005G103460	XP_010508379.1, XP_010517954.1, XP_010506279.1
OG0010013	As005G103590	XP_010506262.1, XP_010517949.1, XP_010508384.1
OG0010014	As005G103770	XP_010506243.1, XP_010506241.1, XP_010517928.1, XP_019101201.1
OG0010015	As005G104190	XP_010517865.1, XP_010508468.1, XP_019100593.1
OG0010016	As005G104230	XP_010508473.1, XP_010506166.1, XP_010517861.1
OG0010017	As005G104250	XP_010517859.1, XP_010506162.1
OG0010018	As005G104280	XP_010508476.1, XP_010506159.1
OG0010019	As005G105100	XP_010517716.1, XP_019100569.1, XP_010508622.1
OG0010020	As005G105130	XP_010517721.1, XP_010506014.1, XP_010508614.1
OG0010021	As005G105320	XP_010516389.1, XP_010504699.1, XP_010427648.1
OG0010022	As005G105500	XP_010517672.1, XP_010505972.1, XP_010508671.1
OG0010023	As005G105750, As005G105730, As005G105760	XP_010505966.1, XP_010517668.1, XP_010508677.1
OG0010024	As005G106010	XP_010505936.1, XP_010517647.1, XP_010508707.1
OG0010025	As005G106120	XP_010508715.1, XP_010517641.1, XP_010505928.1
OG0010026	As005G107200	XP_010490627.1, XP_010452043.1, XP_010423900.1
OG0010027	As005G107210	XP_010423896.1, XP_010452045.1, XP_010490630.1
OG0010028	As005G107460	XP_010490692.1, XP_010452078.1, XP_010423868.1
OG0010029	As005G107630	XP_010452102.1, XP_010423844.1, XP_010490719.1
OG0010030	As005G107720	XP_019084402.1, XP_010452115.1, XP_010423834.1, XP_010490732.1
OG0010031	As005G107830	XP_010490758.1, XP_010452151.1, XP_010423798.1
OG0010032	As005G108150	XP_010423743.1, XP_010452196.1, XP_010490794.1
OG0010033	As005G108220	XP_010423734.1, XP_010490808.1, XP_010452206.1
OG0010034	As005G108260	XP_010452212.1, XP_010490817.1, XP_010423726.1
OG0010035	As005G108290	XP_010452220.1, XP_010495054.1, XP_010423720.1
OG0010036	As005G108390	XP_010490837.1, XP_010452233.1, XP_010423700.1
OG0010037	As005G108410	XP_010452234.1, XP_010490838.1, XP_010423699.1
OG0010038	As005G108840	XP_010490880.1, XP_010423654.1, XP_010452282.1
OG0010039	As005G108910	XP_010452291.1, XP_010423648.1, XP_010490887.1
OG0010040	As005G109900	XP_010492992.1, XP_010454208.1, XP_010420738.1
OG0010041	As005G110190	XP_010493034.1, XP_010420769.1, XP_010454241.1
OG0010042	As005G110390	XP_019090302.1, XP_010493029.1, XP_010420762.1
OG0010043	As005G110520	XP_010454308.1, XP_010493112.1, XP_019097797.1, XP_010495149.1, XP_019089480.1, XP_019084680.1
OG0010044	As005G110750	XP_010493113.1, XP_010454309.1, XP_010420846.1
OG0010045	As005G110780	XP_010420865.1, XP_019090540.1, XP_010493135.1
OG0010046	As005G110960	XP_010454325.1, XP_010493129.1, XP_010420860.1
OG0010047	As005G111720	XP_010493154.1, XP_010454349.1, XP_010420885.1
OG0010048	As005G111760	XP_010454355.1, XP_010420888.1, XP_010493155.1
OG0010049	As009G201830, As005G111840	XP_019089868.1, XP_010492459.1
OG0010050	As005G112170	XP_010493181.1, XP_010420915.1, XP_010454376.1
OG0010051	As005G112340	XP_010454396.1, XP_010420932.1, XP_010493199.1
OG0010052	As005G112580	XP_010420956.1, XP_010493225.1, XP_010454427.1
OG0010053	As005G112610	XP_010420959.1, XP_010454433.1
OG0010054	As005G112820	XP_019088009.1, XP_010436849.1, XP_010451736.1
OG0010055	As005G113540	XP_010421054.1, XP_010493352.1, XP_010454526.1
OG0010056	As005G113960	XP_010456724.1, XP_010443881.1, XP_010483729.1
OG0010057	As005G114140, As008G189680, As005G114150	XP_010483708.1, XP_010443860.1, XP_010456581.1
OG0010058	As005G114240	XP_010456451.1, XP_010443846.1
OG0010059	As005G114560	XP_010483652.1, XP_010443798.1, XP_010477535.1, XP_010455887.1
OG0010060	As005G115470	XP_019086881.1, XP_010443721.1, XP_010483601.1
OG0010061	As005G115770	XP_010499293.1, XP_010460568.1, XP_010478151.1
OG0010062	As005G115940	XP_010446187.1, XP_019087956.1, XP_019092843.1, XP_010483498.1
OG0010063	As005G116160	XP_010484045.1, XP_010444204.1, XP_010459974.1
OG0010064	As005G116230	XP_010484056.1, XP_010460084.1, XP_010444216.2
OG0010065	As005G116250	XP_010444219.1, XP_010460146.1, XP_010484063.1
OG0010066	As005G116290	XP_010444224.1, XP_010484072.1
OG0010067	As005G116320	XP_010476079.1, XP_010446128.1, XP_010485144.1
OG0010069	As005G117140	XP_010461470.1, XP_010444348.1, XP_010484189.1
OG0010070	As005G117290	XP_010461628.1, XP_010444361.1, XP_010484204.1
OG0010071	As005G117370	XP_010461714.1, XP_010444370.1, XP_010484218.1
OG0010072	As005G117970	XP_010444453.1, XP_010462552.1, XP_010484292.1
OG0010073	As005G118200	XP_010462257.1, XP_010444485.1, XP_010484314.1
OG0010074	As005G118220	XP_010444489.1, XP_010484316.1, XP_010462245.1
OG0010075	As005G118710	XP_010463449.1, XP_010484401.1
OG0010076	As005G118740	XP_010444580.1, XP_010484406.1, XP_010463476.1
OG0010077	As005G119450	XP_010484534.1, XP_010464369.1, XP_010444682.1
OG0010079	As005G119670	XP_010478635.1, XP_010485329.1, XP_010446288.1
OG0010080	As005G119690	XP_010446290.1, XP_010484564.1, XP_010464653.1
OG0010081	As005G119700	XP_010484567.1, XP_010444708.1, XP_010464715.1
OG0010082	As005G119900	XP_010464936.1, XP_010444738.1, XP_010484592.1
OG0010083	As005G120330	XP_010515097.1, XP_010426248.1, XP_010503396.1
OG0010084	As005G120410	XP_010484652.1, XP_010465558.1
OG0010085	As005G120820	XP_010515550.1, XP_010426696.1, XP_010503833.1
OG0010086	As005G120890	XP_010484706.1, XP_019087076.1
OG0010087	As006G121090	XP_010456325.1, XP_010419537.1, XP_010466560.1
OG0010088	As006G121310	XP_010427301.1, XP_010456255.1, XP_010419618.1
OG0010089	As006G121360	XP_010456261.1, XP_010427239.1, XP_010419609.1
OG0010090	As007G154480	XP_010477007.1, XP_010459445.1, XP_010498220.1
OG0010091	As006G121880	XP_010456229.1, XP_010427624.1, XP_010422786.1
OG0010092	As006G122400	XP_010456993.1, XP_010428353.1, XP_010422715.1
OG0010093	As006G122670	XP_010456115.1, XP_010428869.1, XP_019084206.1
OG0010094	As006G122990	XP_010422632.1, XP_010456071.1, XP_010456976.1, XP_010429273.1, XP_010429285.1
OG0010096	As006G123150	XP_010429530.1, XP_010422607.1, XP_010456046.1
OG0010097	As006G123370	XP_010422575.1, XP_010456015.1, XP_010429834.1
OG0010098	As006G123510	XP_010455992.1, XP_010430070.1, XP_010422552.1
OG0010099	As006G123890	XP_010422500.1, XP_010455972.1, XP_010430702.1
OG0010100	As006G123960	XP_010430752.1, XP_010455977.1
OG0010101	As006G124000	XP_019084153.1, XP_019090602.1, XP_010430799.1
OG0010102	As006G124030	XP_010430803.1, XP_010455984.1, XP_010422483.1
OG0010103	As006G124060	XP_010422478.1, XP_010430912.1
OG0010104	As006G124240	XP_010431145.1
OG0010105	As006G124920	XP_010442004.1, XP_010494343.1, XP_010481841.1
OG0010106	As006G125320	XP_010509896.1, XP_010469482.1, XP_010413873.1
OG0010107	As006G125400	XP_010469493.1, XP_010413889.1, XP_010509905.1
OG0010108	As006G126150	XP_010510025.1, XP_010469595.1, XP_019082976.1
OG0010109	As006G126220	XP_010469570.1, XP_010509996.1, XP_010413977.1
OG0010110	As006G126790	XP_010469647.1, XP_010414061.2, XP_010510131.1
OG0010111	As006G126950	XP_010510155.1, XP_010414085.1
OG0010112	As006G127450	XP_010414167.1, XP_010510224.1, XP_019094036.1
OG0010113	As006G127610	XP_010469768.1, XP_010510247.1
OG0010114	As006G127890	XP_010469808.1, XP_010510298.1, XP_010414228.1
OG0010115	As006G128130	XP_010414273.1, XP_010510369.1, XP_010469861.1
OG0010116	As006G128510	XP_010469905.1, XP_010414324.1, XP_010510419.1
OG0010117	As006G128630	XP_010469931.1, XP_010414342.1, XP_019101430.1
OG0010118	As006G129220	XP_010414459.1, XP_010470018.1, XP_010510558.1
OG0010119	As006G129640	XP_010510609.1, XP_010414500.1, XP_010470064.1
OG0010120	As006G129820	XP_019101479.1, XP_019093462.1, XP_019083101.1
OG0010121	As006G130000	XP_010510676.1, XP_010414581.1, XP_010470129.1
OG0010122	As006G130020	XP_010470132.1, XP_010418828.1
OG0010123	As006G130080	XP_010510691.1, XP_010417952.1, XP_010473197.1
OG0010124	As006G130280	XP_010510723.1, XP_010417931.1, XP_010473179.1
OG0010125	As006G130290	XP_010510726.1, XP_010417929.1
OG0010126	As006G130300	XP_010417928.1, XP_010510724.1
OG0010127	As006G130850	XP_010473136.1, XP_019083610.1, XP_010510781.1
OG0010128	As006G131100	XP_010510859.1, XP_010473063.1, XP_010417824.1
OG0010129	As006G131220	XP_010475154.1, XP_010457546.1, XP_010484341.1
OG0010130	As006G131260	XP_010417814.1, XP_010473052.1, XP_010510873.1
OG0010131	As006G131710	XP_010429648.1, XP_010417414.1
OG0010132	As006G132330	XP_010433371.1, XP_010438616.1, XP_010448135.1
OG0010133	As006G133360	XP_010485345.1, XP_010435680.1, XP_010496428.1
OG0010134	As006G141930, As006G133720	XP_010462948.1, XP_010486402.1, XP_010464471.1
OG0010135	As006G133850	XP_010451923.1, XP_010424008.1, XP_010490495.1
OG0010136	As006G134020	XP_010517632.1, XP_010505921.1, XP_010508721.1
OG0010137	As006G134060	XP_010505914.1, XP_010508727.1, XP_010517623.1
OG0010138	As006G134100	XP_010433513.1, XP_010438764.1, XP_010448279.1
OG0010139	As006G134140	XP_010448272.1, XP_010438756.1, XP_010433506.1
OG0010140	As006G134790	XP_010463551.1, XP_010485520.1
OG0010141	As006G135810	XP_010463706.1, XP_010489649.1
OG0010142	As006G136220	XP_010507160.1, XP_010485657.1, XP_010463767.1
OG0010143	As006G136240	XP_010507648.1, XP_010485659.1, XP_010463770.1
OG0010144	As006G136670	XP_010463813.1, XP_010485704.1
OG0010145	As006G136730	XP_010485712.1, XP_010463822.1, XP_019099651.1
OG0010146	As009G203880, As009G209970, As006G136840	XP_010485725.1, XP_010513722.1, XP_010463833.1
OG0010147	As006G136950	XP_010514675.1, XP_010463844.1, XP_010485740.1
OG0010148	As006G137520	XP_010485805.1, XP_010463913.1, XP_010414047.1
OG0010149	As006G137670	XP_010463926.1, XP_010417645.1, XP_010485825.1
OG0010150	As006G138000	XP_010485862.1, XP_010418822.1, XP_010463965.1
OG0010151	As006G139110	XP_010486048.1, XP_010464119.1
OG0010152	As006G140310	XP_010464252.1, XP_010486190.1, XP_010486189.1, XP_019093847.1, XP_019091886.1
OG0010153	As006G140320	XP_010486192.1, XP_010464253.1, XP_010443504.1
OG0010154	As006G140560	XP_010464284.1, XP_010445981.1
OG0010155	As006G140620	XP_010446688.1, XP_010486230.1, XP_010464313.1
OG0010156	As006G140770	XP_010448276.1, XP_010464299.1, XP_010486243.1
OG0010157	As006G141510	XP_010486347.1, XP_010464416.1, XP_010457327.1
OG0010158	As006G141710	XP_010460460.1, XP_010486373.1, XP_010464442.1
OG0010159	As009G218570, As006G141740	XP_010444079.1, XP_010483945.1, XP_010458195.1
OG0010160	As006G142020	XP_010464488.1, XP_010464469.1, XP_010486422.1
OG0010161	As006G143000	XP_010508938.1
OG0010162	As006G143190	XP_010508959.1, XP_010517350.1, XP_010505678.1
OG0010163	As006G143220	XP_010505670.1, XP_010517344.1, XP_010508966.1
OG0010164	As006G143560	XP_010517300.1, XP_010505624.1, XP_010509010.1
OG0010165	As012G280990, As006G143680, As006G143700	XP_010504323.1, XP_010516038.1
OG0010166	As006G144090, As006G144100	XP_010505566.1, XP_010517238.1, XP_010509079.1
OG0010167	As006G144320	XP_010517198.1, XP_010505533.1, XP_010509176.1
OG0010168	As006G145000	XP_010505185.1, XP_010509476.1, XP_010516860.1
OG0010169	As006G145200	XP_010516889.1
OG0010170	As006G145400	XP_010509427.1, XP_010507586.1, XP_010516914.1
OG0010171	As006G145760	XP_010516960.1, XP_010509387.1, XP_010505278.1
OG0010172	As006G145770	XP_010505279.1, XP_010509377.1, XP_010516961.1
OG0010173	As006G145920	XP_010509359.1, XP_010505304.1, XP_010516986.1
OG0010174	As006G146840	XP_010509275.1, XP_010507601.1, XP_019102509.1
OG0010175	As006G147430, As006G147420	XP_010509218.1, XP_010517102.1
OG0010176	As006G147710	XP_010517091.1, XP_010505418.1, XP_010509229.1
OG0010177	As006G147860	XP_010418916.1
OG0010178	As006G148550	XP_010486362.1, XP_010457789.1, XP_010475393.1
OG0010179	As006G148870	XP_019102522.1, XP_010505518.1, XP_010509163.1
OG0010180	As007G152030	XP_010476628.1, XP_010459075.1
OG0010181	As007G152090	XP_010459083.1, XP_010476637.1, XP_010497185.1
OG0010182	As007G153220	XP_010462744.1, XP_010476809.1, XP_019095315.1
OG0010183	As007G153980	XP_019091011.1, XP_019095328.1, XP_019094415.1
OG0010184	As007G154120	XP_010476928.1, XP_010498141.1, XP_010459374.1
OG0010185	As007G154460	XP_010454302.1, XP_010493100.1, XP_010420838.1
OG0010186	As007G154670	XP_010476978.1, XP_010459415.1, XP_010498189.1
OG0010187	As007G155120	XP_010459503.1, XP_010498274.1, XP_010477057.1
OG0010189	As007G155600	XP_010498334.1, XP_010477127.1, XP_010459581.1
OG0010190	As007G155780	XP_010459610.1, XP_010498357.1, XP_010477154.1
OG0010191	As007G155840	XP_010477170.1, XP_010498376.1, XP_010459625.1
OG0010192	As007G156140	XP_010498418.1, XP_010459675.1, XP_010477220.1
OG0010193	As007G156180	XP_010498427.1, XP_010459678.1, XP_010477223.1
OG0010194	As007G156190	XP_010477225.1, XP_010459679.1, XP_019094879.1, XP_010498428.1
OG0010195	As007G156200	XP_010477227.1, XP_010459681.1
OG0010196	As007G156260	XP_010477238.1, XP_010459690.1
OG0010197	As007G156610	XP_010477284.1, XP_019095399.1, XP_010459729.1
OG0010198	As007G156820	XP_010459764.1, XP_010498514.1, XP_010477323.1
OG0010199	As007G156830	XP_010477326.1, XP_010498515.1
OG0010200	As007G156890	XP_010498526.1, XP_010459776.1, XP_010477341.2
OG0010201	As007G157090	XP_010477364.1, XP_019100357.1, XP_010459806.1, XP_019099125.1
OG0010202	As007G157700	XP_010477410.1, XP_010498623.1
OG0010203	As007G157720	XP_019099134.1
OG0010204	As007G158010	XP_019093103.1, XP_010416729.1, XP_010428856.1
OG0010205	As007G158690	XP_010460027.1, XP_010477526.1, XP_010498748.1
OG0010206	As007G158960, As010G234280	XP_010460050.1, XP_010498770.1, XP_010477556.1
OG0010207	As007G159060	XP_010498780.1, XP_010477565.1, XP_010460059.1
OG0010208	As007G159260, As007G159270	XP_010477598.1, XP_019094623.1, XP_010460089.1, XP_010498816.1
OG0010209	As007G159380	XP_010477614.1, XP_010498831.1
OG0010210	As007G159500, As010G233410	XP_010471047.1, XP_010427830.1, XP_010415736.1
OG0010211	As007G159820	XP_010498899.1
OG0010212	As007G160350	XP_019099196.1, XP_010460246.1, XP_010477791.1
OG0010213	As007G160650	XP_010477838.1, XP_010460288.1, XP_010499019.1
OG0010214	As007G160860	XP_010415555.1, XP_010470896.1, XP_010511947.1, XP_010499049.1, XP_010477864.1, XP_010460317.1
OG0010215	As007G160870	XP_010460320.1, XP_010477866.1, XP_010499050.1
OG0010216	As007G161100	XP_010460369.1, XP_010477896.1, XP_010499081.1
OG0010217	As007G161200	XP_010477902.1, XP_010460349.1, XP_019099209.1
OG0010218	As007G161450	XP_010470763.1, XP_010415438.1, XP_010511807.1
OG0010219	As007G161550	XP_010460406.1, XP_010477975.1, XP_019095569.1, XP_010501603.1
OG0010220	As007G161760	XP_010477994.1, XP_010499155.1, XP_010460429.1
OG0010222	As007G162070	XP_010478069.1, XP_010460495.1
OG0010223	As007G163130	XP_010438996.1, XP_010433740.1, XP_010448536.1
OG0010224	As007G164330	XP_010448487.1, XP_010433692.1, XP_010438931.1
OG0010225	As007G164340	XP_010433687.1, XP_010448478.1, XP_010438938.2
OG0010226	As007G164470	XP_019086537.1, XP_019088047.1, XP_010448464.1
OG0010227	As007G164510	XP_010445137.2
OG0010227	As007G164490	XP_010448463.1, XP_010433672.1, XP_010438911.1
OG0010228	As007G165860	XP_010448385.1, XP_010438838.1, XP_010433596.1
OG0010229	As007G166590	XP_010474458.1, XP_019098607.1, XP_019085133.1
OG0010230	As007G177810	XP_010429436.1, XP_010472464.1, XP_010417211.1
OG0010231	As007G177980	XP_010429427.1, XP_010417207.1, XP_010472457.1
OG0010232	As007G178400, As007G178410	XP_010429387.1, XP_010417169.1
OG0010233	As007G178510	XP_010472417.1, XP_010429371.1, XP_010417162.1
OG0010235	As007G179160	XP_010472372.1, XP_010417120.1, XP_019082706.1, XP_010429330.1
OG0010236	As007G179180	XP_010472367.1, XP_010417118.1, XP_010429326.1
OG0010238	As007G179220	XP_010472365.1, XP_010429317.1, XP_010417115.1
OG0010239	As007G179850	XP_010429221.1, XP_010472285.1, XP_010417046.1
OG0010240	As007G180740	XP_010472164.1, XP_010416924.2
OG0010241	As007G181900	XP_010429012.1, XP_010416860.1
OG0010242	As008G182310	XP_010476592.1, XP_010459033.1
OG0010243	As008G182390	XP_010496783.1, XP_010459023.1, XP_010476580.1
OG0010244	As008G182700	XP_010476542.1, XP_019091505.1
OG0010245	As008G182980	XP_010476498.1, XP_010496079.1, XP_010458941.1
OG0010246	As008G183250	XP_010458918.1, XP_010495880.1
OG0010247	As008G183470	XP_010458861.1, XP_010476425.1
OG0010248	As008G184010	XP_010476332.1, XP_010495245.1, XP_010458788.1
OG0010249	As008G184020	XP_010495238.1, XP_010458787.1, XP_010476331.1
OG0010250	As008G184160	XP_010476309.1, XP_010458763.1, XP_010495051.1
OG0010251	As008G184890	XP_010476204.1, XP_010458663.1, XP_010494084.1
OG0010252	As008G186150	XP_010492686.1, XP_010476038.1, XP_010458524.1
OG0010253	As008G186370	XP_010458498.1, XP_010492433.1, XP_010476017.1
OG0010254	As008G186570	XP_010475988.1, XP_010458480.1, XP_010492238.1
OG0010255	As008G186650	XP_010458463.1, XP_010475976.1
OG0010256	As008G186940	XP_010458425.1, XP_010491716.1, XP_010475942.1
OG0010257	As008G187130	XP_010458395.1, XP_010475911.1
OG0010258	As008G188220	XP_019094951.1, XP_010490131.1, XP_010458244.1
OG0010259	As008G188320	XP_010490050.1, XP_010475784.1
OG0010260	As008G188900	XP_010458182.1, XP_010489730.1, XP_010475737.1
OG0010261	As008G189060	XP_010489606.1, XP_010458168.1, XP_010475720.1
OG0010262	As008G189460	XP_010489412.1, XP_010458145.1, XP_010475698.1
OG0010263	As008G192180	XP_010457949.1, XP_010487743.1, XP_010475522.1
OG0010264	As008G193330	XP_010475430.1, XP_010457832.1
OG0010265	As008G193660	XP_010486151.1, XP_010475376.1, XP_010457772.1
OG0010266	As008G194440	XP_010507803.1, XP_010507800.1, XP_010507806.1, XP_010497021.1, XP_010497034.1
OG0010267	As008G194480	XP_010457671.1, XP_010475291.1, XP_010485271.1
OG0010268	As008G194850	XP_010480353.1, XP_010457635.1, XP_010485002.1
OG0010269	As008G194880	XP_010457631.1, XP_010484961.1, XP_010484969.1, XP_010475234.1
OG0010270	As008G195170	XP_019094974.1, XP_019098838.1, XP_019090741.1
OG0010271	As008G195180	XP_019094973.1, XP_010457602.1, XP_010484783.1
OG0010272	As008G195690	XP_010475152.1, XP_010457544.1, XP_010484327.1
OG0010273	As008G195780	XP_019091976.1, XP_010467362.1, XP_019098823.1, XP_010475147.1, XP_010484265.1
OG0010274	As008G196080	XP_019094987.1, XP_010457498.1, XP_010475109.1
OG0010275	As008G196250	XP_010457477.1, XP_010483527.1, XP_010475086.1
OG0010276	As008G196610	XP_010475035.1, XP_010482939.1, XP_010457423.1
OG0010277	As008G196660	XP_010475032.1, XP_010457420.1, XP_010482885.1
OG0010278	As008G196840	XP_010457368.1, XP_010482290.1, XP_010474985.1
OG0010279	As008G196970	XP_010475006.1, XP_010482518.1, XP_010457395.1
OG0010280	As008G197090	XP_010482570.1, XP_019091931.1, XP_010475014.1
OG0010281	As008G197160	XP_010481853.1, XP_010457339.1, XP_010474952.1
OG0010282	As008G197510	XP_010457304.1, XP_010474900.1
OG0010283	As008G197840	XP_010481164.1, XP_019091437.1, XP_010474843.1
OG0010284	As008G197990	XP_010457223.1, XP_010474658.1
OG0010285	As008G198040	XP_010480988.1, XP_010474664.1, XP_010457228.1
OG0010286	As008G198830	XP_010457124.1, XP_010480265.1, XP_010474745.1
OG0010287	As009G199780	XP_010420014.1, XP_010492180.1, XP_010456524.1
OG0010288	As009G200140	XP_010420056.1, XP_010492227.1, XP_010453544.1, XP_010492229.1
OG0010289	As009G200470	XP_010492286.1, XP_010453602.1, XP_010420124.1
OG0010290	As009G200920	XP_010453696.1, XP_019097684.1, XP_010420229.1
OG0010291	As009G201090	XP_010420201.1, XP_010492380.1, XP_010453680.1
OG0010292	As009G202450	XP_010453809.1, XP_019084750.1, XP_010492559.1
OG0010293	As009G202650	XP_010492581.1, XP_010420369.1, XP_010453830.1
OG0010294	As009G202660	XP_010420368.1, XP_010453829.1, XP_010492580.1
OG0010295	As009G202700	XP_010453841.1, XP_010492600.1, XP_010420376.1
OG0010296	As009G203110	XP_010453905.1, XP_010492664.1, XP_010420427.1
OG0010297	As009G203190	XP_010453912.1, XP_010420436.1, XP_010492674.1
OG0010298	As009G203600	XP_010492726.1, XP_010420496.1, XP_010453966.1
OG0010299	As009G204090	XP_010485764.1, XP_010463864.1
OG0010300	As009G204190	XP_010492834.1, XP_010454061.1, XP_010420576.1
OG0010301	As009G204840	XP_010420681.1, XP_010454159.1
OG0010302	As009G205100	XP_010420725.1, XP_010492982.1, XP_010454195.1
OG0010303	As009G206800	XP_010447245.1, XP_010432568.1, XP_010437766.1
OG0010304	As009G206900	XP_010494055.1, XP_019090043.1
OG0010305	As009G206990	XP_010421687.1, XP_010494089.1, XP_010455171.1
OG0010306	As009G207050	XP_010424404.1, XP_010494098.1, XP_010455181.1
OG0010307	As009G207130	XP_010421702.1, XP_010455195.1, XP_010494110.1
OG0010308	As009G207160	XP_010421705.1, XP_010494111.1, XP_010455198.1
OG0010309	As009G207540	XP_010442405.1, XP_010440565.1
OG0010310	As009G207570	XP_010440549.1, XP_010440559.1, XP_010442402.1
OG0010311	As009G207930	XP_010482192.1, XP_010440208.1, XP_010442367.1
OG0010312	As009G208070	XP_010440469.1, XP_010442393.1, XP_010482210.1
OG0010314	As009G209820	XP_010464358.1, XP_010486285.1, XP_010486287.1, XP_010451531.1
OG0010315	As009G210240	XP_010419959.1, XP_010492134.1, XP_010453454.1
OG0010316	As009G211290	XP_010491301.1, XP_010452649.1, XP_010423266.1
OG0010317	As009G211940	XP_010438031.2, XP_010447503.1
OG0010318	As009G212200	XP_019084488.1, XP_010491206.1, XP_010452573.1
OG0010319	As009G212230	XP_010423346.1, XP_010452563.1, XP_010491196.1
OG0010320	As009G212390	XP_010491181.1, XP_010424757.1, XP_010423362.1, XP_010452552.1
OG0010321	As009G213000	XP_010423430.1, XP_010452483.1, XP_010452484.1, XP_010491114.1
OG0010322	As009G213070	XP_010423443.1, XP_010491100.1, XP_010452477.1
OG0010323	As009G213130	XP_010497503.1, XP_019084500.1, XP_010491088.1, XP_019090699.1
OG0010324	As009G213300	XP_010452444.1, XP_010491073.1, XP_010423473.1
OG0010325	As009G213670	XP_010423479.1, XP_010491067.1, XP_010452438.1
OG0010326	As009G213790	XP_010452431.1, XP_010491065.1, XP_010423483.1
OG0010327	As009G213900	XP_010423494.1, XP_010452420.1, XP_010491051.1
OG0010328	As009G213910	XP_010452422.1, XP_010423493.1, XP_010491052.1
OG0010329	As009G214180	XP_010491029.1, XP_010452399.1, XP_010423510.1
OG0010330	As009G214210	XP_010423507.1, XP_010423509.1, XP_010452403.1, XP_010491030.1
OG0010331	As009G214960	XP_010421444.1, XP_010493843.1, XP_010454928.1
OG0010332	As009G215490	XP_010454838.1, XP_010421363.1, XP_010493765.1
OG0010333	As009G216010	XP_019097685.1, XP_019090256.1, XP_019084612.1
OG0010334	As009G216250	XP_010493608.1, XP_010421274.1
OG0010335	As009G216290	XP_010421278.1, XP_010493615.1, XP_010454772.1
OG0010336	As009G216520	XP_019097920.1, XP_019090456.1, XP_019084719.1
OG0010337	As009G216600	XP_019090437.1, XP_010421211.1, XP_010493533.1
OG0010338	As009G216770	XP_010493515.1, XP_010421195.1, XP_010454672.1
OG0010339	As009G217020	XP_010421162.1, XP_010454645.1, XP_010493477.1
OG0010340	As009G217450	XP_010454584.1, XP_010421103.1, XP_010493415.1
OG0010341	As009G217620	XP_010456840.1
OG0010342	As009G218050	XP_010457338.2, XP_010443965.1, XP_010483812.1
OG0010343	As009G218180	XP_010443975.1, XP_010457479.1, XP_010483834.1
OG0010345	As009G218910	XP_010444093.1, XP_010483957.1, XP_010458939.1
OG0010346	As009G218960	XP_010458970.1, XP_010444098.1, XP_010483961.1
OG0010347	As009G219130	XP_010483983.1, XP_010444123.1, XP_010459245.1
OG0010348	As009G220110	XP_010443545.1, XP_010483398.1, XP_010453426.1
OG0010349	As010G220270	XP_010426695.1, XP_010515549.1, XP_010503832.1
OG0010351	As010G220720	XP_010424900.1, XP_010503751.1, XP_010515457.1
OG0010352	As010G220730	XP_010515454.1, XP_010503749.1, XP_010424903.1
OG0010353	As010G221070	XP_010503712.1, XP_010426584.1, XP_010515401.1
OG0010354	As010G221620	XP_010515323.1, XP_010503628.1, XP_010426487.1, XP_010431185.1
OG0010355	As010G222140	XP_010503564.1, XP_019100217.1, XP_010515142.1, XP_010515259.1, XP_019085548.1
OG0010356	As010G222200	XP_010426410.1, XP_010515245.1, XP_010503554.1
OG0010357	As010G222520	XP_010426358.1, XP_010503499.1, XP_010515182.1
OG0010358	As010G222600	XP_010515174.1, XP_010426350.1, XP_010503491.1
OG0010359	As010G222690	XP_010515165.1, XP_010426343.1, XP_010503478.1
OG0010360	As010G222910	XP_010515137.1, XP_010503447.1, XP_010515135.1, XP_010426292.1
OG0010361	As010G223180	XP_010503418.1, XP_010426268.1, XP_010515108.1
OG0010362	As010G223370	XP_010515089.1, XP_010503390.1, XP_010426234.1
OG0010364	As010G225750	XP_010425930.1, XP_010514834.1, XP_010503152.1
OG0010365	As010G226040	XP_010503116.1, XP_010514792.1, XP_010425885.1
OG0010366	As010G226070	XP_010425875.1, XP_010514787.1, XP_010503107.1
OG0010367	As010G226440	XP_010427110.1, XP_010503069.1, XP_010514752.1
OG0010368	As010G226480	XP_010514744.1, XP_010503059.1, XP_010427121.1
OG0010369	As010G226660	XP_010507154.1, XP_010514726.1, XP_010425821.1
OG0010370	As010G227710	XP_010470698.1, XP_010415359.1, XP_010511730.1
OG0010371	As010G228320	XP_010415325.1, XP_010470662.1, XP_010511699.1
OG0010372	As010G229630	XP_010470765.1, XP_010415441.1, XP_010511810.1
OG0010373	As010G230030	XP_010470753.1, XP_019083238.1
OG0010374	As010G231170	XP_010415482.1, XP_010511863.1
OG0010375	As010G231280	XP_010470816.1, XP_010415490.1, XP_010511872.1
OG0010376	As010G231480	XP_010470848.1, XP_010511899.1, XP_010415519.1
OG0010377	As010G231560	XP_010511889.1, XP_010470859.1, XP_010470864.1
OG0010378	As010G231840	XP_010415525.1, XP_010511924.1, XP_010470873.1
OG0010379	As010G232100	XP_010470888.1, XP_010415541.1, XP_010511940.1
OG0010380	As010G232230	XP_010415554.1, XP_010470891.1, XP_010511943.1
OG0010381	As010G232450	XP_010470922.1, XP_010511963.1, XP_010415584.1
OG0010382	As010G233210	XP_010512099.1, XP_010419132.1
OG0010383	As010G233960	XP_010471109.1, XP_010427917.1, XP_010415799.1, XP_010415798.1
OG0010384	As010G234110	XP_019083290.1, XP_019085743.1, XP_010471132.1
OG0010385	As010G234550	XP_010415886.1, XP_010428009.1, XP_010471183.1
OG0010386	As010G235080, As010G234880	XP_010471237.1, XP_010415950.1, XP_010414841.1, XP_010428086.1
OG0010387	As010G235160	XP_010472040.1, XP_010428950.1, XP_010416809.1
OG0010388	As010G235420	XP_010428908.1, XP_010472003.1, XP_010416770.1
OG0010389	As010G235630	XP_010431544.2, XP_010474384.1, XP_019083096.1, XP_019082693.1
OG0010390	As010G235810	XP_010416713.1, XP_010471957.1, XP_010428843.1
OG0010391	As010G236050	XP_010428820.1, XP_010416681.1, XP_010471933.1
OG0010392	As010G236200	XP_010426722.1, XP_010515568.1, XP_010503845.1
OG0010393	As010G236290	XP_010416645.1, XP_010471902.1, XP_010428783.1
OG0010394	As010G236350	XP_010416635.1, XP_010471875.1, XP_010428776.1
OG0010395	As010G237610	XP_019094421.1, XP_019095383.1, XP_010498443.1, XP_010459693.1, XP_010477242.1
OG0010396	As010G238400	XP_010471621.1, XP_010416385.1, XP_010428524.1
OG0010397	As010G239380	XP_010416244.1, XP_010471502.1, XP_010428380.1
OG0010398	As010G239410	XP_010471501.2
OG0010399	As010G239670	XP_010471464.1, XP_010416204.1, XP_010428329.1
OG0010400	As010G239720	XP_010428321.1, XP_010471455.1, XP_010471456.1, XP_010416200.1
OG0010401	As010G239960	XP_010471426.1, XP_010428291.1, XP_010416177.1
OG0010402	As010G240110	XP_010419182.1, XP_010428282.1, XP_010471416.1
OG0010403	As010G240200	XP_010471403.1, XP_019084990.1, XP_010416151.1
OG0010404	As010G240690	XP_010471352.1, XP_010416081.1, XP_019084980.1
OG0010405	As010G240830	XP_010471340.1, XP_010428198.2
OG0010406	As010G240860	XP_010474303.1, XP_019094550.1, XP_019091012.1, XP_019089226.1, XP_019089228.1, XP_019085618.1, XP_019082665.1
OG0010407	As010G240880	XP_010416068.1, XP_010471338.1
OG0010408	As010G241420	XP_010471261.1, XP_010415980.2, XP_019084974.1
OG0010409	As010G242470	XP_010419368.1, XP_010429781.1
OG0010410	As010G242770	XP_010472793.1, XP_010419373.1
OG0010411	As010G243110	XP_010417638.1, XP_019085169.1
OG0010412	As010G243460	XP_010417673.1, XP_010474509.1, XP_010429922.1
OG0010413	As010G243520	XP_010417685.1, XP_010429931.1, XP_010474512.1
OG0010414	As010G243700	XP_019093858.1, XP_019083565.1, XP_019085185.1
OG0010415	As010G244030	XP_010429993.1, XP_010431658.1, XP_010472969.1, XP_010417738.1
OG0010416	As010G244160	XP_010472538.1, XP_010472988.1, XP_010430006.1, XP_010417748.1
OG0010417	As010G244370	XP_010449352.1, XP_010443150.1, XP_010482963.1
OG0010418	As011G244980	XP_010489802.1, XP_010465117.1, XP_010500042.1
OG0010419	As011G245160	XP_010500292.1
OG0010420	As011G245580	XP_010468155.1, XP_010500780.1
OG0010421	As011G246380	XP_010465320.1, XP_010487227.1, XP_010501822.1
OG0010422	As011G246500	XP_019092618.1, XP_019097040.1, XP_019101794.1
OG0010423	As011G246540	XP_019092617.1, XP_019101804.1, XP_019096868.1
OG0010424	As011G246580	XP_019096631.1, XP_019092224.1
OG0010425	As011G246930	XP_010465392.1, XP_010489834.1, XP_010502172.1
OG0010426	As011G247110	XP_010420841.1, XP_010493102.1, XP_010454304.1
OG0010427	As011G247360	XP_010465476.1, XP_010502701.1, XP_010487347.1
OG0010428	As011G247510	XP_019096220.1, XP_019102000.1, XP_010465497.1
OG0010429	As011G247710	XP_010503108.1, XP_010465523.1, XP_010487380.1
OG0010430	As011G247840	XP_010465541.1, XP_010503274.1, XP_019096622.1
OG0010431	As011G248540	XP_010504194.1, XP_010465659.1, XP_010487492.1
OG0010433	As011G249450	XP_010505475.1, XP_010487613.1, XP_019092462.1
OG0010434	As011G249660	XP_010487646.1, XP_010465807.1, XP_010505588.1
OG0010435	As011G249970	XP_010487694.1, XP_010506108.1, XP_010465854.1
OG0010436	As011G250340	XP_010506647.1, XP_010487741.1, XP_010465914.1
OG0010437	As011G250410	XP_010506779.1, XP_010487749.1, XP_010465924.1
OG0010438	As011G250450	XP_010506871.1, XP_010487763.1, XP_010465935.1
OG0010439	As011G250590	XP_019096216.1, XP_019092116.1, XP_019102550.1
OG0010440	As011G250730	XP_010465974.1, XP_010487787.1, XP_010507046.1
OG0010441	As011G250910	XP_010507145.1, XP_010465993.1
OG0010442	As011G251060	XP_010487818.1, XP_010466024.1, XP_010507314.1
OG0010443	As011G251090	XP_010466029.1, XP_010487826.1
OG0010444	As011G251170	XP_010507393.1, XP_010489930.1, XP_019092244.1
OG0010446	As011G251720	XP_010487910.1, XP_010466121.1, XP_010507888.1
OG0010447	As011G251770	XP_010466124.1, XP_019097112.1, XP_010507899.1
OG0010448	As011G251930	XP_010508110.1, XP_010487935.1, XP_010466146.1
OG0010449	As011G251940	XP_010487937.1, XP_010466148.1, XP_010508120.1
OG0010450	As012G272190, As011G252150	XP_010479502.1, XP_010461896.1, XP_010500610.1
OG0010451	As011G252440	XP_010508596.1, XP_010466199.1
OG0010452	As011G252450	XP_010487987.1
OG0010453	As011G252460	XP_019096251.1, XP_010489966.1, XP_010508613.1
OG0010454	As011G252510	XP_019092432.1, XP_010487994.1, XP_010508687.1
OG0010455	As011G252520	XP_010508706.1, XP_010466208.1, XP_010487996.1
OG0010456	As011G252710	XP_010488018.1, XP_010508899.1, XP_010466232.1
OG0010457	As011G252820	XP_010509033.1, XP_010488036.1, XP_010466249.1
OG0010458	As011G252850	XP_010488041.1, XP_010466256.1, XP_010509087.1
OG0010459	As011G252930	XP_010466268.1, XP_010488054.1, XP_010488051.1, XP_010509193.1
OG0010460	As011G253210	XP_010466323.1, XP_010509632.1, XP_010488090.1
OG0010461	As011G253460	XP_010488161.1, XP_010510244.1, XP_010466389.1
OG0010462	As011G253830	XP_010488192.1, XP_010510529.1, XP_010466429.1
OG0010463	As011G253970	XP_010510704.1, XP_010488205.1, XP_010466447.1
OG0010464	As011G254000	XP_010488212.1, XP_010466453.1, XP_010510772.1
OG0010465	As011G254080	XP_010510900.1, XP_010488223.1, XP_010466473.1
OG0010466	As011G254700	XP_019092756.1, XP_010488309.1, XP_010511676.1
OG0010467	As011G254860, As011G256360	XP_010513385.1, XP_010488529.1, XP_010466832.1
OG0010468	As011G254880	XP_010466588.1, XP_010488328.1, XP_010511917.1
OG0010469	As011G254900	XP_010466592.1, XP_010488330.1, XP_010511959.1
OG0010470	As011G254960	XP_010421330.2, XP_010466599.1, XP_010488343.1
OG0010471	As011G255070	XP_010466623.1, XP_010512086.1, XP_010488353.1, XP_010468404.1
OG0010472	As011G255190	XP_010512182.1, XP_010488368.1, XP_010466638.1
OG0010473	As011G255410	XP_010512507.1, XP_010488416.1, XP_010466688.1
OG0010474	As011G255920	XP_010513052.1, XP_010488475.1, XP_010466766.1
OG0010475	As011G255980	XP_010466772.1, XP_010513114.1, XP_010488484.1
OG0010476	As011G256370	XP_010466833.1, XP_010488530.1
OG0010477	As011G258600	XP_010488648.1, XP_010514175.1, XP_010466963.1
OG0010478	As011G259860	XP_010467147.2, XP_010413117.1
OG0010479	As011G262350	XP_010517725.1, XP_010488913.1, XP_010467257.1
OG0010480	As011G262770	XP_010467303.1, XP_010517387.1, XP_010488965.1, XP_019098719.1, XP_010497539.1
OG0010481	As011G263020	XP_019092805.1
OG0010482	As011G263050	XP_010489187.1, XP_010467340.1, XP_010517033.1
OG0010483	As011G263380	XP_010516739.1, XP_019096604.1, XP_019092966.1
OG0010484	As011G263730	XP_010467421.1, XP_010489292.1, XP_010515965.1
OG0010485	As011G263750	XP_010489294.1, XP_010515932.1, XP_010467424.1
OG0010486	As011G263880	XP_019092720.1, XP_010515704.1, XP_010489318.1
OG0010487	As011G264270	XP_010515376.1, XP_010489350.1, XP_019092033.1
OG0010488	As011G265340	XP_010489544.1, XP_010414258.1, XP_010467651.1
OG0010489	As011G266240	XP_010467903.1, XP_010416964.1, XP_010489165.1
OG0010490	As011G266260	XP_010467907.1, XP_010416927.1, XP_010489159.1, XP_010468175.1
OG0010491	As011G266390	XP_010495937.2, XP_010489138.1, XP_010416765.1
OG0010492	As011G266480	XP_010467926.1, XP_010416642.1, XP_010489129.1
OG0010494	As011G266710	XP_010490300.1, XP_010467940.1, XP_010416317.1
OG0010495	As011G266730	XP_010447905.1, XP_010433150.1, XP_010438364.1
OG0010496	As011G266780	XP_010489087.1
OG0010497	As011G267070	XP_010415869.1, XP_010489049.1, XP_010467835.1
OG0010498	As011G267210	XP_019092954.1, XP_019098968.1, XP_019096749.1
OG0010499	As011G267220	XP_010489019.1, XP_010415523.1, XP_010467798.1
OG0010500	As012G267720	XP_010480185.1, XP_010480187.1, XP_010501258.1, XP_010462486.1
OG0010501	As012G267800	XP_010462494.1, XP_010501250.1, XP_010480195.1
OG0010502	As012G268210	XP_010480110.1, XP_010462424.1, XP_010501189.1
OG0010503	As012G268910	XP_010440645.1, XP_010435311.1, XP_010450272.1
OG0010504	As012G271400	XP_010463386.1, XP_010501961.1, XP_010479655.1
OG0010505	As012G271570	XP_010515569.1, XP_010426723.1, XP_010503846.1
OG0010506	As012G271620	XP_010461934.1, XP_010479552.1, XP_010500666.1
OG0010507	As012G271800	XP_010461957.1, XP_019099477.1, XP_010479591.1
OG0010508	As012G271940	XP_010461924.1, XP_010479537.1, XP_010500647.1
OG0010509	As012G272110	XP_019099470.1, XP_010479512.1, XP_010461907.1
OG0010510	As012G272140	XP_010500615.1
OG0010511	As012G272270	XP_010479484.1, XP_010500593.1, XP_010461878.1
OG0010512	As012G272810	XP_010461793.1, XP_010479387.1, XP_010500497.1
OG0010513	As012G273160	XP_010479308.1, XP_010500420.1
OG0010514	As012G273250	XP_010479334.1, XP_010500446.1, XP_010461710.1
OG0010515	As012G273640	XP_010461678.1, XP_010500391.1
OG0010516	As012G273790	XP_010481018.1
OG0010517	As012G274010	XP_010500322.1, XP_010461615.1, XP_010479226.1
OG0010518	As012G274560, As012G274570	XP_010514124.1, XP_019099830.1
OG0010519	As012G274830	XP_019088172.1, XP_019089530.1, XP_019086595.1, XP_010434924.1, XP_019087417.1
OG0010520	As012G275260	XP_010516606.1, XP_010509737.1, XP_010504922.1
OG0010521	As012G275310	XP_010516599.1, XP_010509741.1, XP_010504915.1
OG0010522	As012G275550	XP_019100287.1, XP_010515647.1, XP_019085144.1
OG0010523	As012G275600	XP_010426801.1, XP_010515653.1, XP_010503921.1
OG0010524	As012G275620	XP_010515655.1, XP_010503922.1, XP_010426803.1
OG0010525	As012G275810	XP_010426836.1, XP_010503956.1, XP_010515678.1
OG0010526	As012G275830	XP_010515681.1, XP_010426837.1, XP_010503961.1
OG0010527	As012G275990	XP_010503988.1, XP_010426861.1
OG0010528	As012G276450	XP_010504039.1, XP_010515767.1, XP_010426919.1
OG0010529	As012G276460	XP_010504038.1, XP_010426920.1, XP_010515768.1
OG0010530	As012G276480	XP_010454282.1, XP_010493082.1, XP_010420812.1
OG0010531	As012G276520	XP_010504046.1, XP_010515773.1, XP_019084851.1
OG0010533	As012G276690	XP_010426945.1, XP_010515801.1, XP_010504071.1
OG0010534	As012G276700	XP_010515810.1, XP_010504080.1, XP_010426956.1
OG0010535	As012G277240	XP_010515844.1, XP_010504113.1, XP_010426999.1
OG0010536	As012G277300	XP_010515852.1, XP_019100310.1
OG0010537	As012G277980	XP_010427060.1, XP_010515907.1, XP_010504185.1
OG0010538	As012G278630	XP_010515625.1, XP_010426766.1, XP_010503897.1
OG0010539	As012G279860	XP_010504239.1, XP_010427133.1, XP_010515962.1
OG0010540	As012G280320	XP_010427173.1, XP_010504275.1, XP_010516001.1
OG0010541	As012G280550	XP_010516024.1, XP_010427203.1
OG0010542	As012G281310	XP_010516060.1, XP_010504342.1, XP_010427245.1
OG0010543	As012G281330	XP_010516063.1, XP_010427253.1
OG0010544	As012G281570	XP_010427286.1, XP_010504372.1, XP_010516085.1
OG0010545	As012G282160	XP_010427356.1, XP_010504429.1, XP_010516154.1
OG0010546	As012G283300	XP_010427538.1, XP_019102395.1, XP_010504597.1
OG0010547	As012G283310	XP_010427539.1, XP_010504599.1, XP_010516291.1
OG0010548	As012G283380	XP_010427545.1, XP_010504604.1, XP_019102396.1
OG0010549	As012G284820	XP_010427760.1, XP_010497757.2, XP_010516504.1, XP_010504811.1
OG0010550	As012G284830	XP_019100414.1
OG0010551	As012G285010	XP_010516527.1, XP_010427777.1, XP_010504828.1
OG0010552	As012G285130	XP_010512129.1, XP_010504876.1
OG0010553	As012G285560	XP_010515959.1, XP_010504237.1, XP_010427129.1
OG0010554	As012G285680	XP_010512241.1
OG0010555	As012G285750	XP_010413648.1, XP_010469275.1, XP_019101711.1
OG0010556	As012G286390	XP_010512370.1, XP_010413559.2, XP_010469183.1
OG0010557	As012G286710	XP_010512388.1, XP_010413540.1, XP_010469163.1
OG0010558	As012G287180	XP_010469043.1, XP_010512453.1
OG0010559	As012G287230, As012G287210	XP_010413446.1, XP_010512454.1, XP_010469045.1
OG0010560	As012G287350	XP_010413428.1, XP_010512466.1, XP_010473804.1
OG0010561	As012G287390	XP_010512473.1, XP_010469060.1, XP_010413425.1
OG0010562	As012G287500	XP_019092977.1, XP_010512499.1, XP_010413385.1
OG0010563	As012G287830	XP_010413342.1, XP_010469025.1, XP_010512555.1
OG0010564	As012G287880	XP_010413334.1, XP_019101738.1, XP_010469033.1, XP_019094026.1
OG0010565	As012G287890	XP_010512567.1, XP_010413333.1, XP_010469008.1
OG0010566	As012G287920	XP_019099164.1, XP_019092682.1, XP_010413328.1, XP_010469005.1, XP_010512572.1
OG0010567	As012G288380	XP_010468949.1
OG0010568	As012G288770	XP_010468906.1, XP_010512691.1, XP_010413218.1
OG0010569	As012G288920	XP_010460841.1, XP_010501660.1, XP_010480756.1, XP_010501671.1, XP_010463017.1, XP_010480775.1
OG0010570	As012G289050	XP_010512726.1, XP_010413186.1, XP_010468880.1
OG0010571	As012G289120	XP_010513800.1, XP_010413180.1, XP_010473748.1
OG0010660	As001G000090	XP_010448015.1, XP_010433249.1, XP_010438494.1
OG0010661	As001G000220	XP_010447996.1, XP_010433235.1, XP_010438478.1
OG0010662	As001G000530	XP_010447950.1, XP_010433197.1, XP_019087319.1
OG0010663	As001G001190	XP_010433104.1, XP_010438307.1, XP_010447863.1
OG0010664	As001G002270	XP_010438199.1, XP_010447746.1, XP_010433009.1
OG0010665	As001G002820	XP_010432951.1, XP_010447678.1, XP_010438137.1
OG0010666	As001G003090	XP_010496636.1, XP_010446321.1
OG0010667	As001G003290	XP_010447624.1, XP_010438087.1, XP_010432908.1
OG0010668	As001G003470	XP_010447595.1, XP_010432887.1, XP_010438061.1
OG0010669	As001G003760	XP_010447499.1, XP_010438033.1, XP_010432856.1
OG0010670	As001G004030	XP_019088880.1, XP_010437996.1
OG0010671	As001G004580	XP_010454730.1, XP_010437949.1, XP_010447435.1, XP_010432768.1
OG0010672	As001G005310	XP_010432691.1, XP_010437885.1, XP_010447366.1
OG0010673	As001G006390	XP_010437861.1, XP_010432671.1, XP_010447349.1
OG0010674	As001G006700	XP_010447270.2, XP_010444992.1
OG0010675	As001G006780	XP_010447295.1, XP_010437811.1, XP_010432621.1
OG0010676	As001G011020, As001G011010, As005G113230	XP_010493299.1, XP_010421013.1, XP_010454488.1
OG0010677	As001G012520	XP_010447178.1, XP_010432500.1, XP_010437704.1
OG0010678	As006G146350, As001G012560	XP_019100481.1, XP_010517026.1, XP_010509319.1
OG0010679	As001G013490, As011G262690	XP_010437656.1, XP_010447122.1, XP_010432450.1
OG0010680	As001G013650	XP_010447153.1, XP_010437673.1, XP_010432472.1
OG0010681	As001G013830	XP_010432418.1, XP_010437622.1, XP_010447085.1
OG0010683	As001G014640	XP_010437550.1, XP_010447020.1, XP_010432366.1
OG0010684	As001G015020	XP_010432315.1, XP_010437508.1, XP_010446965.1
OG0010685	As001G015060	XP_010453482.1, XP_010419985.1, XP_010492160.1
OG0010686	As001G016230	XP_010478589.1, XP_010499715.1, XP_010460993.1, XP_010463056.1
OG0010687	As001G016540	XP_010461026.1, XP_010499751.1, XP_010478624.1
OG0010688	As001G017250	XP_010440052.1, XP_010434718.1, XP_010449667.1
OG0010689	As004G079940, As001G017320	XP_010434726.1, XP_010449671.1, XP_010440063.1
OG0010690	As001G017360	XP_010449683.1, XP_010434729.1, XP_010440067.1
OG0010691	As001G017850, As004G083050	XP_010449755.1, XP_010440128.1, XP_010445344.1, XP_010434801.1
OG0010692	As001G017900	XP_010449769.1, XP_010440140.1, XP_010434808.1
OG0010694	As001G018040	XP_010434818.1, XP_010440151.1, XP_019089133.1
OG0010695	As001G018110	XP_010434831.1, XP_010449793.1, XP_010440163.1
OG0010696	As001G018170	XP_010440167.1, XP_010434836.1
OG0010697	As001G018900	XP_010480224.1, XP_010414966.1, XP_010511254.1
OG0010698	As001G018920	XP_010516258.1, XP_010427479.1, XP_010504560.1, XP_019085599.1
OG0010699	As001G018960	XP_010511264.1, XP_010414976.1, XP_010480235.1
OG0010700	As001G019180	XP_010480283.1, XP_010415019.1, XP_010511312.1
OG0010701	As001G019260	XP_010480294.1, XP_010415032.1
OG0010702	As001G019560	XP_010511382.1, XP_010414780.1, XP_010470292.1
OG0010703	As001G019620	XP_010414763.1, XP_010511097.2, XP_019093271.1
OG0010704	As001G019860	XP_010414735.1
OG0010704	As001G019820	XP_010470261.1, XP_010511079.1
OG0010705	As001G020210	XP_010414660.1, XP_010511031.1, XP_010470203.1
OG0010706	As001G020300	XP_010511020.1, XP_010414684.1, XP_010470213.1
OG0010707	As001G020370	XP_010470180.1, XP_010414639.1, XP_010510999.1
OG0010708	As001G020400	XP_010470171.1, XP_010414626.1, XP_010510990.1
OG0010709	As001G020430	XP_010510985.1, XP_010470167.1, XP_010414620.1
OG0010710	As001G020490	XP_010414613.1, XP_019093254.1, XP_010500527.1, XP_010510982.1
OG0010711	As001G020580	XP_010473203.1, XP_010417957.1, XP_010510971.1
OG0010712	As001G020590	XP_010417958.1, XP_010473204.1, XP_010510962.1
OG0010713	As001G020630	XP_019100689.1, XP_010417962.1, XP_010510960.1
OG0010714	As001G020740	XP_010510953.1, XP_010473218.1, XP_010417970.1, XP_010419424.1
OG0010716	As001G021130	XP_010510926.1, XP_010473247.1, XP_010418011.1
OG0010717	As001G021410	XP_010430094.1, XP_010418054.1, XP_010473306.1
OG0010718	As001G021580	XP_010418093.1, XP_010430128.1, XP_010473329.1
OG0010719	As001G021820	XP_010418135.1, XP_010473380.1, XP_010430182.1
OG0010720	As001G021910	XP_010430194.1, XP_010418147.1, XP_010473394.1
OG0010721	As001G022020	XP_010418167.1, XP_010473411.1, XP_010430217.1
OG0010722	As001G022270	XP_010424846.1, XP_010506873.1, XP_019102116.1
OG0010723	As001G022910	XP_010424951.1, XP_010513907.1
OG0010724	As001G023350	XP_010424997.1, XP_010502229.1
OG0010725	As001G023480	XP_010514011.1, XP_010514015.1, XP_010502253.1, XP_010425018.1
OG0010726	As001G023530	XP_010502262.1, XP_010514020.1, XP_010425027.1
OG0010727	As001G023590	XP_010502270.1, XP_019102138.1, XP_010425036.1
OG0010728	As001G023640	XP_010502284.1, XP_010425047.1, XP_010514045.1
OG0010729	As001G023710	XP_010425054.1, XP_010479012.2, XP_019102147.1, XP_010502292.1
OG0010730	As001G024040	XP_019102163.1, XP_010502352.1, XP_010425124.1
OG0010731	As001G024680	XP_019085953.1, XP_010502456.1
OG0010732	As008G184050, As001G024940	XP_010458790.1, XP_010476336.1, XP_010495281.1
OG0010733	As001G025050	XP_010502492.1, XP_019102180.1, XP_010425266.1
OG0010734	As001G025130, As008G184140	XP_010458765.1, XP_010495063.1, XP_010476310.1
OG0010735	As001G025150	XP_010514256.1, XP_010502520.1, XP_010425285.1
OG0010736	As001G025240	XP_010425292.1, XP_010502530.1, XP_010514265.1
OG0010737	As001G025290	XP_010502549.1, XP_010425343.1, XP_010514288.1
OG0010738	As001G026530	XP_010514465.1, XP_010425535.1, XP_019100107.1
OG0010739	As001G026580	XP_010502769.1, XP_010425542.1, XP_010514476.1
OG0010740	As001G026860	XP_010514516.1, XP_019100112.1, XP_010425584.1
OG0010741	As001G026960	XP_010514535.1, XP_010502828.1, XP_010425611.1
OG0010742	As001G027990	XP_010425766.1, XP_010502988.1, XP_010514669.1
OG0010743	As001G028710	XP_010511499.1, XP_010470545.1, XP_010496728.1
OG0010744	As001G029450	XP_010511441.1, XP_010415082.1, XP_010470417.1
OG0010745	As001G029820	XP_010470331.1, XP_010511147.1, XP_010414873.1
OG0010746	As001G029890, As006G137450	XP_010413233.1, XP_010463898.1, XP_010485795.1
OG0010747	As004G076740	XP_010435378.1, XP_010450322.1, XP_010440675.1
OG0010748	As001G030180	XP_010430620.1, XP_010496632.1
OG0010749	As001G030200	XP_019098267.1, XP_010430618.2
OG0010751	As001G030540	XP_010418507.1, XP_010473706.1
OG0010752	As001G030550	XP_010430575.1, XP_010418506.1, XP_010473705.1
OG0010753	As001G030630	XP_010473697.1, XP_010430562.1, XP_010418497.1
OG0010754	As004G098100, As001G030760	XP_010418471.1, XP_010473671.1, XP_010430536.1, XP_010467149.1
OG0010755	As001G031000	XP_010418431.1, XP_010473638.1, XP_010430508.1
OG0010756	As001G031170, As004G097930	XP_010473619.1, XP_010430475.1, XP_010418405.1
OG0010757	As001G031830	XP_010418286.1, XP_010473515.1
OG0010758	As002G032440	XP_010499078.1, XP_010486973.1, XP_010465020.1
OG0010759	As002G032850	XP_010438789.1, XP_010433537.1, XP_010448309.1
OG0010760	As002G033120, As002G032940	XP_010517612.1, XP_010508741.1, XP_010505891.1
OG0010761	As002G033420	XP_010505852.1, XP_019082302.1, XP_010508786.1
OG0010762	As002G033450	XP_010508782.1
OG0010763	As002G033840	XP_010505811.1, XP_010508829.1, XP_010517502.1
OG0010764	As002G033890	XP_010464533.1, XP_010486455.1, XP_010468254.1
OG0010765	As002G033970	XP_010486468.1, XP_010469013.1, XP_010464547.1
OG0010766	As006G148740, As002G034280	XP_010472769.1, XP_010464590.1, XP_010472964.1, XP_010486513.1
OG0010767	As002G035340	XP_019101004.1, XP_010486609.1, XP_010464682.1
OG0010768	As002G035440	XP_010464687.1, XP_019097012.1, XP_010481441.1
OG0010769	As002G035450	XP_010464690.1, XP_010486619.1, XP_010481650.1
OG0010771	As002G036380	XP_010491987.1, XP_010486701.1, XP_010464765.1
OG0010772	As002G036410	XP_010418416.1, XP_010473626.1, XP_010430490.1
OG0010773	As002G036640	XP_010486748.1, XP_019101166.1, XP_010464801.1
OG0010774	As002G037340	XP_010447274.1, XP_010437793.1, XP_010451066.1
OG0010775	As002G037350	XP_010496655.1, XP_010464862.1, XP_010486814.1
OG0010776	As002G037920	XP_010464926.1, XP_010486862.1, XP_019099756.1
OG0010777	As002G038520	XP_010486898.1, XP_010498506.1, XP_010464958.1
OG0010778	As002G038600	XP_010486912.1, XP_010498701.1, XP_010464970.1
OG0010779	As002G038780	XP_010464971.1, XP_010498718.1, XP_010486914.1
OG0010780	As002G038940	XP_010465007.1, XP_010498962.1, XP_010486938.1
OG0010781	As002G038960	XP_010498973.1, XP_010486940.1, XP_019092760.1
OG0010782	As002G039490	XP_019084008.1, XP_019090303.1, XP_019090200.1
OG0010783	As002G040450, As002G040440, As002G040460, As002G040070	XP_010429290.1, XP_010472336.1, XP_010417093.1
OG0010784	As002G040150	XP_019090701.1, XP_010442458.1, XP_010482280.1
OG0010785	As002G040590	XP_010441256.1, XP_010482285.1, XP_010442464.1
OG0010786	As002G042010	XP_010442527.1, XP_010482353.1, XP_010442083.1
OG0010787	As002G042070	XP_010442516.1, XP_010442003.1
OG0010788	As002G042190	XP_010442519.1, XP_010482348.1, XP_010442023.1
OG0010789	As002G042250	XP_010442529.1, XP_010442105.1, XP_010482355.1
OG0010790	As002G042460	XP_010442558.1, XP_010482379.2, XP_010442329.1
OG0010791	As002G042790	XP_010442581.1, XP_010442907.1, XP_010482427.1
OG0010792	As002G043190	XP_010442602.1, XP_010482450.1, XP_010426297.1
OG0010793	As002G043370	XP_010482475.1, XP_010443138.1, XP_019088644.1
OG0010794	As002G043430	XP_010442656.1, XP_010443385.1
OG0010795	As002G043570	XP_010482502.1, XP_010443520.1, XP_010442669.1
OG0010796	As002G043770	XP_010443963.1, XP_010482527.1, XP_010442691.1
OG0010797	As002G044070	XP_010444615.1, XP_010442745.1, XP_010482575.1
OG0010798	As002G044730	XP_010442888.1, XP_010482720.1, XP_010445693.1
OG0010799	As002G044860	XP_010475890.1, XP_010458370.1, XP_010501404.1
OG0010800	As002G045210	XP_010482739.1, XP_010445817.1, XP_010442909.1
OG0010801	As002G045390	XP_010445982.1, XP_010482774.1, XP_010442940.1
OG0010802	As002G045420, As002G045880	XP_010482826.1, XP_010446556.1, XP_010442993.1
OG0010803	As002G045570	XP_010482800.1, XP_019087647.1, XP_010474274.1
OG0010804	As002G045800	XP_010446091.2, XP_010482783.1, XP_019091492.1
OG0010805	As002G046450	XP_010443047.1, XP_010482877.1
OG0010806	As002G046550	XP_010433404.1, XP_010438657.1, XP_010448175.1
OG0010807	As002G046710, As006G132690	XP_010448878.1, XP_010443083.1, XP_010482910.1
OG0010808	As002G047310	XP_010449756.1, XP_010483000.1, XP_010483004.1, XP_010443191.1
OG0010809	As002G047530	XP_010443217.1, XP_010483044.1, XP_010450135.1
OG0010810	As002G047710	XP_010483064.1, XP_010443236.1, XP_010450475.1
OG0010811	As002G047970	XP_010443270.1, XP_010450814.1, XP_010485162.1
OG0010812	As002G048730	XP_010483199.1, XP_010443371.1, XP_010451765.1
OG0010813	As002G048880	XP_010443393.1, XP_010451857.1, XP_010483219.2
OG0010815	As002G049260	XP_010452517.1, XP_010483288.1
OG0010816	As002G049510	XP_010452821.1, XP_010483330.1
OG0010817	As002G049800	XP_010483361.1, XP_010453065.1, XP_010483363.1, XP_010443513.1, XP_010506836.1
OG0010818	As002G050520	XP_010419879.1, XP_010492060.1
OG0010819	As002G050850	XP_010492005.1, XP_010419833.1, XP_010453321.1
OG0010821	As002G051400	XP_010424065.1, XP_010495160.1
OG0010822	As002G051520	XP_010419752.1, XP_010453219.1, XP_010491914.1
OG0010823	As002G051620	XP_010453209.1, XP_010419741.1, XP_010491904.1
OG0010824	As002G051660	XP_010419734.1
OG0010825	As002G051730	XP_010456493.2, XP_010419728.1, XP_010491888.1
OG0010826	As002G052080	XP_010419669.1, XP_010491811.1
OG0010827	As002G052110	XP_010491808.1, XP_010419667.1, XP_010453152.1
OG0010828	As002G052210	XP_010453134.1, XP_010491790.1, XP_010419653.1
OG0010829	As002G052260	XP_010456476.1, XP_010456477.2, XP_010491785.1, XP_010419648.1
OG0010830	As002G052480	XP_010491740.1, XP_010453099.1
OG0010831	As002G052730	XP_010484344.1, XP_010444511.1, XP_010462961.1
OG0010832	As002G052740	XP_010453081.1, XP_010491725.1, XP_010422834.1
OG0010833	As002G053220	XP_010491662.1, XP_010422896.1, XP_010453029.1
OG0010834	As002G053230	XP_010453028.1, XP_010491661.1, XP_010422895.1
OG0010835	As002G053560	XP_019084628.1, XP_019090312.1, XP_010491614.1
OG0010836	As002G053680	XP_010491598.1, XP_010422969.1, XP_010452950.1
OG0010837	As005G117180, As002G053860	XP_010484190.1
OG0010838	As002G054390	XP_010491480.1, XP_010452833.1, XP_010423093.1
OG0010839	As002G055210	XP_010507805.1, XP_010497019.1
OG0010840	As002G055350	XP_010491345.1, XP_010452698.1, XP_019084472.1
OG0010841	As003G055640	XP_010449647.1, XP_010440035.1, XP_010434698.1
OG0010842	As003G056100	XP_010434623.1, XP_010439948.1, XP_019089758.1
OG0010843	As003G056380	XP_010439917.1, XP_019089415.1, XP_010434593.1
OG0010844	As003G056780	XP_010439858.1, XP_010517538.1, XP_010434540.1
OG0010845	As003G056990	XP_010439841.1, XP_010496237.1, XP_010434521.1
OG0010846	As003G057040	XP_010496243.1, XP_010434516.1, XP_010439838.1
OG0010847	As003G057110	XP_010439829.1, XP_010449488.1, XP_010434507.1
OG0010848	As003G057370	XP_010449444.1, XP_010439789.1, XP_010434478.1
OG0010849	As003G057530	XP_010434463.1, XP_010439767.1, XP_010449401.1
OG0010850	As003G057710	XP_010439729.1, XP_010449367.1, XP_010434430.1
OG0010851	As003G057870	XP_010439687.1, XP_010449336.1
OG0010853	As003G058740	XP_010451333.1, XP_010434274.1
OG0010854	As003G058810	XP_010434266.1, XP_010439561.1
OG0010856	As003G059560	XP_010449052.1, XP_010436458.1, XP_010439467.1
OG0010857	As003G059600	XP_010449036.1, XP_010434159.1, XP_010439455.1
OG0010858	As003G059750	XP_010439436.1, XP_010434137.1
OG0010860	As003G061600	XP_010448681.1, XP_010439157.1, XP_010433887.1
OG0010861	As003G062170	XP_010439091.1, XP_010433818.1, XP_010448614.1
OG0010862	As004G083570, As003G062720	XP_010461163.1, XP_010499875.1, XP_010478756.1
OG0010863	As003G062830	XP_019094729.1, XP_019090846.1, XP_019097394.1
OG0010864	As003G062870	XP_010499910.1, XP_010461194.1, XP_010478788.1
OG0010865	As003G062970, As004G083300	XP_010478808.1, XP_010499918.1, XP_010461199.1
OG0010866	As003G063530, As004G080460	XP_010500009.1, XP_010461284.1, XP_010478919.1
OG0010867	As003G063580	XP_010461290.1, XP_010500013.1, XP_010496598.1
OG0010868	As003G064400	XP_010463176.1, XP_010500578.1, XP_010500581.1, XP_010461873.1, XP_010479480.1
OG0010869	As003G064560	XP_010479048.1, XP_010500143.1
OG0010870	As003G064720	XP_010461426.1, XP_010500120.1, XP_010479024.1
OG0010871	As003G064840	XP_010461412.1, XP_010479017.1, XP_010500114.1
OG0010872	As003G065810	XP_019098405.1, XP_010461527.1, XP_010479130.1, XP_010500254.1
OG0010873	As003G068400	XP_010478162.1, XP_019099242.1
OG0010874	As003G068750	XP_010460603.1, XP_010499334.1, XP_010478193.1
OG0010875	As003G069110	XP_019099249.1, XP_010460643.2, XP_010478220.1
OG0010876	As003G069140	XP_010478225.1, XP_010499378.1, XP_019091370.1
OG0010877	As003G069210	XP_010499392.1, XP_010478233.1, XP_019091795.1
OG0010878	As003G069460	XP_010499422.1, XP_010460673.1, XP_010478260.1
OG0010879	As003G070740	XP_010478402.1, XP_010499545.1, XP_010460809.1
OG0010880	As003G071080	XP_010499582.1, XP_010460845.1, XP_010478461.1
OG0010881	As003G071200	XP_010499600.1, XP_010460866.1
OG0010882	As003G071330	XP_010499623.1, XP_010460882.1, XP_010478509.1
OG0010883	As003G071600	XP_010499646.1, XP_010460908.1, XP_010478533.1
OG0010884	As011G264650, As003G071970	XP_010437442.1, XP_010446898.1, XP_019086501.1
OG0010885	As003G072360	XP_010446832.1, XP_019088265.1
OG0010886	As003G072540	XP_010432182.1, XP_010446807.1, XP_010437358.1
OG0010887	As003G072700, As011G265440	XP_010467642.1, XP_010414142.1, XP_010489533.1
OG0010888	As003G072860	XP_010432152.1
OG0010889	As003G072910	XP_010437312.1, XP_010432142.1, XP_010446751.1
OG0010890	As003G073690	XP_010444927.1, XP_010437230.1, XP_010432061.1, XP_010446660.1
OG0010891	As003G073800	XP_010437220.1, XP_010446651.1, XP_010432052.1
OG0010892	As003G074290	XP_010432014.1, XP_010437165.1, XP_010446609.1
OG0010893	As007G180360, As003G074730	XP_010431977.1, XP_010431978.1, XP_019089333.1
OG0010894	As003G074910	XP_010431960.1, XP_010446540.1, XP_010437102.1
OG0010895	As003G075510	XP_010437053.1, XP_010431902.1, XP_010446474.2, XP_010446475.2
OG0010896	As003G075800	XP_010446431.1, XP_010450992.1, XP_010431860.1
OG0010897	As003G076190	XP_010436962.1, XP_010446373.1, XP_010431805.1
OG0010898	As003G076240	XP_010446365.1, XP_010436952.1, XP_010431798.1
OG0010900	As007G182150, As003G076320	XP_010472074.1, XP_010416838.1, XP_010428990.1
OG0010901	As003G076400	XP_010431759.1, XP_010436924.1, XP_010446335.1
OG0010902	As003G076460	XP_010446340.1, XP_010436930.1
OG0010903	As003G076530	XP_010431778.1, XP_010436938.1, XP_010446349.1
OG0010904	As003G076540	XP_010436940.1, XP_010436941.1, XP_010446351.1, XP_010431780.1
OG0010905	As003G076610	XP_010436906.1, XP_019098271.1
OG0010906	As004G076860	XP_010450432.1, XP_010435496.1
OG0010907	As004G076980	XP_010440793.1, XP_010435508.1, XP_010450448.1
OG0010908	As004G077160	XP_010435562.1, XP_010440841.1, XP_010450487.1
OG0010909	As004G077190	XP_010488302.1, XP_019092845.1
OG0010910	As004G077400	XP_010450541.1, XP_010435689.1, XP_010440889.1
OG0010911	As004G077890	XP_010450883.1, XP_010435779.1, XP_010440989.1
OG0010912	As004G077930	XP_010450873.1, XP_010440983.1
OG0010913	As004G078020	XP_010435799.1, XP_010441019.1, XP_010450855.1
OG0010914	As004G078120	XP_010441033.1, XP_010435809.1, XP_010450841.1
OG0010915	As004G078460	XP_010435867.1, XP_019089242.1, XP_010441080.1
OG0010916	As004G078730	XP_010504990.2, XP_010509679.1, XP_010516668.1, XP_019101941.1
OG0010917	As004G078780	XP_010509672.1, XP_010504999.1, XP_010516673.1
OG0010918	As004G079680	XP_010516704.1, XP_010505032.1, XP_010509633.1
OG0010919	As004G079750	XP_010461107.1, XP_010499831.1, XP_010480839.1
OG0010920	As004G080150	XP_010438299.1, XP_010455350.1, XP_010421857.1
OG0010921	As004G080170	XP_010511421.1, XP_010496202.1, XP_010415069.1
OG0010922	As004G080640	XP_010421772.1, XP_010455279.1, XP_010435742.1
OG0010923	As004G080780	XP_010496537.1, XP_010455243.1, XP_010438555.1, XP_010496550.1
OG0010924	As004G080900	XP_010436518.1, XP_010455261.1
OG0010925	As004G081090	XP_010509776.1, XP_010413760.1, XP_010469378.1
OG0010926	As004G081220	XP_010413778.1, XP_010509794.1, XP_010469398.1
OG0010927	As004G081390	XP_010413799.1, XP_010469416.1, XP_010509821.1
OG0010928	As004G081450	XP_010469424.1, XP_010413806.1, XP_010509829.1
OG0010929	As004G081820	XP_010442040.1, XP_010481874.1, XP_010494310.1
OG0010930	As004G082330	XP_019097252.1, XP_010495622.1, XP_019097471.1, XP_010442119.1, XP_010481944.1
OG0010931	As004G082400	XP_010481959.1, XP_010442129.1, XP_010494214.1
OG0010933	As004G082450	XP_010494205.1, XP_019087169.1
OG0010934	As004G082610	XP_010442170.1, XP_010481986.1, XP_010494184.1
OG0010935	As004G083440	XP_010437480.1, XP_010421931.1, XP_010455413.1
OG0010936	As004G083960	XP_010436760.1, XP_010455470.1, XP_010422002.1
OG0010937	As004G084430	XP_010455533.1, XP_010455534.1, XP_010422075.1, XP_010435116.1
OG0010938	As004G084860	XP_010422153.1, XP_010424551.1, XP_010455614.1
OG0010939	As004G085630	XP_010496178.1, XP_010422267.1, XP_010432866.1
OG0010940	As004G085910	XP_010455794.1, XP_010422321.1, XP_010432100.1
OG0010941	As004G085960	XP_010455809.1, XP_019089346.1
OG0010942	As004G086000	XP_010431984.1, XP_010422340.1, XP_010455818.1
OG0010943	As004G086050	XP_019084345.1, XP_019090162.1, XP_010431921.1
OG0010944	As004G086720	XP_010481686.1, XP_010441879.1, XP_019098010.1, XP_019097699.1
OG0010945	As004G087070	XP_010415408.1, XP_010511774.1
OG0010946	As004G088020	XP_010481563.1, XP_019097578.1, XP_019087558.1
OG0010947	As004G088180	XP_010494690.1, XP_010481538.1, XP_010441676.1
OG0010948	As004G088250	XP_010494729.1, XP_010481530.1
OG0010949	As004G088940	XP_010481454.1, XP_010494824.1, XP_010441582.1
OG0010950	As004G089130	XP_010494850.1, XP_010441558.1, XP_010481425.1
OG0010951	As004G089710	XP_010494929.1, XP_010481368.1, XP_010441503.1
OG0010952	As004G090540	XP_010495017.1, XP_010441405.1, XP_019095852.1
OG0010953	As004G091130	XP_010495816.1, XP_010481334.1, XP_010441468.1
OG0010954	As004G091520, As009G211660	XP_010466995.1, XP_010514497.1, XP_010488690.1
OG0010955	As004G091830	XP_010466991.1, XP_010488677.1, XP_010514429.1
OG0010956	As004G092560	XP_010435474.1, XP_010450426.1, XP_010440772.1
OG0010957	As004G092690, As011G258260	XP_010514327.1, XP_010488665.1, XP_010466979.1
OG0010958	As004G092860	XP_010496360.1
OG0010959	As004G092940	XP_010517340.1, XP_010508972.1, XP_010505665.1
OG0010960	As004G094080	XP_010435269.1, XP_010440582.1, XP_010450211.1, XP_019095755.1
OG0010961	As004G094860	XP_019098110.1, XP_010435220.1, XP_010450155.1
OG0010962	As004G094880	XP_010435216.1, XP_010495843.1
OG0010963	As004G094920, As004G094930	XP_010450143.1, XP_010450122.1
OG0010964	As004G095060	XP_010435205.1, XP_010450134.1, XP_010450117.1
OG0010965	As004G095260	XP_010510287.1, XP_010414216.1, XP_010469796.1
OG0010966	As004G095770	XP_010440419.1, XP_010435098.1, XP_010450018.1
OG0010967	As004G096550	XP_010440304.1, XP_010434338.1, XP_010434979.1
OG0010968	As004G096810	XP_010450748.1, XP_010441114.1, XP_010435963.1, XP_010441113.1
OG0010969	As004G096830	XP_010435960.1, XP_010496515.1, XP_010450743.1
OG0010970	As004G096880	XP_010486822.1, XP_010497053.1, XP_010464870.1
OG0010971	As004G096940	XP_010467023.1, XP_010518606.1, XP_019096674.1
OG0010972	As004G096950	XP_010488712.1, XP_010518613.1, XP_010467025.1
OG0010973	As004G096960	XP_010436826.1, XP_010435941.1, XP_010450724.1
OG0010974	As004G097260	XP_010435899.1, XP_010441181.1
OG0010975	As004G097320	XP_019087517.1, XP_010451771.1, XP_010435974.1
OG0010976	As004G097430	XP_010450644.1, XP_010441207.1, XP_010435988.1
OG0010977	As004G097500	XP_010436002.1, XP_010441222.1, XP_010450635.1
OG0010978	As004G098180	XP_010436125.1, XP_010441347.1, XP_010447911.1
OG0010979	As004G098450	XP_010447071.1, XP_010441389.1, XP_010436168.1
OG0010980	As005G098830	XP_010506829.2, XP_010507837.1, XP_010518506.2
OG0010981	As005G098990	XP_019082452.1, XP_010506823.1, XP_010507844.1
OG0010982	As005G099000	XP_010506819.1, XP_010518498.1, XP_010507851.1
OG0010983	As005G099450	XP_010507887.1, XP_010518447.1
OG0010984	As005G099520	XP_010507894.1, XP_010506775.1, XP_010518437.1
OG0010985	As005G099610	XP_010507907.1, XP_010506764.1, XP_010518424.1
OG0010986	As005G099770	XP_010518411.1, XP_010507920.1, XP_010506746.1
OG0010987	As005G100290	XP_010507981.1, XP_010506689.1, XP_019082430.1
OG0010988	As005G100940	XP_010506613.1, XP_010518278.1, XP_010508060.1
OG0010989	As005G101350	XP_010508117.1, XP_010506527.1
OG0010990	As005G101420	XP_010508132.1, XP_010506542.1, XP_010518186.1
OG0010991	As005G101430	XP_010518185.1, XP_010506544.1, XP_010508133.1
OG0010992	As005G101860	XP_010506466.1, XP_010508195.1, XP_010518143.1
OG0010993	As005G102100	XP_010518112.1, XP_010508219.1, XP_010506440.1
OG0010994	As005G102550	XP_010506394.1, XP_010508270.1, XP_010518069.1
OG0010995	As005G102560	XP_010518068.1, XP_010506393.1, XP_010508271.1
OG0010996	As005G102630	XP_010508283.1, XP_010506381.2, XP_010518055.1
OG0010997	As005G102820	XP_010506366.1, XP_010518039.1, XP_010508297.1
OG0010998	As005G103970	XP_019100982.1
OG0010999	As005G104380	XP_010511842.1, XP_010415466.1
OG0011000	As005G104430	XP_010517845.1, XP_010506140.1, XP_010508504.1
OG0011001	As005G104550	XP_010517825.2, XP_010508523.1
OG0011002	As005G104730	XP_010506098.1, XP_010517801.1, XP_010508545.1
OG0011003	As005G105280	XP_010506045.1, XP_010517748.1, XP_010508591.1
OG0011005	As005G105680	XP_010413006.1, XP_019101222.1, XP_010508662.1, XP_010505980.1, XP_019100723.1
OG0011006	As005G105800	XP_010517663.2, XP_010505955.1, XP_010517662.1, XP_010508689.1
OG0011007	As005G105810	XP_010505953.1
OG0011008	As005G105960	XP_010517651.1, XP_010508698.1, XP_010505941.1
OG0011009	As005G106000	XP_010505937.1, XP_010508702.1
OG0011010	As005G106200	XP_010423990.1, XP_010490510.1, XP_010451938.1
OG0011011	As005G106310	XP_010490518.1, XP_010451944.1, XP_010423986.1
OG0011012	As005G106320	XP_010451946.1, XP_010423984.1, XP_010490517.1
OG0011013	As005G106380	XP_010423975.1, XP_010451960.1, XP_010490534.1
OG0011014	As005G106400	XP_010423974.1, XP_010451953.1, XP_010490531.1
OG0011015	As005G106440	XP_010451971.1, XP_010423969.1, XP_010490537.1
OG0011016	As005G106710	XP_019089231.1, XP_010422461.1, XP_010455888.1
OG0011017	As005G107310	XP_019090311.1, XP_019097661.1, XP_019084642.1
OG0011018	As005G107570	XP_010452097.1, XP_010490713.1, XP_019084578.1
OG0011019	As005G107670	XP_019084717.1, XP_010490722.1, XP_010452106.1
OG0011020	As005G107700	XP_010490730.1, XP_010423837.1, XP_010452113.1
OG0011021	As005G107850	XP_010490754.1, XP_010452148.1, XP_010423809.1
OG0011022	As005G108190	XP_010452204.1, XP_010423737.1, XP_010490802.1
OG0011023	As005G108280	XP_010426038.1, XP_010503223.1, XP_010514934.1
OG0011024	As005G108930	XP_010463187.1, XP_010490890.1, XP_010423646.1
OG0011026	As005G109690	XP_010421493.1, XP_010454971.1, XP_010493882.1
OG0011027	As012G277170	XP_010493124.1
OG0011028	As005G111930, As005G120870	XP_010484699.1, XP_010466321.1, XP_010466313.1, XP_010444858.1, XP_010444857.1
OG0011029	As005G111950	XP_010493163.1, XP_010454362.1, XP_010420900.1
OG0011030	As005G112240	XP_010454381.1, XP_010420922.1, XP_010493184.1
OG0011031	As005G112410	XP_010493209.1, XP_010424206.2
OG0011032	As005G112630	XP_010420961.1, XP_010454435.1, XP_019097395.1
OG0011033	As005G113010, As005G113050, As005G113060	XP_010496784.1, XP_010420985.1, XP_010454457.1
OG0011034	As005G113070	XP_010420990.1, XP_019097922.1, XP_010454462.1
OG0011035	As005G113440	XP_010454514.1, XP_010493337.1
OG0011036	As005G113450	XP_010493339.1, XP_010454516.1, XP_010421041.1
OG0011037	As005G114090	XP_010443866.1, XP_010483714.1, XP_010456638.1
OG0011038	As005G114120	XP_019088355.1, XP_019088070.1, XP_019088198.1
OG0011039	As005G114230	XP_010446221.1, XP_010483697.1, XP_010456492.1
OG0011041	As005G115080	XP_010483552.1, XP_010454891.1, XP_010443686.1
OG0011042	As005G115600	XP_010443705.1, XP_010483578.1, XP_010455049.1
OG0011043	As005G115880	XP_010483507.1, XP_010454543.1, XP_010443643.1
OG0011044	As005G116560	XP_010484117.1, XP_010460818.1, XP_010444235.1, XP_010444275.1
OG0011045	As005G116810	XP_010444309.1, XP_010484149.1, XP_010461097.1
OG0011046	As005G117120	XP_010444344.1, XP_010461448.1, XP_010484186.2
OG0011047	As005G117130	XP_010484187.1, XP_019094084.1, XP_010444345.1
OG0011048	As005G117220	XP_010484194.1, XP_010461545.1, XP_010444356.1
OG0011049	As005G117620	XP_010484248.1, XP_010444400.1, XP_010462924.1
OG0011050	As010G220920, As005G119800	XP_010426601.1, XP_010515431.1, XP_019098720.1
OG0011051	As005G119940	XP_010444744.1, XP_010484595.1, XP_010464975.1
OG0011052	As005G119950	XP_010444746.1, XP_010464997.1, XP_010484596.1
OG0011053	As005G120280	XP_010465384.1, XP_010484635.1, XP_010444788.1
OG0011054	As005G120610	XP_010484673.1, XP_010465810.1, XP_010444825.1
OG0011055	As005G120790	XP_010484690.1, XP_010466009.1
OG0011056	As005G120920	XP_010466407.1
OG0011057	As006G121390	XP_010419602.1, XP_010456264.1, XP_010427206.1
OG0011058	As006G121400	XP_010419601.1, XP_010427140.1, XP_010456270.1
OG0011059	As006G121590	XP_010419572.1, XP_010456293.1, XP_010426936.1
OG0011060	As006G121680	XP_010426808.1, XP_010419562.1, XP_010457028.2
OG0011061	As006G122180	XP_010422741.1, XP_010456181.1, XP_010428059.1
OG0011062	As006G122390	XP_010428341.1, XP_010422717.1, XP_019089937.1
OG0011063	As006G122450	XP_010422709.1, XP_010456146.1, XP_010428500.1
OG0011064	As006G122460	XP_010428522.1, XP_010422707.1, XP_010456144.1
OG0011065	As006G122490	XP_010422704.1, XP_010428553.1, XP_010456140.1
OG0011066	As006G122560	XP_010422699.1, XP_010428626.1, XP_010456133.1
OG0011067	As006G122590	XP_010456129.1, XP_010422694.1, XP_010428671.1
OG0011068	As006G122680	XP_010422681.1, XP_010428858.1
OG0011069	As006G122750	XP_010428741.1, XP_010422687.1, XP_010456986.1, XP_010424676.1
OG0011070	As006G122860	XP_010429065.1, XP_010422649.1, XP_010456092.1
OG0011071	As006G123040	XP_010456065.1, XP_010429375.1, XP_010422621.1
OG0011072	As006G123220, As008G197650	XP_010456030.1, XP_010456032.1, XP_010429661.1, XP_010422592.1
OG0011073	As006G123260	XP_010456027.1, XP_010422584.1, XP_019088942.1
OG0011074	As006G123340	XP_010429824.1, XP_010422576.1, XP_010456970.1
OG0011075	As006G123630	XP_010430421.1, XP_010422529.1, XP_010455930.1
OG0011076	As006G123670	XP_010430368.1, XP_010422535.1, XP_010455923.1
OG0011077	As006G124140	XP_019084145.1, XP_010431047.1
OG0011078	As006G124730	XP_010481809.1, XP_010441972.1, XP_010494373.1
OG0011079	As006G125630	XP_010509936.1, XP_010469521.1, XP_010413920.1
OG0011080	As006G125890	XP_010438089.1, XP_010447626.1, XP_010451102.1, XP_010432912.1
OG0011081	As006G125910	XP_010413942.1, XP_010469542.1, XP_010509960.1
OG0011082	As006G126030	XP_010413926.1, XP_010509947.1, XP_010469531.1
OG0011083	As006G126040	XP_010509945.1, XP_010469527.1, XP_010413925.1
OG0011084	As006G126390	XP_010414032.1, XP_010510098.1, XP_010469629.1
OG0011085	As006G127470	XP_010469750.1, XP_010414169.1, XP_010510227.1
OG0011086	As006G127690	XP_010469779.1, XP_010414194.1, XP_010510265.1
OG0011087	As006G128020	XP_010414256.1, XP_010469844.1, XP_010510343.1
OG0011088	As006G128620	XP_010473971.1, XP_010510463.1, XP_010414340.1
OG0011089	As006G128770	XP_010469940.1, XP_010414373.1, XP_010510477.1
OG0011090	As006G128890	XP_010469956.1, XP_010414387.1, XP_010510493.1
OG0011091	As006G129310	XP_010414466.1, XP_010510565.1, XP_010470028.1
OG0011092	As006G129650	XP_010470063.1, XP_010414501.1, XP_010510608.1
OG0011093	As006G129920	XP_010510640.1, XP_010414548.1
OG0011094	As006G129970	XP_010510648.1, XP_010470108.1, XP_010414558.1
OG0011095	As006G130110	XP_010414607.1, XP_010470156.1, XP_010474014.1, XP_010510696.1
OG0011096	As006G130430	XP_010417910.1, XP_010473151.1, XP_010510758.1
OG0011097	As006G130500	XP_010510837.1, XP_010417839.1, XP_010473085.1
OG0011098	As006G130810	XP_010417880.1, XP_010510789.1, XP_010473119.1
OG0011099	As006G130980	XP_010497032.1, XP_019093475.1, XP_010417835.2, XP_010510841.2
OG0011100	As006G130990	XP_010510842.1, XP_010417834.1
OG0011101	As006G131250	XP_010442254.1, XP_010482082.1, XP_010493649.1
OG0011102	As006G131430	XP_010422928.1, XP_010452996.1, XP_010491633.1
OG0011103	As007G161430, As006G131800	XP_010477946.1, XP_010499122.1, XP_019091052.1
OG0011104	As006G132190	XP_010425028.1, XP_010514023.1, XP_010502263.1, XP_010429579.1, XP_010417352.1, XP_010472596.1
OG0011106	As006G132760	XP_010485545.1, XP_010463528.1, XP_010441487.1
OG0011107	As006G132840	XP_010435622.1, XP_010496559.1, XP_010496309.1
OG0011108	As006G133150	XP_010496275.1, XP_010435657.1, XP_010485371.1, XP_019096981.1
OG0011109	As006G133270	XP_010469891.1, XP_010414306.1
OG0011110	As006G133610	XP_010496401.1
OG0011111	As006G134030	XP_010508722.1, XP_010508723.1
OG0011112	As006G134040	XP_010508725.1, XP_010505917.1
OG0011113	As006G134530	XP_010438697.1, XP_010448211.1, XP_010433439.1
OG0011114	As006G134570	XP_010438703.1, XP_010448216.1, XP_010433447.1
OG0011115	As006G134580	XP_010433446.1, XP_010438704.1, XP_010448218.1
OG0011117	As006G135680	XP_010463688.1, XP_010485588.1, XP_010500389.1
OG0011118	As006G135740	XP_010500592.1, XP_010463698.1, XP_010485597.1
OG0011119	As009G202720, As006G135960	XP_010504070.1, XP_010463732.1
OG0011120	As006G136290	XP_010493032.1, XP_010493031.1, XP_010420767.1, XP_010420766.1, XP_010420768.1, XP_010454239.1
OG0011121	As006G136860	XP_010485728.1, XP_010463835.1, XP_010513804.1
OG0011122	As006G137620	XP_010463922.1, XP_010485821.1, XP_010415110.1
OG0011123	As006G138220	XP_010422930.1, XP_010464015.1, XP_010485909.1
OG0011125	As006G138420	XP_010464027.1, XP_010485922.1, XP_010424124.1
OG0011126	As006G138850	XP_010485987.1, XP_010417794.1, XP_010468022.1
OG0011127	As006G139240	XP_010464138.1, XP_010486059.1
OG0011128	As006G139560	XP_010464170.1, XP_010486092.1, XP_010486090.1, XP_010435466.1
OG0011129	As006G139610	XP_019090735.1, XP_010486097.1, XP_010464176.1
OG0011130	As006G139740	XP_010412572.1, XP_010488756.1, XP_010467064.1
OG0011131	As006G140030	XP_010439795.1, XP_010464214.1, XP_010486150.1
OG0011132	As006G141170	XP_010486297.1, XP_010464365.1, XP_010452065.1
OG0011133	As006G141720	XP_010464443.1, XP_010486374.1
OG0011134	As006G141870	XP_010464462.1, XP_010462236.1, XP_010486392.1
OG0011135	As006G142220	XP_010486446.1, XP_010464518.1, XP_010467177.1
OG0011136	As006G142240	XP_019097087.1, XP_010464519.1
OG0011137	As006G142340	XP_010517479.1, XP_010505789.1, XP_010508851.1
OG0011138	As006G142960	XP_010505701.1, XP_010517386.1, XP_010508935.1
OG0011139	As006G143320	XP_019100527.1, XP_019100526.1, XP_010508983.1, XP_010517332.1
OG0011140	As006G144140	XP_010509093.1, XP_019102531.1, XP_010505553.1
OG0011141	As006G144310	XP_010512984.1, XP_019099873.1, XP_019102089.1
OG0011142	As006G144550	XP_010509524.1, XP_010516807.1, XP_010505125.1
OG0011143	As006G144750	XP_010509498.1, XP_010505158.1, XP_010516837.1
OG0011144	As006G145560	XP_010509408.1, XP_010516935.1, XP_010505249.1
OG0011145	As006G145970	XP_010505313.1, XP_010509351.1, XP_010516999.1
OG0011146	As006G146170	XP_010509339.1, XP_010517013.1, XP_010505328.1
OG0011147	As006G146670	XP_010517037.1, XP_010505361.1
OG0011148	As006G146820	XP_019100484.1, XP_010509279.1
OG0011149	As006G147010	XP_010517071.1, XP_010505393.1, XP_010509260.1, XP_010509250.1
OG0011150	As006G147090	XP_010517115.1, XP_010505445.1, XP_010505442.1, XP_010509203.1
OG0011151	As006G148150	XP_010412928.1, XP_010507613.1, XP_010509130.1
OG0011152	As006G148270	XP_010509129.1, XP_010517147.1, XP_010505479.1
OG0011153	As007G152420	XP_010459130.1, XP_010476697.1, XP_010497549.1
OG0011154	As007G152510	XP_019091294.1, XP_019094231.1, XP_019099025.1
OG0011155	As007G152560	XP_010501478.2, XP_010459145.1, XP_010476708.1
OG0011156	As007G152860	XP_010497809.1, XP_010476746.1
OG0011157	As007G153620	XP_010459292.1, XP_010501496.1, XP_010476863.1
OG0011158	As007G153640, As010G241570	XP_019095057.1, XP_010462749.1
OG0011159	As007G154100	XP_019091809.1, XP_010498139.1, XP_019095084.1
OG0011160	As007G154130	XP_010459377.1, XP_010498142.1, XP_010476929.1
OG0011161	As007G154370	XP_010498167.1, XP_010476956.1
OG0011162	As007G155900	XP_010498385.1, XP_010459634.1, XP_010498384.1
OG0011163	As007G156020	XP_010459657.1, XP_010477203.1, XP_010498403.1
OG0011164	As007G156280	XP_010477240.1, XP_010459692.1
OG0011165	As007G156530	XP_010477270.1, XP_010498469.1, XP_010459718.1
OG0011166	As007G157280	XP_010477398.1, XP_010498590.1, XP_010459844.1
OG0011167	As007G157980	XP_010498640.1, XP_010477430.1
OG0011168	As007G159000	XP_010460055.1, XP_010498777.1, XP_010477561.1
OG0011169	As007G159710	XP_010460150.1, XP_010498881.1
OG0011170	As007G160040	XP_010477740.1, XP_010498941.1, XP_019091202.1
OG0011171	As007G160190	XP_010498967.1, XP_010477770.1, XP_010460217.1
OG0011172	As007G160480	XP_010477810.1, XP_010498994.1
OG0011173	As007G160730	XP_010499029.1, XP_010460296.1, XP_010477847.1
OG0011174	As007G160890	XP_010465059.1, XP_010489795.1
OG0011175	As007G161310	XP_010460382.1, XP_010499111.1, XP_010477927.1
OG0011176	As007G161350	XP_010460388.1, XP_010499115.1, XP_010477934.1
OG0011177	As007G161480	XP_010477953.1
OG0011178	As007G161700	XP_010460421.1, XP_010477986.1, XP_010499148.1
OG0011179	As007G161730	XP_010499153.1, XP_010462914.1, XP_010477991.1
OG0011180	As007G161980	XP_019099220.1, XP_010478028.1, XP_010460467.1
OG0011181	As007G162040	XP_010478073.1, XP_010499217.1, XP_010460496.1
OG0011182	As010G228910, As007G162050	XP_010470641.1, XP_010511663.1, XP_010415310.1
OG0011183	As007G162290	XP_010457102.1, XP_010474770.1, XP_010480051.1
OG0011184	As007G162660	XP_010499227.1, XP_010478087.1
OG0011185	As007G163420	XP_010435388.1, XP_010450335.1
OG0011186	As007G164450	XP_010445139.1, XP_010448467.1, XP_010433678.1
OG0011187	As007G165170	XP_010433610.1, XP_010438853.1, XP_010448405.1
OG0011190	As007G177660	XP_010435957.1, XP_010441115.1, XP_010450740.1
OG0011191	As007G178530	XP_010429369.1, XP_010417158.1, XP_010472414.1
OG0011192	As007G179170	XP_010429329.1, XP_010472371.1, XP_010417119.1
OG0011193	As007G179200	XP_010417116.1, XP_010472366.1, XP_010429318.1
OG0011194	As007G179860	XP_010429222.1, XP_010472286.1, XP_010417047.1
OG0011195	As007G180510	XP_010416968.1, XP_010429128.1
OG0011196	As007G180640	XP_010429106.1, XP_010416943.1, XP_010472189.1
OG0011197	As007G180780	XP_010472160.1, XP_010416920.1, XP_010429086.1
OG0011198	As007G181920	XP_010416859.1, XP_010429010.1, XP_010472094.1
OG0011199	As008G183070	XP_010495956.1, XP_010476483.1, XP_010458927.1
OG0011200	As008G183240	XP_010476475.1, XP_010458913.1, XP_010495897.1
OG0011201	As008G183300	XP_010495800.1, XP_010458897.1
OG0011202	As008G183480	XP_010458857.2, XP_019095256.1
OG0011203	As008G183680	XP_010476392.1, XP_010495524.1, XP_010458830.1
OG0011204	As008G184380	XP_010494796.1, XP_010458734.1, XP_010476275.1
OG0011205	As008G184460	XP_010476265.1, XP_010494734.1
OG0011207	As008G185360	XP_010458615.1, XP_010476145.1, XP_010493568.1
OG0011208	As008G185590	XP_010493338.1, XP_010458587.1, XP_010476118.1
OG0011209	As008G185960	XP_010476080.1, XP_010492958.1, XP_010458552.1
OG0011211	As008G187100	XP_010491348.1, XP_010475919.1, XP_010458400.1
OG0011212	As008G187310	XP_019098925.1, XP_019091735.1, XP_010475893.1
OG0011213	As008G187780	XP_010458329.1, XP_010475862.1, XP_010490614.1
OG0011214	As008G188990	XP_010458173.1, XP_010489647.1, XP_010475727.1
OG0011215	As008G189180	XP_010434781.1, XP_010440110.1, XP_010434782.1, XP_019089804.1
OG0011216	As008G189340	XP_010458149.1, XP_010475703.1, XP_010489458.1
OG0011217	As008G189970	XP_010458112.1, XP_010489232.1, XP_010475674.1, XP_010475676.1
OG0011218	As008G190130	XP_019094244.1, XP_010500301.1, XP_010461583.1
OG0011219	As008G190880	XP_010458036.1, XP_010488391.1, XP_010475602.1
OG0011220	As008G192890	XP_010487356.1, XP_010457905.1, XP_010475490.1
OG0011221	As008G192940	XP_019090963.1, XP_019090964.1, XP_010501351.1, XP_010475478.1
OG0011222	As008G193220	XP_010457843.1, XP_010486811.1, XP_010475441.1
OG0011223	As008G193720	XP_010457763.1, XP_010486040.1, XP_010475365.1
OG0011224	As008G194140	XP_010457721.1, XP_010485766.1, XP_010475327.1
OG0011225	As008G194180	XP_010485609.1, XP_010475322.1, XP_010457711.1
OG0011226	As008G194230	XP_010457708.1, XP_010485567.1, XP_019095117.1
OG0011227	As008G194260	XP_010475315.1
OG0011228	As008G194730	XP_010457646.1, XP_010475258.1, XP_010485074.1
OG0011229	As008G194810	XP_010475243.1
OG0011230	As008G194890	XP_010457630.1, XP_010484952.1, XP_010475233.1
OG0011231	As008G195880	XP_019090953.1, XP_010484139.1, XP_010475135.1
OG0011232	As008G196000	XP_010457511.1, XP_010483972.1, XP_010475119.1
OG0011233	As008G196730	XP_010457417.1, XP_010482876.1, XP_010475027.1
OG0011234	As008G196770	XP_010482186.1, XP_019090946.1, XP_010474978.1, XP_019091683.1
OG0011235	As008G196830	XP_010482279.1, XP_010474984.1, XP_010457367.1
OG0011236	As008G196960	XP_010457393.1, XP_010475004.1, XP_010482506.1
OG0011237	As008G197150	XP_010457344.1, XP_010474961.1, XP_010481933.1
OG0011238	As008G197210	XP_010481831.1, XP_010457336.1, XP_010474950.1
OG0011239	As008G197300	XP_010474939.1, XP_010457325.1, XP_010481690.1
OG0011240	As008G197340	XP_010474913.1, XP_010481642.1
OG0011241	As008G197580	XP_010457290.1, XP_010474882.1, XP_010481355.1, XP_010513945.1
OG0011242	As008G197780	XP_010474853.1, XP_010457264.1, XP_010481230.1
OG0011243	As008G197850	XP_010481144.1, XP_010474677.1, XP_010457251.1
OG0011244	As008G197920	XP_010457238.1, XP_010474669.1, XP_010481074.1
OG0011245	As008G198560	XP_010474712.1, XP_010480516.1
OG0011246	As008G199400	XP_010474833.1, XP_010457046.1, XP_010457048.1, XP_010497685.1
OG0011247	As009G199810	XP_010492186.1, XP_010420018.1, XP_010453503.1
OG0011248	As009G200100	XP_010492234.1
OG0011249	As009G200210	XP_010420045.1, XP_010453536.1, XP_010492217.1
OG0011251	As009G200440	XP_010453599.1
OG0011252	As009G201280	XP_010492362.1, XP_010420188.1, XP_010453663.1
OG0011253	As009G202350	XP_010453797.1, XP_010453798.1, XP_010420327.1, XP_010492537.1
OG0011254	As009G202430	XP_010420342.1, XP_010453807.1, XP_010492555.1
OG0011255	As009G202640	XP_010492584.1, XP_010453832.1, XP_010420371.1
OG0011256	As009G203300	XP_010420455.1, XP_010492693.1, XP_010453930.1
OG0011257	As009G203350, As009G203340, As009G203330	XP_010420452.1, XP_010453926.1, XP_010492689.1
OG0011258	As009G203770	XP_010420514.1, XP_010492749.1
OG0011259	As009G203940	XP_010470770.1, XP_010415445.1
OG0011260	As009G204240	XP_010420589.1, XP_010492840.1, XP_010454077.1
OG0011261	As009G204340	XP_019083871.1, XP_019090468.1, XP_019097903.1
OG0011262	As009G204490	XP_010454113.1, XP_010420637.1, XP_010492877.1
OG0011263	As009G204920	XP_010492948.1, XP_010420694.1, XP_010454172.1
OG0011264	As009G205430	XP_010455004.1, XP_010493911.1, XP_010421512.1
OG0011265	As009G205630	XP_010493931.1, XP_010455028.1, XP_010421534.1
OG0011266	As009G205730	XP_019084267.1, XP_010493958.1, XP_010455070.1
OG0011267	As009G205780	XP_010456741.1, XP_010455061.1, XP_010421551.1, XP_010493946.1
OG0011268	As009G205920	XP_010493967.1, XP_010455074.1, XP_010421565.1
OG0011269	As009G206720	XP_010494032.1, XP_010455147.1
OG0011270	As009G207180	XP_010494112.1, XP_010455213.1
OG0011271	As009G207220	XP_010421718.1, XP_010455214.1, XP_010494127.1
OG0011272	As009G207320	XP_010471995.1, XP_010482236.1, XP_010442423.1
OG0011273	As009G207560	XP_010442403.1, XP_010482216.1
OG0011274	As009G207950	XP_010442364.1, XP_010440139.1
OG0011275	As009G208020	XP_010442387.1, XP_010440388.1, XP_010482205.1
OG0011277	As009G210510	XP_010453430.1, XP_010492111.1, XP_010419936.1
OG0011278	As009G211130, As009G210980	XP_010424744.1, XP_010495093.1, XP_010456425.1
OG0011279	As009G212480	XP_010491172.1, XP_010423374.1, XP_010452540.1
OG0011280	As009G212800	XP_010423410.1, XP_010452500.1, XP_010491135.1
OG0011281	As009G213120	XP_010491091.1, XP_010423452.1, XP_010452464.1
OG0011282	As009G213220	XP_010491082.1, XP_010452454.1, XP_010423467.1
OG0011283	As009G213260	XP_010452448.1, XP_010491078.1, XP_010423470.1
OG0011284	As009G213310	XP_010452442.1, XP_010423475.1, XP_010491071.1
OG0011285	As009G213320	XP_010464972.1, XP_010498739.1, XP_010486915.1
OG0011286	As009G214610	XP_010452341.1, XP_010423577.1, XP_010490956.1
OG0011287	As009G214790	XP_010424336.1
OG0011288	As009G215210	XP_019098498.1, XP_010493820.1, XP_010421419.1, XP_010454902.1
OG0011289	As009G215220	XP_010454904.1, XP_010421420.1, XP_010493822.1
OG0011290	As009G215320	XP_010493795.1, XP_010421390.1, XP_010454866.1
OG0011291	As009G215440	XP_010493772.1, XP_010454844.1, XP_010421371.1
OG0011292	As009G215760	XP_010421332.2, XP_010454813.1, XP_010493728.1
OG0011293	As009G215890	XP_010454793.1, XP_010421307.1
OG0011294	As009G216400	XP_010493567.2
OG0011295	As009G216540	XP_010421218.1, XP_010454698.1, XP_010493540.1
OG0011296	As009G216740	XP_010480379.1, XP_010487829.1
OG0011297	As009G216830	XP_010493499.1, XP_010454664.1, XP_010421185.1
OG0011298	As009G217770	XP_010443928.1, XP_010456974.1, XP_010483774.1
OG0011299	As009G218210	XP_010483842.1, XP_010457538.1
OG0011300	As009G219140	XP_010459257.1, XP_010444125.1
OG0011301	As009G219480	XP_010443633.1, XP_010483487.1, XP_010454306.1
OG0011302	As009G219600	XP_010454212.1, XP_019087919.1, XP_010483479.1
OG0011303	As009G220010	XP_010483439.1, XP_010443566.1, XP_010453646.1
OG0011304	As009G220030	XP_010443554.1, XP_010483413.1, XP_010453556.1
OG0011305	As009G220130	XP_010443543.1, XP_010453378.1, XP_010453401.1, XP_010483395.1
OG0011306	As010G220460	XP_010503794.1, XP_010426652.1
OG0011307	As010G220900	XP_010426602.1, XP_010515432.1, XP_010503727.1
OG0011308	As010G220910	XP_010507374.1, XP_010412699.1, XP_010431217.1
OG0011309	As010G220940	XP_010426599.1, XP_010503725.1, XP_019102088.1
OG0011310	As010G221010	XP_010515405.1, XP_010503715.1, XP_010426589.1
OG0011311	As010G221030	XP_010426588.2, XP_010412696.2, XP_019100248.1
OG0011312	As010G221430	XP_010515349.1
OG0011313	As010G222220	XP_010503553.1, XP_010426409.1, XP_010515243.1
OG0011314	As010G222540	XP_010515178.1, XP_010426355.1
OG0011315	As010G222570	XP_010503496.1, XP_010515177.1, XP_010426353.1
OG0011316	As010G222990	XP_019102280.1, XP_019084803.1, XP_010503440.1
OG0011317	As010G223720	XP_010495670.1, XP_010476424.1, XP_010458860.1
OG0011318	As010G224680	XP_010426061.1, XP_010503241.1, XP_010514954.1
OG0011319	As010G224700	XP_019102258.1, XP_010503233.1, XP_010426053.1
OG0011320	As010G225620, As010G224940	XP_010495846.1, XP_010503162.1, XP_010514851.1, XP_010412555.1, XP_019102090.1, XP_010495849.1, XP_010503166.1, XP_010431004.1
OG0011321	As010G225680	XP_010514841.1, XP_010425939.1, XP_010503157.1
OG0011322	As010G226180	XP_010425868.1, XP_010503100.1, XP_010412527.1
OG0011323	As010G227310	XP_010495876.1
OG0011324	As010G227500	XP_010425786.1, XP_010514703.1
OG0011325	As010G228210	XP_010441246.1, XP_010450606.1, XP_010436026.1
OG0011326	As010G228580	XP_010415435.1, XP_010419061.1, XP_010511806.1, XP_019092986.1
OG0011327	As010G230100	XP_019101610.1, XP_019083236.1, XP_019093573.1
OG0011328	As010G230390	XP_010511765.1, XP_010415399.1, XP_010470733.1
OG0011329	As010G231190	XP_010415486.1, XP_010511865.1, XP_010470811.1
OG0011330	As010G231300	XP_010511877.1, XP_010415494.1, XP_010470825.1
OG0011331	As010G232700	XP_010512006.1, XP_010470956.1, XP_019083269.1
OG0011332	As010G232770	XP_010415625.1, XP_010470968.1, XP_010512025.1
OG0011333	As010G233110	XP_010471225.1, XP_010428056.1, XP_010415931.1, XP_010415929.1
OG0011334	As010G233360	XP_010427821.1, XP_010471038.1, XP_010415723.1
OG0011335	As010G233420	XP_010427831.1, XP_010471049.1, XP_010415737.1
OG0011336	As010G233490	XP_010415741.1, XP_010471053.1, XP_010427836.1
OG0011337	As010G233680	XP_010471077.1, XP_010415765.1, XP_010427866.1
OG0011338	As010G233900	XP_010427913.1, XP_010471105.1, XP_010415792.1
OG0011339	As010G234360	XP_010471164.1, XP_019082661.1, XP_010415862.1, XP_010427986.1
OG0011340	As010G234420	XP_010427994.1, XP_010415872.1, XP_010471170.1
OG0011341	As010G234590	XP_010471188.1, XP_010428027.1
OG0011342	As010G234910	XP_010428062.1, XP_010415935.1, XP_010474289.1
OG0011343	As010G235200	XP_010428947.1, XP_010416803.1, XP_010472035.1
OG0011344	As010G235230	XP_010428943.1, XP_010416797.1, XP_010472031.1
OG0011345	As010G235530	XP_010416756.1, XP_010471992.1, XP_010428879.1
OG0011346	As010G236040	XP_010471935.1, XP_010416682.1, XP_010416684.1
OG0011347	As010G236500	XP_010498583.1, XP_010459840.1, XP_010477396.1
OG0011348	As010G237130	XP_010416553.1, XP_010471787.1, XP_010428694.1
OG0011349	As010G237770	XP_010428606.1, XP_010416466.1, XP_010471697.1
OG0011350	As010G237800	XP_010416462.1, XP_019093536.1, XP_010428601.1
OG0011351	As010G237890	XP_010433054.1, XP_010438251.1, XP_010447801.1
OG0011352	As010G237970	XP_010461499.1, XP_010479097.1, XP_010500207.1
OG0011353	As010G238210	XP_010445930.1, XP_010445929.1, XP_010482025.1, XP_010496078.1
OG0011354	As010G238230	XP_019093354.1, XP_019093353.1, XP_010416410.1, XP_010428549.1
OG0011355	As010G238430	XP_010416381.1, XP_010471619.1, XP_010428521.1
OG0011356	As010G238700	XP_010416343.1, XP_010471577.1, XP_010428477.1
OG0011357	As010G239060	XP_019085003.1, XP_019093058.1, XP_019082824.1
OG0011358	As010G239140	XP_010416292.2, XP_010471528.1, XP_010428423.1
OG0011359	As010G239530	XP_010471487.1, XP_010428355.1, XP_010416227.1
OG0011360	As010G239590	XP_010416221.1, XP_010428346.1, XP_010474326.1
OG0011361	As010G241050	XP_010416034.1, XP_010428166.1
OG0011362	As010G243580	XP_010431654.1, XP_019093394.1, XP_010417688.1
OG0011363	As010G243590	XP_010417689.1, XP_010472904.1, XP_010429935.1
OG0011364	As010G243790	XP_019083567.1, XP_019083568.1, XP_019093803.1, XP_010429958.1
OG0011365	As010G244150	XP_010472986.1, XP_010417747.1
OG0011366	As011G244760	XP_010487025.1, XP_010465073.1, XP_010499683.1
OG0011367	As011G244830	XP_010499726.1, XP_010487035.1
OG0011368	As011G244970	XP_010465116.1, XP_010487060.1, XP_010500030.1
OG0011369	As011G245020	XP_010465126.1, XP_010500107.1
OG0011370	As011G245040	XP_010500155.1, XP_010465130.1, XP_010487066.1
OG0011371	As011G245430	XP_010500662.1, XP_010487112.1, XP_010465191.1
OG0011372	As011G245690	XP_010465235.1, XP_010487144.1, XP_010501122.1
OG0011373	As011G245780	XP_010465249.1, XP_010487156.1, XP_010501238.1
OG0011374	As011G246050	XP_010465283.1, XP_010489817.1, XP_010501323.1, XP_010465256.1, XP_010487189.1
OG0011375	As011G246130	XP_010465288.1, XP_010501604.1, XP_010487193.1
OG0011376	As011G246320	XP_010501784.1, XP_010487222.1, XP_010465315.1
OG0011377	As011G246570	XP_019092223.1, XP_010462268.2, XP_019095331.1, XP_019099519.1
OG0011378	As012G269660, As011G246750, As011G246760	XP_010501008.1, XP_010462252.1, XP_010479925.1
OG0011379	As011G247040	XP_010487305.1, XP_010502314.1, XP_010465414.1
OG0011380	As011G247120	XP_010487311.1, XP_010502403.1, XP_010465433.1
OG0011381	As011G247220	XP_010487326.1, XP_010502493.1, XP_010465452.1
OG0011382	As011G247380	XP_010497829.1, XP_010502713.1, XP_010487348.1, XP_010465477.1
OG0011383	As011G247440	XP_010487353.1, XP_010465487.1
OG0011384	As011G247540	XP_010487361.1, XP_010465499.1, XP_010502872.1
OG0011385	As011G247640	XP_010487372.1, XP_010503009.1, XP_010465516.1
OG0011386	As011G248390	XP_010465636.1, XP_010487475.1, XP_010424233.1
OG0011387	As011G248490	XP_010465654.1, XP_010487487.1, XP_010504139.1
OG0011388	As011G248510, As011G248520	XP_010465656.1, XP_010487490.1
OG0011389	As011G248550	XP_010487495.1, XP_010504217.1, XP_010465660.1
OG0011390	As011G249460	XP_010487614.1, XP_010505456.1, XP_010465780.1
OG0011391	As011G249800	XP_010487668.1, XP_010505816.1, XP_010465831.1
OG0011392	As011G249980	XP_010487700.1, XP_010506120.1, XP_010465863.1
OG0011393	As011G250320	XP_010419633.1, XP_010506585.1, XP_010487737.1, XP_010465909.1
OG0011394	As011G250660	XP_010487781.1, XP_010506990.1, XP_010465963.1, XP_010497524.1
OG0011395	As011G250820	XP_010465985.1, XP_010507096.1
OG0011396	As011G251130	XP_010487831.1, XP_010466038.1
OG0011397	As011G251270	XP_010487845.1, XP_010507495.1, XP_010466051.1
OG0011398	As011G251380	XP_010487866.1, XP_010507617.1, XP_010466069.1
OG0011399	As011G251390	XP_010468285.1, XP_010487868.1, XP_019102049.1
OG0011400	As011G251420	XP_010507677.1, XP_010466078.1, XP_010487876.1
OG0011401	As011G251820	XP_010507930.1, XP_010487914.1, XP_010466130.1
OG0011403	As011G252690	XP_010488016.1, XP_010466230.1, XP_010508890.1
OG0011404	As011G252780	XP_010488022.1, XP_010466240.1
OG0011405	As011G252970	XP_010466274.1, XP_010488060.1, XP_010509233.1
OG0011406	As011G253340	XP_010509932.1, XP_010488112.1, XP_010466353.1
OG0011407	As011G253940	XP_010488198.1, XP_010510594.1
OG0011408	As011G253960	XP_010510662.1, XP_010466443.1, XP_010488206.1
OG0011409	As011G254100	XP_010488224.1, XP_010466475.1
OG0011410	As011G254190	XP_010488233.1, XP_010466487.1, XP_010511030.1
OG0011411	As011G254500	XP_010466536.1, XP_010488282.1, XP_010511434.1
OG0011412	As011G254530	XP_010466539.1, XP_010511481.1, XP_010488285.1
OG0011414	As011G255270	XP_010488376.1, XP_010466644.1
OG0011415	As011G256010	XP_010488488.1, XP_010513119.1, XP_010466774.1
OG0011416	As011G256340	XP_010467088.1, XP_010412724.1, XP_019096467.1
OG0011417	As011G256720	XP_010513603.1, XP_010488566.1, XP_010497744.2, XP_010466872.1
OG0011418	As011G257350	XP_010488614.1, XP_010466925.1, XP_010513810.1
OG0011419	As011G257680	XP_010488631.1, XP_010466942.1, XP_010514030.1
OG0011420	As011G258410, As011G258370, As011G258360	XP_010514294.1, XP_010466975.1, XP_010488662.1
OG0011421	As011G258770	XP_010467032.1, XP_010488720.1, XP_010412392.1, XP_010518652.1
OG0011422	As011G259280	XP_010425031.1, XP_010488819.1, XP_010467158.1, XP_010496146.1
OG0011423	As011G261000	XP_010488801.1, XP_010412986.1, XP_010467129.1
OG0011424	As011G261120	XP_010467127.1, XP_010412961.1, XP_010488799.1
OG0011425	As011G261280	XP_010488792.1, XP_010467116.1, XP_010412901.1, XP_010468537.1
OG0011426	As011G261540	XP_010467106.1, XP_010488779.1, XP_010412762.1
OG0011427	As011G261630	XP_010467091.1, XP_010488772.1, XP_010412694.1
OG0011428	As011G261800	XP_010471248.1, XP_010415959.1, XP_010414856.1, XP_010428096.1
OG0011429	As011G262810	XP_010488966.1, XP_010517366.1
OG0011430	As011G263090	XP_019084077.1, XP_010489190.1, XP_010467344.1
OG0011431	As011G263210	XP_019096523.1, XP_010516912.1, XP_010467349.1
OG0011432	As011G264550	XP_010422920.1, XP_010490382.1, XP_010467537.1, XP_010422909.1
OG0011433	As011G264940	XP_010467597.1, XP_010413214.1, XP_010489443.1
OG0011434	As011G265260	XP_010467665.1, XP_010489552.1, XP_010414353.1
OG0011435	As011G265370	XP_010467646.1, XP_010489539.1, XP_010414224.1
OG0011436	As011G265660	XP_019096552.1, XP_010414828.1
OG0011437	As011G266070	XP_010415311.1, XP_010467885.1
OG0011438	As011G266170	XP_010467897.1, XP_010415434.1
OG0011439	As011G266490	XP_010416640.1, XP_010467925.1, XP_010489128.1
OG0011440	As011G266640	XP_010467944.1, XP_010416401.1, XP_010489107.1
OG0011441	As011G266790	XP_010416111.1, XP_010489081.1, XP_010495908.1
OG0011442	As011G267140	XP_010467814.1, XP_010489033.1, XP_010415681.1
OG0011443	As011G267430	XP_010488987.1, XP_010474973.1, XP_010467763.1
OG0011444	As011G267480	XP_010467370.1, XP_010516730.1
OG0011445	As012G269270	XP_010462306.1, XP_010479983.1, XP_010501066.1
OG0011446	As012G269620	XP_010462259.1, XP_010501016.1, XP_010479934.1, XP_019096088.1
OG0011447	As012G269740	XP_010462240.1, XP_010500995.1, XP_010479909.1
OG0011448	As012G269800	XP_010462215.1, XP_010500974.1, XP_010479889.1
OG0011449	As012G271040	XP_010500790.1, XP_010462035.1, XP_010479698.1
OG0011450	As012G271090	XP_019087497.1, XP_019094340.1, XP_010500785.1
OG0011451	As012G271260	XP_019091471.1, XP_019099484.1, XP_010479686.1
OG0011452	As012G272000	XP_010466219.1, XP_010488005.1, XP_010508815.1
OG0011453	As012G272840	XP_019091362.1, XP_019097546.1, XP_019094783.1
OG0011454	As012G273620	XP_019091953.1, XP_010501895.1, XP_010500392.1
OG0011455	As012G274070	XP_019094283.1, XP_010461604.1, XP_010500316.1
OG0011456	As012G274320	XP_010449837.1, XP_010440194.1, XP_010430854.1
OG0011457	As012G274410	XP_010440204.1, XP_010449848.1, XP_010434883.1
OG0011458	As012G275030	XP_010509714.1, XP_019100437.1, XP_010516631.1
OG0011459	As012G275040	XP_010516627.1, XP_010504943.1, XP_010509716.1
OG0011460	As012G275170	XP_010516610.1, XP_010504927.1, XP_010509731.1
OG0011461	As012G275380	XP_010509749.1, XP_010466423.2, XP_010504903.1, XP_010412867.1
OG0011462	As012G275670	XP_010515659.1, XP_010426809.1, XP_010503928.1
OG0011463	As012G275750	XP_010503949.1, XP_010426827.1, XP_010515673.1
OG0011464	As012G276160	XP_010460770.1, XP_010478367.1, XP_010499511.1
OG0011465	As012G276390	XP_010504031.1, XP_010426912.1, XP_010515760.1
OG0011466	As012G276430	XP_010504034.1, XP_010515763.1, XP_010426916.1
OG0011467	As012G276540	XP_010515778.1, XP_010504050.1, XP_010426929.1
OG0011468	As012G276790	XP_010426946.1, XP_010515802.1, XP_010504072.1
OG0011469	As012G277160	XP_010433269.1, XP_010438514.1, XP_010433268.1
OG0011470	As012G277970	XP_010427061.1, XP_010515908.1, XP_010504186.1, XP_010515910.1
OG0011471	As012G280340	XP_010516002.1, XP_010504276.1, XP_010427174.1
OG0011472	As012G280860	XP_010504310.1, XP_019102361.1, XP_010427208.1
OG0011473	As012G281560	XP_010504371.1, XP_010516084.1
OG0011474	As012G282200	XP_010504435.1, XP_010427362.1, XP_010516159.1
OG0011475	As012G282410	XP_010504455.1, XP_010427386.1, XP_019102377.1
OG0011476	As012G283330	XP_010427540.1, XP_010504600.1, XP_010516293.1
OG0011477	As012G283590	XP_010516311.1, XP_010427567.1, XP_010504626.1
OG0011478	As012G283620	XP_010431423.1, XP_010427570.1, XP_010427572.1, XP_010427571.1, XP_010516316.1, XP_010504629.1
OG0011479	As012G284010	XP_010504676.1, XP_010427627.1
OG0011480	As012G284480	XP_010516450.1, XP_010504749.1, XP_010427709.1
OG0011481	As012G284590	XP_010427726.1, XP_010504775.1, XP_010516465.1
OG0011482	As012G285460	XP_010458122.1, XP_010475679.1, XP_010489290.1
OG0011483	As012G285520	XP_010469312.1, XP_010512209.1, XP_010413687.1
OG0011484	As012G285800	XP_010427147.1, XP_010515972.1, XP_010504249.1
OG0011485	As012G286380	XP_010469184.1, XP_010413560.1, XP_010512369.1
OG0011486	As012G286780	XP_010413533.1, XP_010512399.1, XP_010469157.1
OG0011487	As012G287070	XP_010413497.1, XP_010469127.1, XP_010512435.1
OG0011488	As012G287370	XP_010414961.1
OG0011489	As012G287660	XP_010413370.1, XP_010469115.1, XP_010512527.1
OG0011490	As012G287750	XP_010413352.1, XP_010512546.1, XP_010469021.1
OG0011491	As012G287760	XP_010413350.1, XP_010512547.1, XP_010469118.1
OG0011492	As012G287800	XP_010413345.1
OG0011493	As012G287940	XP_010413325.1, XP_010512575.1, XP_010469002.1
OG0011494	As012G288220	XP_010512615.1, XP_010468971.1, XP_010413293.1
OG0011495	As012G288320	XP_010413281.1, XP_010468959.1, XP_010512629.1
OG0011496	As012G288370	XP_010413276.1, XP_010468951.1
OG0011497	As012G288700	XP_010473764.1
OG0011498	As012G288870	XP_010413208.1, XP_010473757.1, XP_010512701.1
OG0011499	As012G289010	XP_010413193.1, XP_010468883.1, XP_010512722.1
OG0011500	As012G289230	XP_010512746.1, XP_010413158.1, XP_010468857.1
OG0011501	As012G289510	XP_010512787.1, XP_010413122.1
OG0011603	As001G000620	XP_010433174.1, XP_010438396.1, XP_010447928.1
OG0011604	As001G000640	XP_010433173.1, XP_010447926.1, XP_010438394.1
OG0011605	As001G000750	XP_010447895.1, XP_010433141.1, XP_010438354.1
OG0011606	As001G000760	XP_010438376.1, XP_010433159.1, XP_010447910.1
OG0011607	As001G000770, As001G000780	XP_010447909.1, XP_010433158.1, XP_010438374.1
OG0011608	As001G001200	XP_010438306.1, XP_010447860.1, XP_010433101.1
OG0011609	As001G001680, As011G266060	XP_010436341.1, XP_010451116.1
OG0011610	As001G002380, As011G265100	XP_010414560.1, XP_010489577.1, XP_010467698.1, XP_010467697.1
OG0011611	As001G002390	XP_019086407.1, XP_019087855.1, XP_019089305.1
OG0011612	As001G002520	XP_010447708.1, XP_010438174.1
OG0011613	As001G002550	XP_010438169.1, XP_010432978.1, XP_010447704.1
OG0011614	As001G002600	XP_010438161.1, XP_010432973.1, XP_010447698.1, XP_010497295.1
OG0011615	As001G002620	XP_010447697.1, XP_010438157.1, XP_010432969.1
OG0011616	As001G002860	XP_010432949.1, XP_010438136.1, XP_010447675.1
OG0011617	As001G003110	XP_010432924.1, XP_010438103.1, XP_010447641.1
OG0011618	As001G003790	XP_010432852.1, XP_010447507.1, XP_010438027.2
OG0011619	As001G003900	XP_010458138.1, XP_010489346.1, XP_010475688.1
OG0011620	As001G004120	XP_010437988.1, XP_010432811.1, XP_010447547.1
OG0011621	As001G005270	XP_010432697.1, XP_010437887.1, XP_010447369.1
OG0011622	As001G005320	XP_010447365.1, XP_010437884.1, XP_010432690.1
OG0011623	As001G005480	XP_010516614.1, XP_010504930.1, XP_010509728.1
OG0011624	As001G005990	XP_010447330.1, XP_019098447.1, XP_010432649.1, XP_010437844.1
OG0011625	As005G112960, As001G012020	NP_001289916.1, XP_010493252.1, XP_010454455.1
OG0011626	As001G012440	XP_010447184.1, XP_010432504.1
OG0011627	As010G234230, As001G012570	XP_010427965.1, XP_010471148.1, XP_010415842.1
OG0011628	As001G012750	XP_010493110.1
OG0011629	As001G012800	XP_010447114.1, XP_010437645.1, XP_010432442.1
OG0011630	As001G014210, As011G263200	XP_010447069.1, XP_010437608.1, XP_010432406.1
OG0011631	As001G015240, As001G015480, As001G015160	XP_010437503.1, XP_010432313.1, XP_010446963.1
OG0011632	As001G015830	XP_010499669.1, XP_010478562.1
OG0011633	As001G015850, As004G078950	XP_010499670.1, XP_010480797.1, XP_010460942.1
OG0011634	As001G015860	XP_010460944.1, XP_010499672.1, XP_010478564.1
OG0011635	As001G015970	XP_010460973.1, XP_010478895.1, XP_010499689.1
OG0011636	As001G016040	XP_010499709.1, XP_010478904.1, XP_010460980.1
OG0011637	As001G016570	XP_010499754.1, XP_010478627.1, XP_010461028.1
OG0011638	As001G016670	XP_010478637.1, XP_010499760.1, XP_010461033.1
OG0011639	As001G016690	XP_010478639.1, XP_010461034.1, XP_019099339.1
OG0011640	As001G016960	XP_010461067.1, XP_010499793.1, XP_010478665.1
OG0011641	As001G017080	XP_010499805.1, XP_010478678.1, XP_010461081.1
OG0011642	As001G017280	XP_010449669.1, XP_010440060.1, XP_010434722.1
OG0011643	As001G017510	XP_010434755.1, XP_010449701.1, XP_010440095.1
OG0011644	As001G017650	XP_010440112.1, XP_019086097.1, XP_010449728.1
OG0011645	As001G017680	XP_010440119.1, XP_010434788.1, XP_010449733.1
OG0011646	As001G017950	XP_010449775.1, XP_010440145.1, XP_019086016.1
OG0011647	As001G018260	XP_010429142.2, XP_019083471.1
OG0011648	As001G018380	XP_010414889.1, XP_010511188.1, XP_010511187.1, XP_010470345.1
OG0011649	As001G018410	XP_010419360.1, XP_010417422.1, XP_010472661.1, XP_010429657.1
OG0011650	As001G018560	XP_010511567.1, XP_010470365.1, XP_010414913.1
OG0011651	As001G018700	XP_010414928.1, XP_010480202.1, XP_010511226.1, XP_010418920.1, XP_010480200.1
OG0011652	As001G018770	XP_010480213.1, XP_010414936.1, XP_010511233.1
OG0011653	As001G019090	XP_010414996.1, XP_010480258.1
OG0011654	As001G019120	XP_010415004.1, XP_010480269.1, XP_010511297.1
OG0011655	As001G019320	XP_010414812.1, XP_010480304.1, XP_010511348.1
OG0011656	As001G019530	XP_010458288.1, XP_010475832.1, XP_010490367.1
OG0011657	As001G019630	XP_010414757.1, XP_010470274.1, XP_019101020.1
OG0011659	As001G020570	XP_010417956.1, XP_010473200.1
OG0011660	As001G020620	XP_010473208.1, XP_010417961.1, XP_010510958.1
OG0011661	As001G020690	XP_010435544.1, XP_010440818.1, XP_010450465.1
OG0011662	As001G020930	XP_010473233.1, XP_010417987.1, XP_010510939.1
OG0011663	As001G020950	XP_010494352.1, XP_010441991.1, XP_010481830.1
OG0011664	As001G021420	XP_010418055.1, XP_010473307.1, XP_010430095.1
OG0011665	As001G021850	XP_010418139.1, XP_010473382.1, XP_010430187.1
OG0011666	As008G185670, As001G022070	XP_010458580.1, XP_010493204.1, XP_010476106.1
OG0011667	As001G022630	XP_010502130.1, XP_010513874.1, XP_010424923.1
OG0011668	As001G022840	XP_010513898.1, XP_019099975.1, XP_010424944.1, XP_019099976.1
OG0011669	As001G022900	XP_010502168.1, XP_010513905.1, XP_010424950.1, XP_010513977.2
OG0011670	As007G159130	XP_010460069.1, XP_010498786.1, XP_010477575.1
OG0011671	As001G022970	XP_010424955.1, XP_010496989.1, XP_010513911.1
OG0011672	As001G023110	XP_010424991.1, XP_010513948.1, XP_010496875.1
OG0011673	As001G023330	XP_010513975.1, XP_019099991.1, XP_010424998.1
OG0011674	As001G023540	XP_010514024.1, XP_010502265.1, XP_010425029.1
OG0011675	As001G023600, As012G281070	XP_010425037.1, XP_010514035.1, XP_010502273.1
OG0011676	As001G023900	XP_010502322.1, XP_010514080.1, XP_010425097.1
OG0011677	As001G024050	XP_010425127.1, XP_010514110.1, XP_010502353.1
OG0011678	As001G024640	XP_010425209.1, XP_010502439.1, XP_010514180.1
OG0011679	As001G024710	XP_010514184.1, XP_010425219.1, XP_019100058.1
OG0011680	As001G024780	XP_010506960.1, XP_010514194.1, XP_019085856.1
OG0011681	As001G024910	XP_010514217.1, XP_010518615.1, XP_010425249.1, XP_010502475.1
OG0011682	As001G025400, As001G025410	XP_019085967.1, XP_010514295.1, XP_010502577.1
OG0011683	As001G025520	XP_010502600.1, XP_010514322.1, XP_010425378.1
OG0011684	As001G025990	XP_010502670.1, XP_010425449.1, XP_010514393.1
OG0011685	As001G026100	XP_010514413.1, XP_010425460.1, XP_010502685.1
OG0011686	As001G026550, As004G097360, As004G097350	XP_010435979.2, XP_010450655.1, XP_010441195.1
OG0011687	As001G027420	XP_019102231.1, XP_010425677.1, XP_019099835.1
OG0011688	As001G028050	XP_010502997.1, XP_010425769.1, XP_010514673.1
OG0011689	As001G028410	XP_010415256.1, XP_019093180.1, XP_010511622.1
OG0011690	As001G028470	XP_010511596.1, XP_010415230.1, XP_010470570.1
OG0011691	As001G028550	XP_010470555.1, XP_010415219.1, XP_010511586.1
OG0011692	As001G028720	XP_010511498.1, XP_010496725.1, XP_010470544.1
OG0011693	As001G028750	XP_010511482.1, XP_010415195.1, XP_010470527.1
OG0011694	As001G028830	XP_010415184.1, XP_010470517.1, XP_010511466.1
OG0011695	As001G028880	XP_010470512.1, XP_010511455.1
OG0011696	As001G028990	XP_010511549.1, XP_010470495.1
OG0011697	As001G029140	XP_010511519.1, XP_010470471.1, XP_010415140.1
OG0011698	As001G029230, As008G196310	XP_010457469.1, XP_010475081.1, XP_010483354.1
OG0011699	As001G029920	XP_010435798.1, XP_010441018.1, XP_010450856.1
OG0011700	As001G030100	XP_010478253.1, XP_010499406.1
OG0011701	As001G030330	XP_010419511.1, XP_010474624.2, XP_010430605.1
OG0011702	As001G030400	XP_010430595.1, XP_010418527.1, XP_010473725.1
OG0011703	As001G030470	XP_010430587.1, XP_019093430.1, XP_010473717.1, XP_010418523.1
OG0011704	As001G030520	XP_019085248.1, XP_010473712.1, XP_010418510.1
OG0011705	As001G030800	XP_010418468.1, XP_010473667.1, XP_010430534.1
OG0011706	As001G031060	XP_010473631.1, XP_010430498.1, XP_010418426.1
OG0011708	As001G031520	XP_010473550.1, XP_010418331.1, XP_010430403.1
OG0011709	As001G031700	XP_010473524.1, XP_010418302.1, XP_010430374.1
OG0011710	As001G031840	XP_010473510.1, XP_010418282.1
OG0011711	As001G031940	XP_010430341.1, XP_010418271.1, XP_010473493.1
OG0011712	As002G032380	XP_010499208.1, XP_010465034.1
OG0011713	As002G032700	XP_010438800.1, XP_010448329.1, XP_010433557.1
OG0011714	As002G033400	XP_010504572.1, XP_010427499.1, XP_010516272.1
OG0011715	As002G033440, As012G283120	XP_010505861.1, XP_010517578.1, XP_010508783.1
OG0011716	As002G033770	XP_010505823.1, XP_010412971.2, XP_010508819.1
OG0011717	As002G033830	XP_010505814.1, XP_010517503.1, XP_010508826.1
OG0011718	As002G033950	XP_010468834.1, XP_010464543.1, XP_019096339.1
OG0011719	As002G034210	XP_010486499.1, XP_010471796.1, XP_010464575.1, XP_019096198.1, XP_010471703.1, XP_010464576.1
OG0011720	As002G034330	XP_010473293.1, XP_010486517.1, XP_010464593.1
OG0011721	As002G034360	XP_010486527.1, XP_010473929.1, XP_010464600.1
OG0011722	As002G034390	XP_010474113.1, XP_010464605.1
OG0011723	As002G034970	XP_010478384.1, XP_010464648.1, XP_010486566.1
OG0011724	As002G035260	XP_010442880.1, XP_010445664.1, XP_010482710.1
OG0011727	As002G035680	XP_010484195.1, XP_010486649.1
OG0011728	As002G036120	XP_010486681.1, XP_010464746.1
OG0011729	As002G036300	XP_010493403.1, XP_010486687.1, XP_010464751.1
OG0011730	As002G036360	XP_010492436.1, XP_010486698.1, XP_010464762.1
OG0011731	As002G036370	XP_010486699.1, XP_010464763.1, XP_010492251.1
OG0011732	As002G036450	XP_010491593.1, XP_010486705.1, XP_010464772.1
OG0011733	As002G036490	XP_010490473.1, XP_019092678.1, XP_010486714.1
OG0011734	As002G036750	XP_010464789.1, XP_010486719.1, XP_010490089.1
OG0011735	As002G037510	XP_019099699.1, XP_010486835.1, XP_010464905.1
OG0011736	As002G038350	XP_010486888.1, XP_010464956.1, XP_010498462.1
OG0011737	As002G040720	XP_010441329.1, XP_010442473.1, XP_010482295.1
OG0011738	As002G041710	XP_010442499.1, XP_010441670.1, XP_010482325.1
OG0011739	As002G041720	XP_010497910.1, XP_010442498.1, XP_010482324.1, XP_010441661.1
OG0011740	As002G041880	XP_010441750.1, XP_010482335.1, XP_019088794.1
OG0011741	As002G042540	XP_010442555.1, XP_010482380.1, XP_010442345.1
OG0011742	As002G042680	XP_019088158.1, XP_010482396.1, XP_010442437.1
OG0011743	As002G042900	XP_010432693.1, XP_010426309.1, XP_010442588.1, XP_010482438.1
OG0011744	As002G042950	XP_010442594.1, XP_010482441.1, XP_010426306.1
OG0011745	As002G043150	XP_010426300.1, XP_010482449.1, XP_010442601.1
OG0011746	As002G043330	XP_010482466.1, XP_010442615.1, XP_010443042.1
OG0011747	As002G043440	XP_010442657.1, XP_010473369.1, XP_010482488.1
OG0011748	As002G043450	XP_010443409.1, XP_010482491.1, XP_010442660.1
OG0011749	As002G043880	XP_010444203.1, XP_010442711.1, XP_010482546.1
OG0011750	As002G044160	XP_010482595.1, XP_010444749.1, XP_010442761.1
OG0011751	As002G044210	XP_010444831.1, XP_010485078.1
OG0011752	As002G044260	XP_010444854.1, XP_010442770.1, XP_010482605.1
OG0011753	As002G044380	XP_010440844.1, XP_010442429.1, XP_010482243.1
OG0011754	As002G045290, As007G165960	XP_010433318.1, XP_010438554.1, XP_019089041.1
OG0011755	As002G045380	XP_019091594.1, XP_019095750.1, XP_019088700.1
OG0011756	As002G045500	XP_010446503.1, XP_010482822.1, XP_010442989.1
OG0011757	As002G045630	XP_010482807.1, XP_010446316.1, XP_010442971.1, XP_010442972.1
OG0011758	As002G045660	XP_010446313.1, XP_010442968.1, XP_010482804.1
OG0011759	As002G046050	XP_010446711.1, XP_010443002.1, XP_010482833.1
OG0011760	As002G046300	XP_010443027.1, XP_010482857.1, XP_010448257.1
OG0011761	As002G046330	XP_010446113.2, XP_010443033.1, XP_010448300.2, XP_010482861.1
OG0011762	As002G046690	XP_010482900.1, XP_010443073.1, XP_010448814.1
OG0011763	As002G046870	XP_010438685.1, XP_010433428.1, XP_010448198.1
OG0011764	As002G047210	XP_010482982.1, XP_010482980.1, XP_019092074.1, XP_010482983.1, XP_010443160.1
OG0011765	As002G047350	XP_010449889.1, XP_010443195.1, XP_010483008.1
OG0011766	As002G047490	XP_010450056.1, XP_010450046.1, XP_010483038.1, XP_010483043.1, XP_010443214.1
OG0011767	As002G047540	XP_010450144.1, XP_010443219.1, XP_010483046.1
OG0011768	As002G047790	XP_019095778.1, XP_010443246.1, XP_010450595.1
OG0011769	As002G047880	XP_010443252.1, XP_010483079.1, XP_010450677.1
OG0011770	As002G047930	XP_010483086.1, XP_010450745.1, XP_010443263.1
OG0011772	As002G048820	XP_010451810.1, XP_010483210.1, XP_010443384.1
OG0011773	As002G048840	XP_010443387.1, XP_010483212.1, XP_010451824.1
OG0011774	As002G048920	XP_010451882.1, XP_010483225.1, XP_010443400.1
OG0011775	As002G049270	XP_010443452.1, XP_010483289.1, XP_010452530.1
OG0011776	As002G049400	XP_019092611.1
OG0011777	As002G049580	XP_010443498.1, XP_010483340.1, XP_010452913.1
OG0011778	As002G049600	XP_010483348.1, XP_010443502.1, XP_010419549.1, XP_010497472.1, XP_010452945.1
OG0011779	As002G049980, As002G049970	XP_010421726.1, XP_010455221.1, XP_010438766.1
OG0011780	As002G050060	XP_010421706.1, XP_010496618.1, XP_010438835.1
OG0011781	As002G050460	XP_010492066.1, XP_010453377.1, XP_010419885.1
OG0011782	As002G051370	XP_010453244.1, XP_010491935.1
OG0011783	As002G051450	XP_010453235.1, XP_010491929.1
OG0011784	As002G051790	XP_010453193.1, XP_010491883.1, XP_010419721.1
OG0011785	As002G052300	XP_010491778.1, XP_010419645.1, XP_010453125.1
OG0011786	As002G052410	XP_010491762.1, XP_019090554.1, XP_010424698.2
OG0011787	As002G052640	XP_019090574.1, XP_010491733.1, XP_019090573.1
OG0011788	As002G052960	XP_010491698.1
OG0011789	As002G053490	XP_019098449.1, XP_010452984.1, XP_019084437.1, XP_010491627.1
OG0011790	As005G117500, As002G053630	XP_010484233.1, XP_010444386.1, XP_010461880.1
OG0011791	As002G053690	XP_010452951.1, XP_010422970.1, XP_010491594.1
OG0011792	As002G053830	XP_010422985.1, XP_010452933.1, XP_010491570.1
OG0011793	As002G053870	XP_010452927.1, XP_010422989.1, XP_010491564.1
OG0011794	As002G054170	XP_010491513.1, XP_010452878.1, XP_010423039.1
OG0011795	As002G054250	XP_010491499.1, XP_010423056.1, XP_010452865.1
OG0011796	As002G054320	XP_010452846.1, XP_010424721.1, XP_010491486.1
OG0011797	As002G054360	XP_010491481.1, XP_010452838.1, XP_010423082.1
OG0011798	As002G054490	XP_010491474.1, XP_010423095.1, XP_019090634.1
OG0011799	As002G055030	XP_010423171.1, XP_010452743.1, XP_019097819.1
OG0011800	As002G055160	XP_010491381.1, XP_010423187.1, XP_010452730.1
OG0011801	As002G055370	XP_019089995.1, XP_010423213.1, XP_010491352.1
OG0011802	As002G055480	XP_010431242.1, XP_010423232.1, XP_019089925.1, XP_019097233.1
OG0011803	As002G055490	XP_010452683.1, XP_010491331.1, XP_010423234.1
OG0011804	As003G055960	XP_019088266.1, XP_010449592.1, XP_010434640.1
OG0011805	As003G056200	XP_010449550.1, XP_010439935.1, XP_010434612.1
OG0011806	As003G056670	XP_010434553.1, XP_010517557.1, XP_010439874.1
OG0011807	As007G152950, As007G162560, As003G056840	XP_010480499.2, XP_019091281.1, XP_019099033.1
OG0011808	As003G056920	XP_010434529.1, XP_010496226.1, XP_010439851.1
OG0011809	As003G056930	XP_010496225.2, XP_010439846.1, XP_010434533.1
OG0011810	As003G057440	XP_010449429.1, XP_010439780.1, XP_019086412.1
OG0011811	As003G057630	XP_010434438.1, XP_010449381.1
OG0011812	As003G057690	XP_010439734.2, XP_010449371.2, XP_010434432.2
OG0011813	As003G058090	XP_010434353.1, XP_010439645.1, XP_010449286.1
OG0011814	As003G058160	XP_019089300.1, XP_010439629.1, XP_019086871.1
OG0011815	As003G058170	XP_010439627.1, XP_010434336.1, XP_010449269.1
OG0011816	As003G058250	XP_010449235.1, XP_010434327.2, XP_019087823.1
OG0011817	As003G058270	XP_010449233.1, XP_010439619.1, XP_010434321.1
OG0011818	As003G058340	XP_010449219.1, XP_010434317.1, XP_010439613.1
OG0011819	As003G058510	XP_010434301.1, XP_010439593.1, XP_010449197.1
OG0011820	As003G058580	XP_010449173.1, XP_010434284.1, XP_010439581.1
OG0011821	As003G058590	XP_010439577.1, XP_010434282.1, XP_010449170.1
OG0011822	As003G058600	XP_010434280.1, XP_010439576.1
OG0011823	As003G058860	XP_010434260.1, XP_010439553.1, XP_010449143.1
OG0011824	As003G058890	XP_010434255.1, XP_010439544.1, XP_010449141.1
OG0011825	As003G058910	XP_010434252.1, XP_010439538.1
OG0011826	As003G059610	XP_010439453.1, XP_010434158.1, XP_010449035.1
OG0011827	As003G059720	XP_010439442.1, XP_010434143.1, XP_010449017.1
OG0011828	As003G059770	XP_010434134.1, XP_010449011.1, XP_010439431.1
OG0011829	As003G060030	XP_010448954.1, XP_010439385.1, XP_010434094.1
OG0011830	As003G060120	XP_019089580.1, XP_010439371.1, XP_010434087.1
OG0011831	As003G060250	XP_010448925.1, XP_010439360.1, XP_010434073.1
OG0011832	As003G060260	XP_019088953.1, XP_019087200.1, XP_019086123.1
OG0011833	As003G060320	XP_010448915.1, XP_010439354.1, XP_019086072.1
OG0011834	As008G189170, As003G060490	XP_010448888.1, XP_010439333.1, XP_010434048.1
OG0011835	As003G060950	XP_010448801.1, XP_010433962.1, XP_010439253.1, XP_010439041.1
OG0011836	As003G061570	XP_010448691.1, XP_010439161.1, XP_010433892.1
OG0011837	As003G061840	XP_010448663.1, XP_019088677.1, XP_010433865.1
OG0011838	As003G061920	XP_010448652.1, XP_010439130.2, XP_010433857.1, XP_010445164.1
OG0011839	As003G061940	XP_010433853.1, XP_010439128.1, XP_010448649.1
OG0011840	As003G062030	XP_010433839.1, XP_010448634.1, XP_010439111.1
OG0011841	As003G062280	XP_010461099.1, XP_010499824.1
OG0011842	As003G062300	XP_010499820.1, XP_010478698.1, XP_010461094.1
OG0011843	As003G062420, As003G062400	XP_010478717.1, XP_010499846.1, XP_010461121.1
OG0011844	As003G062760	XP_010478754.1, XP_010499874.1, XP_010461157.1
OG0011845	As003G062800	XP_010499894.1, XP_010461178.1, XP_010478772.1
OG0011846	As003G062810	XP_010461182.1, XP_010478774.1, XP_010499899.1
OG0011847	As003G063390	XP_010478870.1, XP_010499986.1, XP_010461267.1
OG0011848	As003G063550	XP_010500011.1, XP_010461287.1, XP_010478920.1
OG0011849	As003G063790	XP_010478929.1, XP_010461301.1, XP_019099375.1
OG0011850	As003G063910	XP_010488381.1, XP_010468411.1, XP_019091530.1
OG0011851	As003G064390	XP_010479481.1, XP_010461871.1, XP_010500579.1, XP_010500576.1, XP_010500577.1
OG0011853	As003G064510, As005G106580	XP_010423955.1, XP_010451984.1, XP_010490564.1
OG0011854	As003G064710	XP_010479029.1, XP_010461416.1, XP_010500124.1
OG0011855	As003G065160	XP_010499244.1, XP_010478102.1, XP_010460517.1
OG0011856	As003G065240	XP_010480977.1, XP_010500180.1, XP_010461471.1
OG0011857	As003G065370	XP_010500296.1, XP_010479172.1, XP_010514431.1, XP_019096666.1
OG0011858	As003G065380	XP_019095271.1, XP_010461569.1, XP_010501865.1
OG0011859	As003G066070	XP_010434639.1, XP_010461383.1, XP_010478978.1, XP_019099406.1
OG0011860	As003G066250	XP_019094712.1, XP_019099400.1, XP_010461485.1
OG0011861	As003G066880	XP_010453951.1, XP_010420479.1, XP_010492709.1
OG0011862	As003G068420	XP_010478164.1, XP_010460579.1, XP_010499302.1
OG0011863	As003G069040	XP_010499365.1, XP_010460629.1, XP_010478211.1
OG0011864	As003G069800	XP_010460692.1, XP_010499435.1, XP_010478278.1
OG0011866	As003G070290	XP_010478350.1
OG0011867	As003G070680	XP_010499525.1, XP_010462986.1, XP_010460787.1, XP_010478382.1
OG0011868	As003G070700	XP_010499528.1, XP_010460796.1, XP_010478388.1
OG0011869	As003G071420	XP_010499634.1
OG0011870	As003G071810	XP_010446910.1, XP_010432266.1, XP_010437455.1
OG0011871	As003G072420	XP_010432198.1, XP_010437376.1, XP_010446821.1
OG0011872	As003G072560	XP_010437355.1, XP_010432179.1, XP_019088948.1
OG0011873	As003G073120	XP_010446728.1, XP_010432117.1, XP_010437292.1
OG0011874	As003G073140	XP_010446725.1, XP_010432115.1, XP_010437288.1
OG0011875	As003G073300	XP_010446705.1, XP_010432094.1, XP_010437266.1
OG0011876	As003G073730	XP_019086187.1, XP_010446657.1, XP_010437221.1
OG0011877	As003G074520	XP_010437146.1, XP_010446563.1, XP_019086406.1
OG0011878	As003G074550	XP_010446564.1, XP_010431998.1, XP_010437144.1
OG0011879	As003G074710	XP_010446586.1, XP_010431980.1, XP_010437122.1
OG0011880	As003G074770	XP_010431973.1, XP_010437118.1, XP_010446561.1
OG0011881	As003G075070	XP_010431941.1, XP_010437088.1, XP_010446521.1
OG0011882	As003G075480	XP_019085634.1, XP_010446480.1, XP_010431905.1, XP_010437055.1
OG0011883	As003G075760	XP_010437008.1, XP_010431863.1, XP_010446442.1
OG0011884	As003G075820	XP_010431859.1, XP_010437003.1, XP_010446426.1
OG0011885	As003G075890	XP_010446417.1, XP_010436995.1, XP_010436994.1, XP_010431847.1
OG0011886	As003G075920	XP_010431843.1, XP_010436987.1, XP_010446407.1
OG0011887	As003G076030	XP_019086602.1, XP_019088091.1
OG0011888	As003G076090	XP_010446392.1, XP_010431823.1, XP_010444878.1
OG0011889	As003G076180	XP_010446374.1, XP_010431807.1, XP_010436963.1
OG0011890	As003G076220	XP_010446370.2, XP_010436956.1, XP_010431801.1
OG0011891	As003G076410	XP_010431758.1, XP_019089405.1, XP_019088227.1
OG0011892	As003G076430	XP_019092120.1, XP_010436925.1, XP_010446336.1, XP_010431763.1
OG0011893	As003G076620	XP_010436907.1, XP_019098273.1, XP_019098648.1, XP_010444871.1, XP_019098270.1
OG0011894	As003G076630	XP_019088088.1
OG0011895	As004G076870	XP_010435493.1, XP_010450443.1
OG0011896	As004G077060	XP_010440806.1, XP_010450458.1, XP_010435522.1
OG0011897	As004G077110	XP_010435553.1, XP_010440830.1, XP_010450478.1
OG0011898	As004G077130	XP_010450492.1, XP_010440846.1, XP_010435569.1
OG0011899	As004G077140	XP_010440845.1, XP_010435567.1, XP_010450490.1
OG0011900	As004G077520	XP_010496094.1, XP_010435715.2, XP_010440907.2
OG0011901	As004G078000	XP_010435792.1, XP_010441012.2, XP_010496573.1
OG0011902	As004G078340	XP_010450811.1, XP_010435890.1, XP_010441062.1
OG0011903	As004G078760	XP_010504997.1, XP_010509674.1
OG0011904	As004G078880	XP_019085565.1, XP_010509653.1, XP_019102465.1
OG0011905	As004G079030	XP_019094806.1, XP_019091394.1
OG0011906	As004G079400	XP_010433654.1, XP_010497580.1, XP_010438894.1, XP_010451199.1
OG0011907	As004G079490	XP_010516724.1, XP_010509611.1, XP_010505057.1
OG0011908	As004G079670	XP_010516706.1, XP_010505033.1, XP_010509630.1
OG0011909	As004G079900	XP_010441282.1, XP_010436061.1, XP_010450555.1
OG0011910	As004G079950	XP_019100454.1
OG0011911	As004G080060	XP_010455368.1, XP_010421880.1, XP_010438096.1
OG0011912	As004G080080	XP_010438131.1, XP_010421874.1, XP_010455359.1
OG0011913	As004G080250	XP_010455337.1, XP_010421846.1, XP_010435793.1
OG0011914	As004G080400	XP_010421820.1, XP_010436077.1, XP_010455313.1
OG0011915	As004G080420	XP_010421814.1, XP_010455306.1, XP_010436097.1
OG0011916	As004G080440	XP_010421809.1, XP_010455304.1, XP_010436130.1
OG0011917	As004G080450	XP_010436153.1, XP_010455303.1, XP_010421808.1
OG0011918	As004G080470	XP_019090658.1, XP_019089873.1, XP_010421806.2
OG0011919	As004G080550	XP_010421976.1, XP_010455456.1, XP_010436872.1
OG0011920	As004G080570	XP_010455288.1, XP_010436385.1
OG0011921	As004G080790	XP_010455247.1, XP_010421848.1, XP_010438450.1
OG0011922	As004G080870	XP_010436461.1, XP_010436447.1, XP_010455256.1, XP_010421744.1
OG0011923	As004G081210	XP_010473850.1, XP_010413777.1, XP_010509793.1
OG0011924	As004G081300	XP_010509802.1, XP_010469407.1, XP_010413787.1
OG0011925	As004G081360	XP_010469413.1, XP_010509817.1, XP_010413795.1
OG0011926	As004G081500	XP_010413812.1, XP_010469431.1, XP_010509833.1
OG0011927	As004G081520	XP_010509837.1, XP_010469433.1, XP_010413814.1
OG0011928	As004G081600	XP_010469442.1, XP_010509848.1, XP_010413827.1
OG0011929	As004G081710	XP_010413842.1, XP_019093508.1, XP_010509866.1
OG0011930	As004G081730	XP_010509870.1, XP_010413846.1, XP_010469458.1
OG0011931	As004G081860	XP_010481881.1, XP_010494302.1, XP_010442047.1
OG0011932	As004G082070	XP_010457263.1, XP_010481223.1, XP_010474852.1
OG0011933	As004G082090	XP_010481912.1, XP_010442085.1, XP_010494269.1
OG0011934	As004G082300	XP_010481941.1, XP_010442115.1, XP_010494237.1
OG0011935	As004G082340	XP_019095420.1, XP_010494230.1, XP_010494226.1, XP_010442120.1
OG0011936	As004G082530	XP_010494200.1, XP_010481973.1
OG0011937	As004G082560	XP_010481980.1, XP_010494191.1, XP_010442175.1
OG0011938	As004G082950	XP_010442186.1, XP_010482016.1, XP_010494152.1
OG0011939	As004G082980	XP_010482020.1, XP_010482024.1, XP_019087789.1, XP_010496077.1
OG0011940	As004G083410	XP_010437561.1, XP_010421930.1, XP_010455408.1
OG0011941	As004G083940	XP_010455469.1, XP_010422001.2, XP_010436769.1
OG0011942	As004G083950	XP_010436773.1, XP_010422000.1, XP_010455468.1
OG0011943	As004G084000	XP_010455474.1, XP_010422007.1, XP_010436694.1
OG0011944	As004G084500	XP_010434986.1, XP_010422093.1, XP_010455546.1
OG0011945	As004G084660	XP_010422121.1, XP_010455579.1, XP_010434591.1
OG0011946	As004G084800	XP_010434047.1, XP_010455609.1, XP_010422146.1
OG0011947	As004G084870	XP_010455619.1, XP_010433965.1, XP_010422150.1
OG0011948	As004G084960	XP_010455639.1, XP_010422175.1, XP_010433799.1
OG0011949	As004G085070	XP_010422195.1, XP_010433663.1, XP_010455664.1
OG0011950	As004G085200	XP_010422211.1, XP_010455687.1, XP_010455688.1, XP_010433425.1
OG0011951	As004G085270	XP_010433356.1, XP_010456901.2, XP_019084659.1
OG0011952	As004G085470	XP_010455721.1, XP_010496154.1, XP_010433103.1
OG0011953	As004G085900	XP_010422322.1, XP_010455788.1, XP_010432109.1
OG0011954	As004G085920	XP_010422326.1, XP_019090244.1, XP_010432065.1
OG0011955	As004G086390	XP_010431286.1, XP_010431412.1, XP_010422431.1, XP_010455870.1
OG0011956	As004G086470	XP_019090377.1, XP_010431240.1, XP_010422445.1
OG0011957	As004G087650	XP_010441767.1, XP_010494597.1, XP_010481635.1
OG0011958	As004G087900	XP_010441734.1, XP_010481594.1, XP_010494643.1
OG0011959	As004G088160	XP_010441683.1, XP_010481543.1, XP_010494687.1
OG0011960	As004G088290	XP_010441665.1, XP_010481526.1, XP_010494733.1
OG0011961	As004G088420	XP_010481516.1, XP_010441654.1, XP_019097737.1
OG0011962	As004G088640	XP_010481490.1, XP_010441621.1, XP_010494780.1
OG0011963	As004G088670	XP_010441614.1, XP_010481486.1, XP_010494787.1
OG0011964	As004G089060	XP_010441569.1, XP_010481440.1, XP_010494836.1
OG0011965	As004G089310	XP_010481405.1, XP_010441527.1, XP_010494875.1
OG0011966	As004G090870	XP_010481313.1
OG0011967	As004G090940	XP_010436662.1, XP_010440683.1, XP_010450332.1, XP_010497193.2
OG0011968	As004G091200	XP_010441472.1, XP_010484735.1, XP_019098048.1
OG0011969	As004G091630	XP_010443508.1, XP_010483355.1, XP_010453016.1
OG0011970	As004G091940	XP_010440713.1, XP_010435433.1, XP_010450374.1
OG0011971	As004G093290	XP_010440684.1, XP_010435386.1, XP_010449641.1, XP_010450333.1
OG0011972	As004G093620	XP_010450299.1, XP_010440658.1, XP_010495982.1
OG0011973	As004G093700	XP_010450304.1, XP_010435307.1, XP_010440664.1
OG0011974	As004G093710	XP_010513694.1, XP_010488582.1, XP_010466901.1
OG0011975	As011G256650	XP_010513586.1, XP_010488564.1, XP_010466869.1
OG0011976	As004G094430	XP_010440567.1, XP_010450198.1, XP_010435252.1
OG0011977	As004G094440	XP_010450197.1, XP_010450196.1, XP_010440566.1, XP_010435251.1, XP_010436637.1
OG0011979	As004G094620	XP_010440526.1, XP_010435182.1, XP_010450101.1
OG0011980	As004G094910	XP_010450145.1, XP_019089308.1, XP_010435211.1
OG0011981	As004G095230	XP_010435175.1, XP_019087713.1, XP_010450086.1
OG0011982	As004G095270	XP_010445447.1, XP_010450071.1
OG0011983	As011G255040, As004G095620, As004G095610	XP_010435118.1, XP_010450032.1, XP_010440457.1
OG0011984	As004G095720	XP_010450020.1, XP_010435103.1, XP_010440444.1
OG0011985	As004G095900	XP_010435066.1, XP_010440389.1, XP_010449989.1
OG0011986	As004G096050	XP_010440373.1, XP_010449971.1, XP_010435047.1
OG0011987	As004G096110	XP_010435005.1, XP_010440361.1, XP_019098161.1
OG0011988	As004G096510	XP_010440306.1, XP_019086912.1, XP_010434302.1, XP_010434982.1
OG0011989	As004G096670	XP_010434941.1, XP_010449919.1, XP_010440275.1
OG0011990	As004G096930	XP_010467020.1, XP_010488708.1, XP_010518592.1
OG0011991	As004G097110	XP_010435919.1, XP_010450695.1
OG0011992	As004G097200	XP_010435909.1, XP_010450676.1, XP_010441172.1
OG0011993	As004G097240	XP_010450672.1, XP_010441178.1
OG0011994	As004G097270	XP_010450664.1, XP_010435896.1, XP_010441189.1
OG0011995	As011G265190, As004G097380	XP_010435980.1, XP_010450654.1, XP_010441199.1
OG0011996	As004G097390	XP_010441202.1, XP_019089303.1, XP_019086814.1
OG0011997	As004G097760	XP_010450570.1, XP_010436045.1, XP_010441268.1
OG0011998	As004G097790	XP_010450579.1, XP_010441257.1, XP_010436034.1
OG0011999	As004G097920	XP_019091738.1, XP_010436858.1, XP_019086980.1
OG0012000	As004G097970	XP_010436090.1, XP_019087694.1, XP_010466480.1, XP_019086523.1
OG0012001	As004G098000	XP_010436095.1, XP_010447491.1, XP_010441306.1
OG0012002	As004G098330	XP_010446893.1, XP_010436145.1, XP_010441376.1
OG0012004	As005G098770	XP_010518513.1, XP_010507831.1, XP_010507791.1, XP_019100685.1
OG0012005	As005G098790	XP_010506840.1, XP_010507833.1, XP_010518510.1
OG0012006	As005G098870, As006G144260	XP_019100683.1, XP_010507839.1, XP_010518504.1
OG0012007	As005G099640	XP_010507905.1, XP_010506765.1, XP_010518426.1
OG0012008	As005G100020	XP_019082437.1, XP_010507945.1, XP_010506719.1
OG0012009	As005G100350	XP_019082429.1, XP_010506682.2, XP_010507986.1
OG0012010	As005G100430	XP_010507996.1, XP_010518335.1, XP_010506671.1
OG0012011	As005G100890	XP_010508055.1, XP_010518286.1, XP_010506617.1
OG0012012	As005G101020	XP_010413393.1, XP_010469083.1
OG0012013	As005G101150	XP_010506586.1, XP_010508085.1, XP_010518248.1
OG0012014	As005G101190	XP_010506569.1, XP_010508097.1, XP_010518232.1
OG0012015	As005G101610	XP_010518170.1, XP_010508157.1, XP_010506507.1
OG0012016	As005G101680	XP_010508168.1, XP_010518162.1, XP_010506489.1
OG0012017	As012G278220, As005G102120	XP_010518110.1, XP_010506438.1, XP_010508222.1
OG0012018	As005G102150	XP_010508225.1, XP_010518108.1, XP_010506436.1
OG0012019	As005G102380	XP_010518080.1, XP_010506409.1, XP_010508253.1
OG0012020	As005G102600	XP_019082394.1, XP_010506386.1, XP_010508279.1, XP_010497458.2
OG0012021	As005G102650	XP_010518049.1, XP_010506379.1, XP_010508285.1
OG0012022	As005G103540	XP_010420799.1, XP_010454265.1, XP_010493060.1, XP_019090297.1, XP_010424187.1
OG0012023	As005G104100	XP_019101982.1, XP_010506180.1, XP_010508456.1
OG0012024	As005G104110	XP_010517872.1, XP_010506179.1, XP_010508462.1, XP_010515445.1, XP_019082881.1
OG0012025	As005G104200	XP_010517864.1, XP_010508470.1, XP_010506169.1
OG0012026	As005G104310	XP_010506153.1, XP_010508482.1, XP_010517854.1
OG0012027	As005G104590	XP_010506116.1, XP_010517819.1, XP_010508529.1
OG0012028	As005G104600	XP_010506115.1, XP_010517818.1, XP_010508530.1
OG0012029	As005G104790	XP_010506084.1, XP_010517781.1, XP_010508555.1
OG0012030	As005G105140	XP_019094706.1, XP_010517723.1, XP_010508612.1, XP_010506016.1
OG0012031	As005G105340, As005G105350	XP_010508649.1, XP_010517688.1, XP_010505990.1
OG0012032	As005G105670	XP_010508661.1
OG0012033	As005G105820	XP_010505954.1, XP_010517661.1
OG0012034	As005G106460	XP_010451968.1, XP_010490539.1, XP_010423970.1
OG0012035	As005G106730, As005G106740, As005G106750	XP_019089879.1, XP_019084605.1, XP_010490577.1
OG0012036	As005G106820	XP_010490587.1, XP_010452007.1, XP_010423929.1
OG0012037	As005G107340	XP_010490641.1, XP_010452056.1, XP_010423884.1
OG0012038	As005G107950	XP_010423827.1, XP_010490739.1, XP_010452124.1
OG0012039	As005G108020	XP_019097634.1, XP_010423756.1, XP_010452172.1
OG0012040	As005G108700	XP_019084539.1, XP_010452271.1, XP_010490865.1
OG0012041	As005G108720	XP_010490869.1, XP_010452273.1
OG0012042	As005G109840	XP_010454233.1, XP_010420758.1, XP_010493022.1
OG0012043	As005G109880	XP_010420756.1, XP_010454228.1, XP_010493020.1
OG0012044	As005G111120	XP_010454341.1, XP_010493142.1
OG0012045	As005G111130	XP_010420877.1, XP_010493144.1, XP_010454342.1
OG0012046	As005G111200	XP_010420869.1, XP_010454335.1, XP_010493137.1
OG0012047	As005G111400	XP_010454320.1, XP_010420856.1, XP_010493125.1
OG0012048	As005G111470	XP_010495321.1, XP_010454337.1, XP_019083904.1
OG0012049	As005G112740	XP_010493239.1, XP_010420965.1, XP_010456618.1
OG0012050	As005G112840	XP_010454439.1, XP_019084752.1, XP_019097817.1
OG0012051	As005G112880	XP_010420969.1, XP_010493242.1
OG0012053	As005G113280	XP_010454495.1, XP_010493307.1, XP_010421019.1
OG0012054	As005G113400	XP_010493327.1, XP_010421032.1, XP_010454505.1
OG0012055	As005G113550	XP_010493353.1, XP_010421055.1, XP_010454527.1
OG0012056	As005G113600	XP_010456516.1, XP_010492129.1, XP_010419956.1
OG0012057	As005G114320	XP_010456394.1, XP_010483685.1, XP_010443837.1
OG0012058	As005G114590, As005G114580	XP_010443797.1, XP_010483650.1, XP_010455868.1
OG0012059	As005G115800	XP_010483519.1, XP_010454587.1, XP_010454611.1, XP_010443654.1
OG0012060	As005G115860	XP_010443646.1, XP_010483510.1, XP_010454515.1
OG0012061	As005G115930	XP_010483499.1
OG0012062	As005G116200	XP_010444211.1, XP_010460074.1, XP_010484054.1
OG0012063	As005G116350	XP_010460557.1, XP_010444243.1, XP_019088386.1, XP_010484090.1
OG0012064	As005G116750, As005G116770	XP_010461031.1, XP_010444301.1, XP_010484138.1
OG0012065	As005G116760	XP_010484143.1, XP_010461056.1, XP_010444303.1
OG0012066	As005G116870	XP_010484154.1, XP_010444313.1
OG0012067	As005G117110	XP_010484185.1, XP_010444343.1, XP_010461442.1
OG0012068	As005G117390	XP_019092146.1, XP_010444372.1, XP_010461736.1, XP_010484220.1
OG0012069	As005G117750	XP_010484266.1, XP_010462826.1, XP_010444417.1
OG0012070	As005G117890	XP_010484284.1, XP_010462642.1, XP_010444442.1
OG0012071	As005G118100	XP_010444458.1, XP_010484294.1, XP_010462527.1
OG0012072	As005G118340	XP_010484394.1, XP_010463273.1, XP_010450598.2, XP_019092670.1, XP_010444552.1, XP_010424707.1
OG0012073	As005G118540	XP_010484356.1, XP_010444521.1, XP_010463037.1
OG0012074	As005G118580	XP_010444516.1, XP_010484350.1, XP_010463019.1
OG0012075	As005G118900	XP_010484432.1, XP_010444603.2, XP_010463664.1
OG0012076	As005G119380	XP_010444674.1, XP_019095385.1, XP_010464289.1
OG0012077	As005G119430	XP_010484528.1, XP_010464334.1, XP_010444678.1
OG0012078	As005G119440	XP_010444680.1, XP_010464357.1, XP_010484532.1
OG0012079	As005G119540	XP_010464499.1, XP_010484547.1, XP_010444692.1
OG0012080	As005G119560	XP_010464528.1, XP_010484550.1, XP_010444695.1
OG0012081	As005G119780	XP_010484579.1, XP_010444721.1, XP_010464797.1
OG0012082	As005G120650	XP_010484675.1, XP_010465832.1, XP_019088055.1
OG0012083	As005G120740	XP_010484683.1, XP_010465921.1, XP_010444835.1
OG0012084	As006G121120	XP_010456319.1, XP_010419545.1, XP_010426598.1
OG0012085	As006G121200	XP_019090617.1, XP_019090610.1, XP_010419637.1, XP_010427447.1
OG0012086	As006G121260, As008G199120	XP_010479789.1, XP_010474799.1
OG0012087	As006G121460	XP_010427080.1, XP_010424037.2, XP_010456280.1
OG0012088	As008G198720, As006G121760	XP_010457113.1, XP_010474757.1, XP_010480165.1
OG0012089	As006G122100	XP_010480442.1, XP_010457142.1, XP_010474720.1
OG0012090	As006G122310	XP_010428181.1, XP_010456162.1, XP_010497453.2, XP_019084415.1
OG0012091	As006G122620	XP_010422690.1, XP_010456990.1, XP_010428702.1
OG0012092	As006G122640	XP_010428917.1, XP_010422676.1, XP_010456112.1
OG0012093	As006G122660	XP_010456114.1, XP_010422680.1, XP_010428891.1
OG0012094	As006G122690	XP_010456121.1, XP_010422684.1, XP_010428826.1
OG0012095	As006G122710	XP_010428847.1, XP_010456119.1, XP_010422682.1
OG0012096	As006G122760	XP_010428753.1, XP_010456123.1, XP_010422686.1
OG0012097	As006G122770	XP_010456106.1, XP_010422670.1, XP_010428963.1
OG0012098	As006G122850	XP_010422654.1, XP_010456093.1, XP_010429044.1
OG0012099	As006G122960	XP_010455761.1, XP_010422292.1, XP_010432424.1
OG0012100	As006G122980	XP_010429252.1, XP_010422634.1, XP_010456074.1, XP_010422633.1
OG0012101	As006G123050	XP_010429414.1, XP_019090305.1, XP_010422625.1
OG0012102	As006G123100	XP_010456053.1, XP_010422613.1, XP_010429475.1
OG0012103	As006G123190	XP_010422599.1, XP_010456041.1, XP_010429576.1
OG0012104	As006G123240	XP_010422587.1, XP_010456029.1, XP_010429697.1
OG0012105	As006G123480	XP_010430018.1, XP_019090624.1, XP_019084161.1
OG0012106	As006G123780	XP_019090371.1, XP_010422511.1, XP_010430592.1
OG0012107	As006G123910	XP_010422497.1, XP_010456963.1, XP_010430725.1
OG0012108	As006G123920	XP_010422493.1, XP_010430745.1, XP_010455976.1
OG0012109	As006G123930	XP_019089108.1, XP_010422495.1, XP_010455975.1
OG0012110	As006G124050	XP_010422479.1, XP_010430819.1, XP_010455908.1
OG0012111	As006G124090	XP_010455906.1, XP_010422476.1, XP_010430933.1, XP_010467272.1
OG0012112	As006G124170	XP_010455889.1
OG0012113	As006G124190	XP_010422456.1, XP_010431117.1, XP_010455886.1
OG0012114	As006G124210	XP_010422453.1, XP_010431136.1, XP_010455883.1
OG0012115	As006G124230, As006G124220	XP_010455882.1, XP_010422452.1
OG0012116	As006G124370	XP_010494420.1, XP_010441922.1, XP_010481771.1
OG0012117	As006G124530	XP_010441942.1, XP_010494403.1, XP_010481784.1
OG0012118	As006G124560	XP_010494400.1, XP_010441939.1, XP_010481787.1
OG0012119	As006G124570	XP_010494397.1, XP_010441938.1
OG0012120	As009G201770, As006G124900	XP_010441997.1, XP_010481837.1
OG0012121	As006G125030	XP_010442015.1, XP_010494331.1, XP_010481854.1
OG0012122	As006G125300	XP_010469481.1, XP_010413872.1, XP_010509894.1
OG0012123	As006G125900	XP_010413943.1, XP_010469544.1, XP_010509965.1
OG0012124	As006G126110	XP_010414009.2, XP_010510037.1, XP_010469608.2
OG0012125	As006G126190	XP_010413971.1, XP_010509992.1
OG0012126	As006G126410	XP_010469631.1, XP_010510100.1, XP_010414033.1
OG0012127	As006G127020	XP_010510168.1, XP_010469682.1, XP_010414093.1
OG0012128	As006G127040	XP_010469684.1, XP_010414097.1, XP_010510171.1
OG0012129	As006G127140	XP_010510189.1, XP_010414115.1, XP_010469716.1
OG0012130	As006G127370	XP_010414141.1, XP_010473920.2, XP_010510211.1
OG0012131	As006G127410	XP_019101377.1, XP_010414154.1, XP_010469742.1
OG0012132	As006G127770	XP_010510274.1, XP_010414204.1, XP_019093616.1, XP_010513188.2
OG0012133	As006G128070	XP_019093073.1, XP_010510354.1
OG0012134	As006G128400	XP_010469895.1, XP_010414314.1, XP_010510411.1
OG0012135	As006G128430	XP_010510413.1, XP_010414318.1, XP_010469899.1
OG0012136	As006G128600	XP_010414331.1
OG0012137	As006G128610	XP_010469914.1, XP_010510428.1, XP_010414333.1
OG0012138	As006G128820	XP_010414377.1, XP_010510484.1, XP_010469947.1
OG0012139	As006G128990	XP_019101448.1, XP_010469978.1, XP_019083068.1
OG0012140	As006G129010	XP_010469983.1, XP_010510522.1, XP_010414413.1
OG0012141	As006G129070	XP_010414441.1, XP_010469993.1, XP_010510536.1
OG0012142	As006G129390, As007G160280	XP_010510449.1, XP_010414364.1, XP_010469924.1
OG0012143	As006G129420	XP_010510579.1, XP_019094090.1, XP_010414482.1
OG0012144	As006G129720	XP_010510615.1, XP_010470072.1, XP_010414514.1
OG0012145	As006G129800	XP_010470079.1, XP_010414523.1, XP_010510621.1
OG0012146	As006G129890	XP_010414532.1, XP_010470086.2, XP_010414531.1, XP_010470091.1, XP_010510630.1
OG0012147	As006G129900	XP_010470094.1, XP_010510632.1, XP_010414535.1
OG0012148	As006G130220	XP_019101477.1, XP_019082843.1, XP_019093869.1
OG0012149	As006G130270	XP_010473181.1, XP_010510720.1, XP_010417935.1
OG0012150	As006G130340	XP_010510731.1, XP_010473169.1, XP_010417925.1
OG0012151	As006G130400	XP_010473158.1, XP_010417918.1, XP_010510749.1, XP_010510746.1
OG0012152	As006G130410	XP_019101486.1, XP_010417911.1, XP_010473149.1
OG0012153	As006G130490	XP_010427123.1, XP_010515952.1, XP_010427106.1
OG0012155	As006G130920	XP_010510771.1, XP_010417885.1, XP_010473125.1
OG0012156	As006G130950	XP_010468152.1, XP_010418991.1
OG0012157	As006G131490	XP_010500335.1, XP_010461623.1, XP_010479233.1
OG0012158	As006G131580	XP_010474474.1, XP_010417440.1, XP_010429669.1
OG0012159	As006G131630	XP_010417435.1, XP_010472672.1, XP_010431631.1
OG0012160	As006G131670	XP_010417421.1, XP_010474472.1, XP_010431630.1
OG0012161	As006G131950	XP_019082719.1, XP_010472624.1, XP_010429614.1, XP_010417375.1
OG0012162	As006G132070	XP_019093866.1, XP_019083500.1, XP_019085139.1
OG0012163	As006G132140	XP_010429588.1, XP_010417358.1, XP_010472601.1
OG0012165	As006G132740	XP_010463533.1, XP_010499187.1, XP_010497353.2
OG0012166	As006G132870	XP_010435624.1, XP_010496563.1, XP_010496305.1
OG0012167	As006G133230	XP_010435670.1, XP_010485370.1
OG0012168	As006G133630	XP_010496822.1, XP_010490476.1
OG0012169	As006G133690	XP_010490485.1, XP_010424020.1, XP_010496814.1
OG0012170	As006G133890	XP_010437965.1, XP_010432783.1, XP_010447451.1
OG0012171	As006G134230	XP_010489055.2, XP_010433494.1, XP_010448261.1, XP_010438743.1
OG0012172	As006G134850	XP_010414882.1, XP_010485530.1, XP_010463566.1
OG0012173	As006G134880	XP_010463573.1, XP_010424077.1
OG0012174	As006G135720	XP_010500883.1, XP_010463695.1, XP_010485594.1
OG0012175	As006G136140	XP_010506711.1, XP_010485648.1, XP_010463761.1
OG0012176	As006G136620	XP_010512066.1, XP_010485701.1, XP_010463810.1
OG0012177	As006G136690	XP_010512773.1, XP_010463817.1, XP_010463893.1, XP_010485711.1
OG0012178	As006G136790	XP_010485716.1, XP_010463827.1, XP_010513337.1
OG0012179	As006G136800	XP_010513395.1, XP_010485719.1, XP_010463828.1
OG0012180	As006G137290	XP_010485772.1, XP_010463873.1, XP_010517592.1
OG0012182	As006G137420	XP_010412782.1, XP_010485789.1, XP_010463889.1
OG0012183	As006G137680	XP_010485827.1, XP_010463927.1
OG0012184	As006G137750	XP_010416294.1, XP_010463938.1, XP_010485836.1
OG0012185	As006G137870	XP_010463952.1, XP_010417718.1, XP_010485851.1
OG0012186	As006G137930	XP_019097092.1, XP_019092931.1, XP_010418259.1
OG0012187	As006G138360	XP_019087325.1, XP_010448051.1, XP_010433279.1, XP_010448052.1, XP_010433281.1
OG0012188	As006G138440	XP_010424476.1, XP_010464036.1
OG0012189	As006G138890	XP_010426521.1, XP_010485980.1, XP_010464063.1
OG0012190	As006G138950	XP_010429482.1, XP_010464087.1, XP_010486015.1
OG0012191	As012G287770, As006G139620	XP_010512549.1, XP_010469119.1, XP_010413349.1
OG0012193	As006G139940	XP_010439182.1, XP_010464208.1, XP_010486145.1
OG0012195	As006G140270	XP_019084384.1, XP_019097299.1
OG0012196	As006G140450	XP_010464271.1, XP_010445179.1, XP_010486212.1
OG0012197	As006G140530	XP_010464279.1, XP_019097096.1, XP_010445722.1
OG0012198	As006G140550	XP_010489618.1, XP_010486219.1, XP_019092481.1, XP_019100375.1
OG0012199	As006G140660	XP_010450410.1, XP_010440760.1, XP_010435462.1
OG0012200	As006G140870	XP_010464327.1, XP_010449609.1, XP_010486259.1
OG0012201	As006G140950	XP_010464333.1, XP_010449921.1
OG0012202	As006G142050	XP_010464492.1, XP_010486424.1, XP_010465136.1
OG0012203	As006G142470	XP_010505772.1, XP_010517466.1, XP_010508865.1, XP_010505773.1
OG0012204	As006G142510	XP_010517464.1, XP_010508866.1, XP_010505769.1
OG0012205	As006G142570, As006G142560	XP_010505763.1, XP_010517453.1, XP_010508876.1
OG0012206	As006G142750	XP_010508895.1, XP_010505744.1, XP_010517435.1
OG0012207	As006G142940	XP_010412959.1, XP_010509007.1
OG0012208	As006G143210	XP_010505673.1, XP_010517345.1, XP_010508965.1
OG0012209	As006G143740	XP_010505592.1, XP_010509041.1, XP_010517262.1
OG0012210	As006G144030	XP_010517242.1, XP_010505570.1, XP_010509074.1
OG0012211	As006G144120	XP_010517236.1, XP_010505564.1, XP_010509080.1
OG0012212	As006G144530	XP_010505123.1, XP_010516805.1, XP_010509528.1
OG0012213	As006G144930	XP_010505167.1, XP_010509484.1, XP_010516845.1
OG0012215	As006G145180	XP_010516887.1, XP_010505210.1, XP_010509452.1
OG0012216	As006G145270	XP_010516896.1, XP_010505219.1, XP_019100768.1
OG0012217	As006G145380	XP_010509431.1, XP_010509570.1, XP_010516910.1, XP_010505229.1
OG0012218	As006G145430	XP_010505236.1, XP_010516918.1, XP_010509422.1
OG0012219	As006G145640	XP_010516943.1, XP_010505260.1, XP_019101278.1
OG0012220	As006G147000	XP_010517069.1, XP_010505389.1, XP_010509261.1
OG0012221	As006G147070	XP_010505410.1, XP_010517083.1, XP_010509238.1
OG0012222	As006G148350	XP_010427156.1, XP_010505464.1, XP_010509114.1, XP_010517135.1
OG0012223	As006G148640, As009G217760	XP_010443926.1, XP_010483772.2, XP_010456953.1
OG0012224	As012G275820, As006G148800	XP_010503962.1, XP_010431268.1, XP_010515684.1
OG0012225	As007G151880	XP_010459044.1, XP_010496933.1, XP_010476602.1
OG0012226	As007G152160	XP_010476646.1, XP_010459093.1, XP_019099015.1
OG0012227	As007G152190	XP_010476648.1, XP_010459099.1, XP_010497247.1
OG0012228	As007G152200, As007G181860	XP_010497274.1, XP_010459101.1, XP_010476653.1, XP_010450313.1
OG0012229	As007G152240	XP_010497317.1, XP_010476659.1, XP_010459107.1
OG0012230	As007G152870	XP_010476749.1, XP_010497812.1, XP_019091286.1
OG0012231	As007G152960	XP_010476760.1, XP_019099032.1
OG0012232	As007G153150	XP_010497997.2, XP_010459216.1, XP_010476791.1
OG0012233	As007G153180	XP_010459222.1, XP_010476792.1, XP_010498003.1
OG0012234	As007G153200	XP_019099035.1, XP_010498007.2, XP_010476807.1, XP_010459226.1
OG0012235	As007G153280	XP_010501493.1, XP_010459239.1, XP_010476819.1
OG0012236	As007G153420	XP_010476832.1, XP_010459255.1, XP_010498037.1
OG0012237	As007G154320	XP_010459399.1, XP_010498160.1, XP_019095073.1, XP_019095092.1
OG0012238	As007G154620	XP_010476990.1, XP_010498200.1, XP_010459425.1, XP_010459433.1
OG0012239	As007G154830	XP_010477020.1, XP_010498230.1, XP_010459458.1
OG0012240	As007G154840	XP_010477021.1, XP_010477022.1, XP_010459461.1, XP_010498231.1
OG0012241	As007G155420	XP_010498309.1, XP_010477104.1, XP_010459557.1
OG0012242	As007G155480	XP_010498319.1, XP_019091774.1, XP_010477110.1
OG0012243	As007G155570	XP_010459579.1, XP_010477123.1, XP_010498329.2
OG0012244	As007G155850	XP_010459626.1, XP_010477174.1, XP_010498377.1
OG0012245	As007G155950	XP_010498392.1, XP_010477191.1, XP_010459645.1
OG0012246	As007G156570	XP_010459723.1, XP_010498472.1, XP_010477280.1
OG0012247	As007G156690	XP_010477303.1, XP_010459743.1, XP_010498491.1
OG0012248	As007G156870	XP_010459774.1, XP_010498524.1, XP_010480568.1
OG0012249	As007G157300	XP_010498593.1, XP_010459849.1, XP_010477402.1
OG0012250	As007G157900	XP_010477438.1, XP_010498646.1, XP_010459911.1
OG0012251	As010G235610, As007G158040	XP_010428865.1, XP_010471977.1, XP_010416737.1
OG0012252	As007G158060	XP_010477454.1, XP_010459925.1, XP_010498662.1
OG0012253	As007G158160	XP_010498679.1, XP_010477472.1, XP_010459956.1
OG0012254	As007G158180	XP_010477478.1, XP_010498680.1, XP_010459959.1
OG0012255	As007G158220	XP_010477483.1, XP_010498686.1, XP_010459964.1
OG0012256	As007G159120	XP_010460068.1, XP_010498785.1, XP_010477574.1
OG0012257	As007G159140	XP_010460070.1, XP_010477577.1, XP_010498788.1
OG0012258	As007G159460	XP_019095448.1, XP_019094438.1, XP_010462859.2
OG0012259	As007G159550	XP_010477635.1, XP_010460126.1, XP_010498848.1
OG0012260	As007G159700	XP_010477676.1
OG0012261	As007G159810	XP_019094187.1, XP_010460164.1, XP_010498896.1
OG0012262	As007G159850	XP_010498918.1, XP_010477722.1, XP_010460171.1
OG0012263	As007G160510	XP_010498996.1, XP_010477813.1, XP_010460263.1
OG0012264	As007G160700	XP_010499024.1, XP_019091237.1, XP_010477844.1
OG0012265	As007G160800	XP_010460307.1, XP_010477852.1, XP_010499039.1, XP_010499040.1, XP_010460308.1
OG0012266	As007G160880	XP_010499052.1, XP_010477867.1
OG0012267	As007G160960	XP_010477879.1, XP_010499065.1, XP_010460335.1
OG0012268	As007G161080	XP_010501592.1
OG0012269	As007G161120	XP_010460366.1, XP_010477915.1, XP_010499084.1
OG0012270	As007G161460	XP_010477950.1, XP_010499128.1, XP_010460401.1
OG0012271	As007G161720	XP_010477988.1, XP_010499150.1, XP_010460423.1
OG0012272	As007G162320	XP_010475950.1, XP_010458431.1, XP_010491798.1
OG0012273	As007G162330	XP_010475749.1, XP_010458203.1
OG0012274	As007G162390, As010G225840	XP_010514817.1, XP_010503139.1, XP_010425921.1
OG0012275	As007G162850	XP_010439044.1, XP_010433771.1, XP_010448567.1
OG0012276	As007G163110	XP_010439001.1, XP_010448540.1, XP_010433742.1
OG0012277	As007G163170	XP_010448532.1
OG0012278	As007G163200	XP_010425791.1, XP_010496527.1
OG0012279	As007G163500	XP_010448521.1, XP_010438972.1, XP_010433727.1
OG0012280	As007G163760	XP_010438952.1, XP_010433707.1
OG0012281	As007G165140	XP_010433612.1, XP_010438855.1, XP_010448408.1
OG0012282	As007G165790	XP_010438884.1, XP_010436386.1, XP_010451198.1
OG0012283	As007G166060	XP_010429536.1, XP_010472546.1, XP_019082715.1
OG0012284	As007G166780	XP_010445803.1, XP_019088420.1, XP_010482734.1
OG0012286	As007G177710	XP_019085652.1, XP_010474461.1, XP_010417308.1
OG0012287	As007G177850	XP_010426181.1, XP_010515045.1, XP_019100198.1
OG0012288	As007G178120	XP_010417191.1, XP_010472445.1, XP_010429419.1
OG0012289	As007G178590	XP_019083747.1, XP_010472400.1, XP_010429357.1
OG0012290	As007G178990	XP_010417137.1, XP_010429351.1, XP_010472391.1
OG0012291	As007G179050	XP_010472387.1, XP_010429347.1
OG0012292	As007G179150	XP_010417122.1, XP_010472373.1, XP_010429331.1
OG0012293	As007G179210	XP_010493039.1, XP_010420774.1, XP_010454247.1
OG0012294	As007G179870	XP_010417045.1, XP_010472284.1, XP_010429220.1
OG0012295	As007G180380	XP_010419265.1, XP_010472221.1, XP_010429153.1
OG0012296	As007G180400	XP_010429151.1, XP_010472220.1, XP_010416993.1
OG0012297	As007G180500	XP_019082867.1, XP_019085718.1, XP_019093532.1
OG0012298	As007G180520	XP_010416967.1, XP_010472199.1, XP_019085683.1
OG0012299	As007G180530	XP_010429122.1, XP_010472204.1, XP_019093531.1, XP_010416966.1
OG0012300	As007G180800	XP_010419255.1, XP_010472159.1, XP_010429084.1
OG0012301	As007G181070, As007G181420, As007G181120	XP_010429038.1, XP_010416880.1, XP_010472117.1
OG0012302	As007G181770	XP_010429027.1, XP_010416870.1, XP_010472108.1
OG0012303	As007G181780	XP_010429026.1, XP_010472107.1, XP_010416869.1
OG0012304	As007G181850	XP_010441694.1, XP_010494673.1, XP_010481552.1
OG0012305	As007G181970	XP_010429003.1, XP_010472088.1, XP_010416851.2, XP_010474394.1
OG0012306	As007G181990	XP_010416850.1, XP_010472085.1, XP_010429001.1
OG0012307	As007G182090	XP_010428995.1, XP_010416843.1, XP_010472079.1
OG0012309	As007G182260	XP_010507891.1, XP_010518443.1
OG0012310	As008G182370	XP_010496820.1, XP_010459030.1, XP_010476588.1
OG0012311	As008G183120	XP_010458922.1, XP_010476478.1
OG0012312	As008G183200	XP_010495828.1, XP_010458907.1, XP_010476460.1
OG0012313	As008G183280	XP_010495809.1, XP_010476453.1, XP_010458899.1
OG0012314	As008G183700	XP_010480464.1, XP_019094401.1, XP_010476389.1, XP_019091388.1, XP_019096995.1, XP_010458823.1
OG0012315	As008G183990	XP_010495209.1, XP_010476327.1, XP_010458782.1
OG0012316	As008G184390	XP_010494777.1, XP_010476273.1, XP_010458732.1
OG0012317	As008G184510	XP_010458716.1, XP_010476259.1, XP_010480463.1, XP_010494610.1
OG0012318	As008G184520	XP_010494619.1, XP_010476258.1, XP_010458715.1
OG0012319	As008G185040	XP_010458643.1, XP_010476185.1, XP_010493866.1
OG0012321	As008G185270	XP_010493667.1, XP_010476161.1, XP_010458627.1
OG0012322	As008G185370	XP_010493541.1, XP_010458611.1, XP_010476141.1
OG0012323	As008G185400	XP_010493511.1, XP_010458608.1, XP_010476137.1
OG0012324	As008G186000	XP_010476071.1, XP_019098946.1, XP_010458545.1
OG0012325	As010G230500, As008G186490	XP_010493315.1, XP_010458585.1, XP_010476116.1
OG0012326	As008G186550	XP_010458482.1, XP_010475990.1, XP_010492261.1
OG0012327	As008G186640	XP_010475980.1, XP_010492127.1, XP_010458465.1
OG0012329	As008G186850	XP_010458432.1, XP_010475951.1, XP_010491810.1
OG0012330	As008G187090	XP_010491361.1, XP_010475921.2, XP_010458401.1
OG0012331	As008G187200	XP_010491023.1, XP_010475899.1, XP_010458384.1
OG0012332	As008G187480	XP_010475829.1, XP_010458284.1
OG0012333	As008G187650	XP_010475851.1, XP_010501399.1, XP_010458316.1
OG0012334	As008G188020	XP_010458274.1, XP_010475821.1, XP_010490295.1
OG0012335	As008G188050	XP_010475814.1, XP_010490273.1, XP_019091574.1
OG0012336	As008G188500	XP_010475760.1, XP_010458208.1, XP_010489898.1
OG0012337	As008G188730	XP_010489798.1, XP_010458199.1, XP_010475748.1
OG0012338	As008G189120	XP_010448071.1, XP_010438541.1
OG0012339	As008G189130, As012G282330	XP_010427399.1, XP_010516188.1, XP_010504465.1
OG0012340	As008G189160	XP_010489557.1, XP_010458161.2, XP_010475714.1
OG0012341	As008G189350	XP_019091565.1, XP_010489476.1, XP_010475700.1
OG0012342	As008G189830	XP_010475655.1, XP_010458094.1, XP_010488996.1, XP_010462602.2, XP_010501381.1
OG0012343	As008G189920	XP_010489263.1, XP_010458114.1, XP_010475678.1
OG0012344	As008G190310	XP_010488938.1, XP_010458088.1, XP_010475649.1
OG0012345	As008G190480	XP_019091607.1, XP_010458125.1, XP_010475680.1
OG0012346	As008G190970	XP_010488813.1, XP_010458076.1, XP_010475637.1
OG0012347	As008G191420	XP_010488709.1, XP_010475623.1, XP_010458067.1
OG0012348	As008G191490	XP_010475577.1, XP_010488195.1, XP_010458013.1
OG0012349	As008G191630	XP_010443408.1, XP_010451922.1, XP_010483233.1
OG0012350	As008G192220	XP_010413296.1, XP_010468975.1, XP_010512608.1
OG0012351	As008G192500	XP_010472555.1, XP_010429550.1, XP_019082716.1
OG0012353	As008G192980	XP_010475476.1, XP_010482768.1, XP_010457889.1, XP_010487249.1
OG0012354	As008G193200	XP_010475444.1, XP_010486901.1, XP_010457852.1
OG0012355	As008G193770	XP_010469769.1, XP_010510253.1
OG0012356	As008G194400	XP_010429562.1, XP_010472574.1, XP_010417334.1
OG0012357	As008G194870	XP_010484978.1, XP_010501322.2, XP_010475238.1, XP_010457927.1, XP_010457633.1
OG0012358	As008G195620	XP_010484389.1, XP_019091814.1, XP_010475159.1
OG0012359	As008G195910	XP_010475132.1, XP_010457525.1
OG0012360	As008G195930	XP_010475130.1, XP_010484071.1, XP_010457522.1
OG0012361	As008G196180	XP_010457486.1, XP_010475097.1, XP_010483764.1
OG0012362	As008G196440	XP_010457453.1, XP_010475065.1, XP_010483239.1
OG0012363	As008G196920	XP_010475001.1, XP_010457386.1, XP_010482461.1
OG0012364	As008G196940	XP_010475002.1, XP_010482470.1, XP_010457388.1
OG0012365	As008G197080	XP_010482699.1, XP_010457408.1, XP_010475020.1
OG0012366	As008G197390	XP_010474921.1, XP_010481541.1, XP_019094758.1
OG0012367	As008G197550	XP_019095210.1, XP_010481394.1, XP_010457296.1
OG0012368	As008G197630	XP_010457280.1, XP_010481272.1, XP_010474867.1
OG0012369	As008G197880	XP_010474671.1, XP_010481116.1, XP_010457243.1
OG0012370	As008G198250	XP_010474633.1, XP_010501282.2, XP_019090790.1
OG0012371	As008G198590	XP_010457144.1, XP_010480459.1, XP_010474717.1
OG0012372	As008G198630	XP_010462523.1, XP_010457139.1, XP_019098151.1, XP_010474724.1
OG0012373	As008G198760	XP_010474750.1, XP_010457117.1, XP_010480215.1
OG0012374	As008G198780	XP_010457119.1, XP_010480237.1, XP_010474747.1
OG0012375	As008G198790	XP_010474746.1, XP_010457121.1, XP_010480254.1
OG0012376	As008G198800	XP_010474742.2, XP_010480291.1
OG0012377	As008G199310	XP_010457060.1, XP_010479596.1, XP_010474822.1
OG0012378	As008G199600	XP_010479333.1, XP_010496683.1, XP_010496469.1
OG0012379	As009G199750	XP_010453494.1, XP_010492173.2, XP_010420000.2
OG0012380	As009G199860	XP_019084107.1, XP_019097273.1, XP_010453585.1
OG0012381	As009G200060	XP_010426097.1, XP_010514983.1, XP_010503270.1
OG0012382	As009G200640	XP_010485550.1, XP_010422041.1, XP_010463525.1
OG0012383	As009G200760	XP_010453635.1, XP_010492328.1, XP_010420154.1
OG0012384	As009G200800	XP_019090051.1, XP_010492334.1, XP_010420162.1
OG0012385	As009G200960	XP_010469736.1, XP_010414144.1, XP_010510213.1
OG0012386	As009G201170	XP_010453677.1, XP_010420197.1, XP_010492375.1
OG0012387	As009G201190	XP_010497122.2, XP_010453674.1, XP_010420194.1, XP_010492373.1
OG0012388	As009G201510, As011G255540	XP_010453713.1, XP_010420247.1, XP_010492417.1
OG0012389	As009G201590	XP_010492429.1, XP_010420257.1, XP_010453728.1
OG0012390	As009G201680	XP_010492442.1, XP_010453738.1, XP_010420266.1
OG0012391	As009G201690	XP_010492444.2, XP_010453739.2, XP_010420269.2
OG0012392	As009G201950	XP_010420283.1, XP_010492478.1, XP_010453761.1
OG0012393	As009G202050	XP_010453768.1, XP_010420295.1, XP_010492495.1
OG0012394	As009G202230	XP_010420316.1, XP_010453787.1, XP_010492512.1
OG0012395	As009G202480	XP_010453816.1, XP_010420345.1, XP_010492562.1, XP_010456550.1
OG0012396	As009G202560	XP_010492572.1, XP_010420359.1, XP_019089948.1
OG0012398	As009G203570	XP_010453961.1, XP_010492722.1, XP_010420493.1
OG0012399	As009G204280, As009G204390	XP_010456577.2, XP_010492862.1, XP_010420623.1
OG0012400	As009G204410	XP_010420620.1, XP_010454101.1, XP_010492863.1
OG0012401	As009G204470	XP_010492874.1, XP_019090449.1, XP_010420634.1
OG0012402	As009G204550	XP_010454121.1, XP_010420648.1, XP_010492890.1
OG0012403	As009G205080	XP_010492976.1, XP_010420718.1, XP_010454191.1
OG0012404	As009G205090	XP_010492975.1, XP_010420717.1, XP_010454187.1
OG0012405	As009G205240	XP_010420404.1, XP_019090386.1, XP_010492629.1
OG0012406	As009G206040	XP_010421580.1, XP_010455089.1, XP_010493978.1
OG0012407	As009G206100	XP_010421585.1, XP_010493986.1, XP_019090044.1
OG0012408	As009G206150	XP_019090014.1, XP_010421589.1, XP_010495539.1
OG0012409	As009G206690, As009G206640	XP_010421647.1, XP_010494030.1, XP_010455143.1
OG0012410	As009G207080	XP_010512028.1, XP_010415631.1, XP_010470973.1
OG0012411	As009G207640	XP_010482212.1, XP_010442398.1
OG0012412	As009G207920	XP_010482191.2, XP_010442368.2, XP_010440217.1
OG0012413	As009G208320	XP_010439766.1, XP_010482154.1, XP_010442336.1
OG0012414	As009G208700	XP_010482140.1, XP_019088806.1, XP_010439616.1
OG0012416	As009G211370	XP_019097981.1, XP_010452646.1, XP_010423269.1
OG0012417	As009G211420	XP_010452641.1, XP_010423278.1, XP_010491284.1
OG0012418	As009G211590	XP_010491255.1, XP_010452615.1
OG0012419	As009G211850	XP_010452598.1, XP_010424750.1, XP_010491231.1
OG0012420	As009G211890	XP_010423320.1, XP_010491229.1, XP_010452597.1
OG0012421	As009G212120	XP_010442214.1, XP_010482048.1, XP_010439213.1
OG0012422	As009G212170	XP_010419924.1, XP_010453420.1, XP_010492098.1
OG0012423	As009G212220	XP_010423343.2, XP_010452568.2, XP_010491201.2
OG0012424	As009G212240	XP_010452562.1, XP_010491195.1, XP_010423347.1
OG0012425	As009G212440	XP_010452551.1, XP_010491177.1, XP_010423369.1
OG0012426	As009G213230	XP_010423466.1, XP_010452452.1, XP_010452451.1
OG0012427	As009G213980	XP_010483176.1, XP_010443350.1, XP_010451619.1
OG0012428	As009G214260	XP_010452384.1, XP_010423532.1, XP_010491003.1
OG0012429	As009G214290	XP_010491001.1, XP_010423534.1, XP_010452382.1
OG0012430	As009G214580	XP_010423572.1, XP_010490960.1, XP_010452345.1
OG0012431	As009G214950	XP_010454929.1, XP_010421446.1, XP_010493844.1
OG0012432	As009G215420	XP_010493777.1, XP_019083947.1, XP_010454849.1
OG0012433	As009G216450	XP_010454709.1, XP_010493556.1, XP_010421232.1
OG0012434	As009G216490	XP_010454704.1, XP_010493553.1, XP_010421224.1
OG0012435	As009G216610	XP_010421210.1, XP_010454689.1, XP_010456662.2, XP_010493532.1
OG0012436	As009G217010	XP_010493479.1, XP_010421163.1, XP_010454646.1
OG0012437	As009G217130	XP_010454618.1, XP_010421140.1, XP_010493462.1
OG0012438	As009G217270	XP_010493438.1, XP_010454604.1, XP_010421122.1
OG0012439	As009G217280	XP_010421121.1, XP_010493440.2, XP_010454605.1, XP_019090089.1
OG0012440	As009G217290	XP_010493441.1, XP_010454603.1, XP_010421120.1
OG0012441	As009G217540	XP_010456764.1, XP_010443889.1, XP_010483737.1
OG0012442	As009G217740	XP_010456926.1, XP_010483765.1, XP_010443919.1
OG0012443	As009G218080	XP_010446230.1, XP_010477786.1, XP_010483817.1
OG0012444	As009G218460	XP_010457930.1, XP_010444027.1, XP_010483882.1
OG0012445	As009G218990	XP_010483965.1, XP_010458998.1, XP_010444101.1
OG0012446	As009G219010	XP_010444104.1, XP_010483969.1, XP_010459021.1
OG0012447	As009G219060	XP_010459102.1, XP_010483975.1, XP_010444110.1
OG0012448	As009G219360	XP_010484007.1, XP_010444158.1, XP_010478124.1
OG0012449	As009G219610	XP_010454201.1, XP_010483478.1, XP_010443623.1
OG0012450	As009G219660	XP_019092808.1, XP_010443613.1, XP_010483470.1
OG0012451	As009G220080	XP_010443550.1, XP_010497322.2, XP_010483409.1, XP_010453481.1
OG0012452	As009G220120	XP_010453413.1, XP_010453389.1, XP_010443544.1, XP_010483397.1
OG0012453	As010G220740	XP_010503746.1, XP_010515449.1, XP_010426621.1
OG0012454	As010G220840	XP_010515438.1, XP_010426608.1, XP_010503734.1
OG0012455	As010G220890	XP_010515433.1, XP_010426603.1, XP_010503729.1
OG0012456	As010G221110	XP_010503705.1, XP_010515395.1, XP_010426580.1
OG0012457	As010G221150	XP_010515392.1, XP_010503703.1
OG0012458	As010G221290	XP_010503675.1, XP_010515369.1, XP_010426548.1
OG0012459	As010G221750	XP_019102296.1, XP_010503608.1, XP_019084821.1
OG0012460	As010G221900	XP_010503594.1, XP_010515277.1, XP_010426442.1
OG0012461	As010G222280	XP_010426398.1, XP_010503543.1, XP_010515233.1
OG0012462	As010G222320	XP_010503535.1, XP_010426392.1
OG0012463	As010G222390	XP_010426379.1, XP_010503524.1, XP_010515207.1
OG0012464	As010G222420	XP_010503517.1, XP_010431143.1
OG0012465	As010G222700	XP_019102291.1, XP_019100213.1, XP_010426342.1
OG0012466	As010G222830, As010G222820, As010G222840	XP_010515152.1, XP_010426322.1, XP_010503462.1
OG0012467	As010G223470	XP_019084794.1, XP_010503371.1, XP_010515073.1
OG0012468	As010G223480	XP_019098493.1, XP_019084792.1, XP_010503375.1, XP_010515074.1
OG0012469	As010G223540	XP_010426199.1, XP_010515059.1, XP_010503357.1
OG0012470	As010G223570	XP_010426197.1, XP_010515058.1, XP_010503352.1
OG0012471	As010G224120	XP_010503308.1, XP_010426149.1, XP_010515015.1
OG0012472	As010G224260	XP_010454677.1, XP_010443661.1, XP_010483529.1
OG0012473	As010G224400	XP_010514986.1, XP_010426102.1, XP_010503277.1
OG0012474	As010G224510	XP_010503266.1, XP_019102263.1, XP_010426091.1
OG0012475	As010G224540	XP_010426083.1, XP_010503261.1
OG0012476	As010G224900	XP_010426011.1, XP_010514907.1, XP_010503194.1
OG0012477	As010G225540	XP_010495852.1, XP_010503168.1, XP_010514860.1, XP_010495850.1
OG0012478	As010G225830	XP_010503140.1, XP_010514818.1, XP_010425922.1
OG0012479	As010G226060	XP_010425877.1, XP_010514790.1, XP_010503113.1
OG0012480	As010G226420	XP_010514753.1, XP_010427109.1
OG0012481	As010G226650	XP_010425834.1, XP_010503050.1, XP_019098629.1
OG0012482	As010G226840	XP_010425819.1, XP_010503040.1
OG0012483	As010G226910	XP_019102238.1, XP_010503036.1
OG0012484	As010G227930	XP_010470685.1, XP_010415348.1, XP_010511722.1
OG0012485	As010G228110	XP_010470674.1, XP_010415339.1, XP_010511709.1, XP_010437132.1, XP_019087853.1
OG0012486	As010G228800	XP_010511675.1, XP_010470649.1, XP_019083221.1
OG0012487	As010G228920	XP_010415248.1, XP_019083219.1, XP_019101595.1, XP_019101586.1
OG0012488	As010G229020	XP_010429385.1, XP_010472422.1
OG0012489	As010G229350	XP_010415411.1
OG0012490	As010G229460	XP_010511645.1, XP_010470627.1, XP_010415296.1
OG0012491	As010G230010	XP_019083241.1, XP_010511792.1, XP_010470757.1
OG0012492	As010G231440	XP_010415518.1, XP_019093614.1, XP_010511900.1
OG0012493	As010G231520	XP_019093711.1, XP_019101068.1, XP_019093667.1
OG0012494	As010G231530	XP_010470855.1, XP_010511893.1, XP_010470861.1
OG0012495	As010G232040	XP_010511931.1, XP_010415535.1, XP_010440257.1, XP_010470882.1
OG0012496	As010G232510	XP_010419096.1, XP_010511970.1, XP_010470929.1
OG0012497	As010G232540	XP_010415589.1, XP_010511973.1
OG0012498	As010G232550	XP_010511974.1, XP_010470930.1, XP_010415590.1
OG0012499	As010G240630, As010G232630	XP_010416085.1, XP_010428214.1, XP_010471356.1
OG0012500	As010G233190	XP_010415699.1, XP_010512097.1, XP_010471015.1
OG0012501	As010G233380	XP_010427823.1, XP_010415726.1, XP_010471039.1
OG0012502	As010G233480	XP_010415739.1, XP_010427835.1
OG0012503	As010G233970	XP_010471110.1, XP_010415800.1, XP_010427918.1
OG0012504	As010G234100	XP_010427946.1, XP_010415824.1
OG0012505	As010G234540	XP_010428007.1, XP_010415884.1, XP_010471185.1
OG0012506	As010G235170	XP_010472039.1, XP_010416807.1, XP_010428951.1
OG0012507	As010G235410	XP_010428909.1, XP_010416771.1, XP_010472005.1
OG0012508	As010G235570	XP_010428872.1, XP_010471986.1, XP_010416748.1
OG0012509	As010G235830	XP_010471956.1, XP_010416712.1, XP_019085044.1
OG0012510	As010G235840	XP_010471955.1, XP_010416710.1, XP_010428841.1
OG0012511	As010G236000	XP_010428825.1, XP_010471942.1, XP_010416691.1
OG0012512	As010G236160	XP_010428800.1, XP_010416661.1, XP_010471914.1
OG0012513	As010G236190	XP_010416660.1, XP_010474376.1
OG0012514	As010G236410	XP_010471871.1, XP_010428770.1, XP_010416627.1
OG0012515	As010G236690	XP_010428740.1, XP_010471837.1, XP_010416600.1
OG0012516	As010G236760	XP_010471824.1, XP_010416590.1, XP_010428730.1
OG0012517	As010G236880	XP_010471811.1, XP_019083404.1, XP_010428722.1
OG0012518	As010G237230	XP_010416539.1, XP_010471777.1, XP_010428681.1
OG0012519	As010G237470	XP_019093049.1, XP_010428656.1, XP_010416516.1
OG0012520	As010G238390	XP_010416386.1, XP_010428526.1, XP_010471623.1
OG0012521	As010G238440	XP_010416379.1, XP_010471618.1, XP_010428516.1, XP_010419209.1
OG0012522	As010G238470	XP_019085008.1, XP_019083378.1, XP_019093945.1
OG0012523	As010G238680	XP_010428482.1, XP_010416345.1, XP_010471584.1
OG0012524	As010G238690	XP_010428478.1, XP_010416344.1, XP_010471581.1
OG0012525	As010G238920	XP_019102127.1, XP_010480650.1
OG0012526	As010G239490	XP_010416230.1, XP_010471489.1, XP_010428358.1
OG0012527	As010G239660, As010G239630	XP_019083348.1, XP_010428338.1, XP_010471469.1
OG0012528	As010G239740	XP_019094004.1, XP_019094005.1, XP_010471453.1, XP_010428320.2
OG0012529	As010G239940	XP_010471431.1, XP_010428298.1, XP_010416180.1
OG0012530	As010G240550	XP_010416103.1, XP_010471370.1, XP_010428222.1, XP_010428221.1
OG0012531	As010G241330	XP_010415991.1, XP_010471273.1, XP_010428130.1, XP_010428129.1
OG0012532	As010G241440	XP_010428114.1, XP_010415976.1, XP_010471257.1
OG0012533	As010G241920, As010G241930	XP_010429683.1, XP_010474476.2, XP_010417455.1
OG0012534	As010G242000	XP_010429689.1, XP_010417464.1, XP_019093976.1
OG0012535	As010G242090	XP_010464674.1, XP_010417479.1
OG0012536	As010G242440	XP_010417522.1, XP_010429776.1, XP_010472745.1
OG0012537	As010G242450	XP_010417524.1, XP_010472746.1, XP_010429779.1
OG0012539	As010G242600	XP_019083542.1
OG0012540	As010G242980	XP_010474497.1, XP_010417624.1, XP_010429851.1
OG0012541	As010G243050	XP_010429861.1, XP_019093445.1, XP_010417632.1
OG0012542	As010G243390	XP_010429902.1, XP_010472874.1, XP_010417660.1
OG0012543	As010G244220	XP_010417755.1, XP_010472994.1, XP_010430019.1
OG0012544	As010G244330	XP_010430040.1, XP_010417769.1, XP_019094031.1
OG0012545	As010G244360	XP_010473010.1, XP_010430041.1, XP_010417771.1
OG0012546	As010G244480	XP_010430055.1, XP_010417789.1, XP_010473022.1
OG0012547	As010G244490	XP_010473040.1, XP_010417804.1, XP_010510890.1
OG0012548	As010G244510	XP_010430067.1, XP_010473032.1, XP_010417796.1
OG0012549	As010G244530	XP_010473029.1, XP_010417792.1, XP_010430063.1
OG0012550	As011G244650	XP_010486997.1, XP_010499400.1, XP_010465050.1
OG0012551	As011G245080	XP_010500202.1, XP_019101555.1, XP_010465141.1, XP_019096573.1, XP_019101576.1
OG0012552	As011G245100	XP_010465143.1, XP_010487073.1, XP_010418959.1, XP_010496369.1
OG0012553	As011G246120	XP_010479993.1, XP_010501074.1, XP_010462315.1
OG0012554	As012G269240, As011G246250	XP_010501737.1, XP_019096181.1, XP_010465305.1
OG0012555	As011G246470	XP_010487233.1, XP_010501855.1, XP_010465326.1
OG0012557	As011G246870	XP_010465374.1, XP_010487276.1, XP_010502056.1
OG0012558	As011G247290	XP_010502588.1, XP_010465467.1, XP_010487337.1
OG0012559	As011G247310	XP_010487338.1, XP_010502599.1, XP_010465468.1
OG0012561	As011G247990	XP_010487418.1, XP_010465569.1, XP_010503441.1
OG0012562	As011G248200	XP_010468200.1, XP_010487445.1, XP_010503670.1
OG0012563	As011G248770	XP_010465679.1, XP_010504403.1, XP_010487513.1
OG0012564	As011G249030	XP_010487554.1, XP_010497587.1, XP_019102266.1, XP_010465707.1
OG0012565	As011G249090	XP_010504767.1, XP_010465714.1, XP_010487561.1
OG0012566	As011G249200	XP_019097095.1, XP_010487577.1, XP_010465734.1, XP_010504924.1
OG0012567	As011G249240	XP_010465736.1, XP_010487579.1, XP_010504945.1
OG0012568	As011G249250	XP_010504959.1, XP_010487580.1
OG0012570	As011G249730	XP_010505770.1, XP_010487660.1, XP_019092424.1, XP_010465829.1
OG0012571	As011G249740	XP_010465857.1, XP_010465828.1, XP_010505760.1, XP_010487661.1
OG0012572	As011G249750	XP_010505736.1, XP_010487662.1, XP_010465826.1
OG0012573	As011G249810	XP_010487669.1, XP_010465833.1, XP_010505826.1
OG0012574	As011G250350	XP_010506663.1, XP_010487742.1, XP_010465915.1
OG0012575	As011G250420	XP_010487752.1, XP_010506802.1, XP_010506791.1, XP_010465925.1, XP_019092241.1
OG0012576	As011G250480	XP_010487768.1, XP_010506898.1, XP_010465942.1
OG0012577	As011G250630	XP_010487777.1, XP_010465954.1, XP_010506955.1
OG0012578	As011G250800	XP_010507089.1, XP_010487793.1
OG0012579	As011G251020	XP_010487816.1, XP_010507301.1, XP_010466021.1
OG0012580	As011G257310, As011G251260	XP_010466049.1, XP_010507485.1, XP_010487843.1
OG0012581	As011G251330	XP_010466055.1, XP_019096899.1, XP_010419922.1
OG0012582	As011G251490	XP_010487888.1, XP_010507743.1, XP_010466089.1
OG0012583	As011G251950	XP_010508140.1, XP_010487939.1, XP_010466150.1
OG0012584	As011G252130	XP_010466176.1, XP_010508355.1, XP_010487964.1
OG0012585	As011G252350	XP_010466195.1, XP_010487983.1, XP_010508553.1
OG0012586	As011G252700	XP_010488017.1, XP_010508912.1, XP_010466233.1
OG0012587	As011G253060	XP_010466288.1, XP_010509367.1, XP_010488067.1
OG0012588	As012G271750, As011G253070	XP_010461947.1, XP_010500685.1, XP_010479574.1
OG0012589	As011G253190	XP_010509546.1, XP_010466309.1, XP_010488083.1
OG0012590	As011G253720	XP_010510392.1, XP_010466408.1, XP_010488172.1
OG0012591	As011G254350	XP_010435000.1, XP_010440370.1, XP_010449966.1
OG0012592	As011G254870	XP_010427367.1, XP_010504444.1, XP_010516164.1
OG0012593	As011G255000	XP_019083969.1
OG0012594	As011G255140	XP_010466631.1, XP_010512149.1, XP_010488362.1
OG0012595	As011G255460	XP_010488430.1, XP_010512614.1, XP_010466704.1
OG0012596	As011G255690	XP_010488451.1, XP_010512823.1, XP_010466731.1
OG0012597	As011G255720	XP_010488454.1, XP_010466735.1, XP_010512892.1
OG0012598	As011G255820	XP_010466755.1, XP_010488469.1, XP_010421873.1, XP_010497076.1, XP_019083312.1
OG0012599	As011G255850	XP_010488473.1, XP_010466760.1, XP_010512552.1, XP_010513009.1
OG0012600	As011G255960	XP_010475686.1, XP_010458137.1, XP_010489319.1
OG0012601	As011G255990	XP_010513104.1, XP_010488485.1, XP_010466773.1
OG0012602	As011G256290	XP_010466821.1, XP_010513362.1
OG0012603	As011G256350	XP_010488812.1, XP_010496140.1, XP_010467148.1
OG0012604	As011G256860	XP_010513655.1, XP_010488574.1, XP_010466887.1
OG0012605	As011G258290	XP_010488664.1, XP_019083624.1, XP_010466978.1
OG0012606	As011G258460	XP_010514225.1, XP_010466966.1, XP_010488656.1
OG0012607	As011G259040, As011G258870	XP_010514616.1, XP_010467007.1, XP_019096460.1
OG0012608	As011G260580	XP_010496025.1, XP_010467163.1, XP_010413798.1
OG0012609	As011G260770	XP_010467639.1, XP_010489528.1, XP_010414111.1
OG0012610	As011G261240	XP_010467120.1, XP_010412917.1, XP_019097008.1
OG0012611	As011G261480	XP_010412797.1, XP_010467108.1, XP_010488783.1
OG0012612	As011G261570	XP_010490176.1, XP_010467086.1
OG0012613	As011G261640	XP_010412687.1, XP_010467092.1, XP_010488771.1
OG0012614	As011G261890	XP_010488821.1, XP_010413891.1, XP_010467159.1
OG0012615	As011G261960	XP_010468568.1, XP_010518406.1
OG0012616	As011G261970	XP_010479926.1, XP_010501009.1, XP_010462253.1
OG0012617	As011G262410	XP_019096810.1, XP_010517803.2, XP_010467264.1
OG0012618	As011G262520	XP_010517914.1, XP_010467275.1, XP_010488934.1
OG0012619	As011G262640	XP_010518057.1, XP_010467287.1, XP_010488948.1
OG0012620	As011G263000	XP_010467336.1, XP_010517070.1
OG0012621	As011G263010	XP_010517082.2, XP_010467337.1, XP_019096520.1, XP_010517092.2
OG0012622	As011G263080	XP_010489189.1, XP_010517002.1, XP_010467343.1
OG0012623	As011G263410	XP_010489218.1, XP_010516684.1, XP_010467374.1
OG0012624	As011G263610	XP_010489257.1, XP_010496668.1, XP_010516178.1
OG0012625	As011G263660	XP_010489274.1, XP_010489267.1, XP_010516109.1, XP_010467408.1
OG0012626	As011G263690	XP_010517129.1, XP_010505459.1, XP_010509184.1, XP_010517128.1
OG0012627	As011G263720	XP_010468667.1, XP_010516029.1, XP_010489284.1
OG0012628	As011G264290	XP_010515344.1, XP_010467486.1, XP_010489351.1
OG0012629	As011G264470	XP_010490376.1, XP_010514977.1, XP_010467521.1
OG0012630	As011G264480	XP_010514917.1, XP_010467524.1, XP_010489381.1
OG0012631	As011G264600	XP_010514759.1, XP_010489393.1, XP_010467541.1
OG0012632	As011G264900	XP_010489439.1, XP_010413248.1, XP_010467594.1
OG0012633	As011G264970	XP_010489499.1, XP_010467607.1, XP_010413128.1
OG0012634	As011G265020	XP_019096948.1, XP_010413908.1, XP_010467613.1
OG0012635	As011G265250, As011G265240	XP_010414363.1, XP_010467666.1, XP_010489553.1
OG0012637	As011G265740	XP_010414982.1, XP_010490405.1, XP_010468750.1
OG0012638	As011G265970	XP_010489472.1, XP_010415229.1, XP_010467875.1
OG0012639	As011G266110	XP_010489479.1, XP_010467892.1, XP_010415380.1
OG0012640	As011G266330	XP_010489144.1, XP_010416800.2, XP_010495932.1
OG0012641	As011G266550	XP_010416533.1, XP_010489118.1, XP_010467911.1
OG0012642	As011G266770	XP_010467931.1, XP_010416208.1, XP_010489088.1
OG0012643	As011G267160	XP_010467807.1, XP_010490287.1, XP_010425816.1, XP_010497630.1
OG0012644	As011G267460	XP_010490263.1, XP_010468776.1, XP_010467957.1
OG0012645	As012G267780	XP_010421495.1, XP_010493887.1
OG0012646	As012G267830	XP_010501242.1, XP_010480172.1, XP_010462478.1
OG0012647	As012G268000	XP_019091430.1, XP_010501212.1, XP_010480141.1
OG0012648	As012G268010	XP_019094611.1, XP_019091371.1, XP_010501209.1
OG0012649	As012G268450	XP_010501157.1, XP_010501155.1, XP_010462393.1, XP_010480079.1
OG0012650	As012G269350	XP_010502010.1, XP_010479976.1, XP_010462298.1
OG0012651	As012G269580	XP_010479938.1, XP_010501021.1, XP_010462262.1
OG0012652	As012G269680	XP_019094695.1, XP_010481171.1, XP_010479918.1, XP_010501004.1, XP_010462251.1
OG0012653	As012G269730	XP_010462241.1, XP_010479910.1, XP_010500996.1
OG0012654	As012G269990	XP_010501992.1, XP_010501266.1, XP_019090836.1, XP_010479857.1, XP_010500944.1
OG0012655	As012G270220, As012G270210	XP_010462139.1, XP_010479814.1, XP_010500911.1
OG0012656	As012G270400	XP_019094888.1, XP_010500899.1, XP_010463426.1
OG0012657	As012G270720	XP_010479744.1, XP_010500836.1, XP_010462073.1
OG0012658	As012G270990	XP_010502686.2, XP_019100870.1
OG0012659	As012G271330	XP_010479670.1, XP_010462009.1, XP_010500758.1
OG0012660	As012G271350	XP_010462012.1, XP_010479672.1
OG0012661	As012G271450	XP_010461993.1, XP_010479647.1, XP_010500737.1
OG0012662	As012G271640	XP_019091148.1, XP_010501950.1, XP_010479556.1
OG0012663	As012G271690	XP_010479562.1, XP_010500676.1, XP_010461939.1
OG0012664	As012G271930	XP_010461927.1, XP_010479539.1, XP_010500649.1
OG0012665	As012G271970	XP_010500644.1, XP_010479533.1, XP_010461921.1
OG0012666	As012G271980	XP_010461920.1, XP_010479532.1, XP_010500643.1
OG0012667	As012G272170, As012G272160	XP_010500611.1, XP_010479504.1, XP_010461897.1
OG0012668	As012G272500	XP_010500548.1, XP_010479408.1
OG0012669	As012G272560	XP_010500541.1, XP_010479424.1, XP_010461839.1
OG0012670	As012G272620	XP_010461830.1, XP_010479449.1, XP_010461827.1, XP_010500529.1
OG0012671	As012G272900	XP_010461777.1, XP_010479377.1, XP_019099446.1
OG0012672	As012G272910	XP_010501952.1, XP_010479564.1
OG0012673	As012G273180	XP_010461746.1, XP_010500422.1, XP_010479312.1
OG0012674	As012G273360	XP_010479320.1, XP_010500436.1, XP_010461723.1
OG0012675	As012G273410	XP_010500425.1, XP_010461740.1
OG0012676	As012G273660	XP_010461675.1, XP_010500386.1
OG0012677	As012G273770	XP_010500366.2, XP_010461660.2, XP_010479263.2
OG0012678	As012G273890	XP_010479249.2, XP_010461643.1, XP_010500353.1
OG0012679	As012G273900	XP_010461641.1, XP_010479248.1, XP_010500351.1
OG0012680	As012G274280	XP_010449834.1, XP_010434863.1, XP_010440191.1
OG0012681	As012G274330	XP_010449838.1, XP_010434869.1, XP_010440195.1
OG0012682	As012G274510	XP_010434895.1, XP_010440215.1, XP_010449862.1
OG0012683	As012G274660	XP_010440237.1, XP_010451480.1
OG0012684	As012G274690	XP_010434912.1, XP_010449882.1, XP_010440240.1
OG0012685	As012G274700	XP_010449884.1, XP_010440242.1, XP_010434915.1, XP_010497363.1
OG0012686	As012G274870	XP_010504975.1, XP_010509689.1, XP_010516655.1
OG0012687	As012G275300	XP_010504916.1, XP_010509740.1, XP_010516600.1
OG0012688	As012G275360	XP_010509748.1, XP_010516591.1, XP_010516593.1, XP_010504906.1
OG0012689	As012G275510	XP_019100279.1, XP_010426784.1, XP_010515638.1
OG0012690	As012G275520	XP_010426791.1, XP_010515643.1, XP_010503910.1
OG0012691	As012G275680	XP_010515660.1, XP_010426812.1, XP_010503930.1, XP_010426814.1
OG0012692	As012G275880	XP_010503972.1, XP_010426848.1, XP_010515694.1
OG0012693	As012G275930	XP_010426854.1, XP_010515699.1, XP_010503982.1, XP_010515707.1
OG0012694	As012G276010	XP_010426863.1, XP_010503989.1, XP_010515713.1, XP_010507407.1
OG0012695	As012G276090	XP_010515724.1, XP_010426874.1, XP_010504003.1
OG0012696	As012G276350, As012G276340, As012G283430	XP_010504028.1, XP_010515756.1, XP_010426906.1
OG0012697	As012G276580	XP_010515780.1, XP_010426933.1, XP_010504056.1
OG0012698	As012G277030	XP_019085270.1, XP_019100309.1, XP_010515825.1
OG0012699	As012G277210	XP_010515837.1, XP_010504109.1, XP_010426997.1
OG0012700	As012G277380, As012G277220	XP_019090094.1, XP_010421326.1, XP_010454809.1, XP_010470870.1
OG0012701	As012G277790	XP_010504169.1, XP_010515895.1, XP_010427051.1
OG0012702	As012G278050	XP_010515914.1, XP_010504190.1
OG0012703	As012G279200	XP_010515598.1, XP_010503864.1, XP_010426744.1
OG0012704	As012G279920	XP_010515948.1, XP_010427099.1, XP_010504228.1
OG0012705	As012G280160	XP_010427150.1, XP_010504251.1, XP_010515975.1
OG0012706	As012G280920	XP_010504314.1, XP_010427212.1, XP_010516030.1
OG0012707	As012G281140	XP_010427235.1, XP_010516044.1, XP_010504329.1
OG0012708	As012G281800	XP_010427309.1, XP_010504393.1
OG0012709	As012G282000	XP_010427330.1, XP_010504412.1, XP_010516129.1
OG0012710	As012G282040	XP_010504417.1, XP_010516136.1, XP_010427338.1
OG0012711	As012G282140	XP_010504427.1, XP_010516152.1, XP_010427354.1
OG0012712	As012G282210	XP_010516160.1, XP_010427363.1, XP_010504436.1
OG0012713	As012G282800	XP_010504530.1, XP_010427449.1, XP_010516236.1
OG0012714	As012G282820	XP_010504538.1, XP_010516240.1, XP_010427450.1
OG0012715	As012G283410, As012G283010	XP_019100368.1, XP_010516264.1, XP_010427486.1
OG0012716	As012G283020	XP_010516266.1, XP_019100369.1, XP_010427489.1
OG0012717	As012G283050	XP_010504566.1, XP_010504567.1, XP_010516267.1, XP_010427493.1
OG0012718	As012G283260	XP_010504591.1, XP_010427530.1, XP_010516288.1
OG0012719	As012G283270	XP_010504590.1, XP_010427527.1
OG0012720	As012G283400	XP_010450347.1, XP_010440692.1, XP_010435394.1
OG0012721	As012G283650	XP_010427576.1, XP_010504633.1, XP_010516319.1
OG0012722	As012G283710	XP_019100381.1, XP_010516325.1, XP_010427583.1
OG0012723	As012G283740	XP_010504640.1, XP_010516326.1, XP_010427587.1
OG0012724	As012G283830	XP_010516343.1, XP_019084914.1
OG0012725	As012G284330	XP_010504729.1, XP_010516431.1, XP_010427684.1
OG0012726	As012G284850	XP_019102437.1, XP_019084941.1, XP_019100415.1
OG0012727	As012G284860	XP_010516508.1, XP_010504815.1, XP_010427763.1
OG0012728	As012G284970	XP_010508536.1, XP_010506109.1, XP_010517812.1
OG0012729	As012G285170	XP_010504880.1, XP_010516570.1, XP_010512131.1
OG0012730	As012G285190	XP_010504884.1, XP_010516574.1, XP_010512135.1
OG0012731	As012G285700	XP_010469290.2
OG0012732	As012G285760	XP_010512253.1, XP_010469272.1, XP_010413644.1
OG0012733	As012G286560, As012G286500	XP_010512375.1, XP_010469179.1, XP_010413553.1
OG0012734	As012G286590	XP_019101031.1, XP_010413552.1, XP_010469178.1
OG0012735	As012G286960	XP_010512415.1, XP_010413509.1, XP_019093701.1
OG0012736	As012G288030	XP_010468990.1, XP_010413311.1, XP_010512590.1
OG0012737	As012G288270	XP_010468966.1, XP_010413286.1, XP_010512620.1
OG0012738	As012G288400	XP_010468945.1, XP_010413270.1, XP_010512647.1
OG0012739	As012G288610	XP_010512676.1, XP_010468918.1, XP_010413240.1
OG0012740	As012G289060	XP_019093662.1, XP_019093658.1, XP_010413187.1, XP_019101761.1
OG0012741	As012G289130	XP_010468870.1, XP_010413178.1, XP_010512734.1
OG0012836	As001G000020	XP_010438502.1, XP_010448030.1, XP_010433261.1
OG0012837	As001G000120	XP_010448014.1, XP_010438492.1, XP_019086941.1
OG0012838	As001G000230	XP_010447994.1, XP_010433234.1, XP_010438474.1
OG0012839	As001G000500	XP_010447958.1, XP_010438427.1, XP_010433200.1
OG0012840	As001G000690	XP_010433164.1, XP_010438384.1, XP_010447916.1
OG0012841	As001G000950	XP_010433135.1, XP_010447889.1, XP_010438336.1
OG0012842	As001G001240	XP_019089033.1, XP_010447855.1, XP_010433098.1, XP_010438302.1
OG0012843	As001G001380	XP_010438289.2, XP_010447843.1, XP_010433087.1
OG0012844	As001G001450	XP_010505866.1, XP_010508773.1, XP_010517586.1
OG0012845	As001G001760	XP_010447800.1, XP_010433053.1, XP_010438250.1
OG0012846	As001G002370	XP_010447728.1, XP_019088836.1, XP_010432994.1
OG0012847	As001G002540	XP_010438170.1, XP_010432979.1, XP_010447705.2
OG0012848	As001G002650	XP_010432963.1, XP_010447693.1
OG0012849	As001G002980	XP_010432934.1, XP_010447657.1, XP_010438123.1
OG0012850	As001G003010	XP_010447653.1, XP_019087895.1, XP_010432929.1
OG0012851	As001G003230	XP_010438095.1, XP_010447631.1, XP_010432916.1
OG0012852	As001G003330	XP_010438086.1, XP_010447623.1
OG0012853	As001G003480	XP_010438058.1, XP_010432883.1, XP_010447592.1
OG0012854	As001G003750	XP_019088929.1, XP_010438035.1, XP_010432858.1
OG0012855	As001G004360	XP_010432797.1, XP_010437978.1, XP_010447470.1
OG0012856	As001G004490	XP_010432777.1, XP_010447447.1, XP_010437958.1
OG0012857	As001G004740, As006G131340	XP_010437928.1, XP_010432743.1, XP_010447412.1
OG0012858	As001G004800	XP_010445012.1, XP_010447407.1, XP_010432737.1
OG0012859	As001G004970	XP_010447390.1, XP_019086199.1, XP_010437911.1
OG0012860	As001G005080	XP_010447873.1, XP_010433114.1, XP_010438318.1
OG0012862	As001G005410	XP_010432681.1, XP_010437874.1, XP_010447357.1
OG0012863	As001G005620	XP_010447314.1, XP_010437826.1, XP_010432631.1
OG0012864	As001G005790	XP_010432640.1, XP_010437833.1, XP_010447320.1
OG0012865	As001G006360	XP_010447345.1, XP_019087881.1, XP_010432668.1
OG0012866	As001G006470	XP_010432675.2, XP_010451078.1, XP_010497585.1, XP_010451079.1, XP_010437868.1
OG0012867	As001G006730	XP_010432618.1, XP_010437808.1, XP_010447292.1
OG0012868	As001G010040, As001G015380	XP_010432551.1, XP_010437757.1, XP_010447229.1
OG0012869	As001G010180	XP_010432557.1, XP_010447237.1
OG0012870	As001G010240	XP_010437761.1, XP_010432561.1, XP_010447239.1
OG0012871	As001G010370	XP_010432553.1, XP_010444987.1, XP_010447231.1
OG0012872	As001G010540	XP_010447222.1, XP_010432545.1, XP_010437747.1
OG0012873	As001G010710	XP_010432532.1, XP_010437738.1, XP_010447216.1
OG0012875	As001G012610	XP_010447176.1, XP_010432495.1, XP_010437702.1
OG0012876	As001G012780	XP_010432436.1, XP_010437640.1, XP_019089288.1
OG0012877	As001G013730	XP_010437683.1, XP_010432477.1, XP_010447162.1
OG0012878	As001G014090	XP_010432433.1, XP_010447104.1, XP_010437633.1, XP_019098650.1
OG0012879	As001G014530	XP_010437563.1
OG0012880	As001G014540	XP_010444965.1, XP_010497589.1, XP_010436259.1, XP_010447032.1
OG0012881	As001G014860	XP_010432342.1, XP_010437528.1, XP_010446983.1
OG0012882	As008G187250, As003G072380, As001G014950	XP_010432201.1, XP_010437382.1, XP_010446824.1
OG0012883	As001G015090	XP_019086021.1, XP_010437516.1, XP_010446971.1
OG0012884	As001G015140	XP_019097106.1, XP_010467038.1, XP_010412411.1
OG0012885	As001G015680	XP_010499653.1, XP_010460923.1, XP_010478545.1
OG0012886	As004G078740, As001G015700	XP_010460919.1, XP_010478548.1, XP_010499656.1
OG0012887	As004G078990, As001G015910	XP_010478882.1, XP_010499684.1, XP_010460960.1
OG0012888	As001G015960	XP_010478891.1, XP_010499690.1, XP_010460972.1
OG0012889	As001G016910	XP_010461057.1, XP_010499781.1
OG0012890	As001G016940	XP_010499790.1, XP_010478664.1, XP_010461065.1
OG0012891	As001G017100	XP_010461112.1, XP_010478684.1, XP_010499835.1
OG0012892	As001G017610	XP_010440106.1, XP_010434775.1
OG0012893	As001G017840	XP_010434799.1, XP_010449754.1, XP_010440127.1
OG0012894	As001G017870	XP_019087893.1, XP_019088919.1
OG0012895	As001G017880	XP_010449759.1, XP_010497298.1, XP_010440131.1
OG0012896	As001G018010, As004G083020	XP_010434816.1, XP_010449783.1
OG0012897	As001G018090	XP_010440159.1, XP_010434828.1
OG0012898	As001G018230	XP_010449801.1, XP_010440168.1, XP_010436532.1
OG0012899	As001G018370	XP_010414888.1, XP_010470344.1, XP_010511186.1
OG0012900	As001G018490	XP_010470359.1, XP_010511201.1, XP_010414904.1
OG0012901	As001G018520	XP_010414909.1, XP_010470362.1
OG0012902	As001G018680	XP_010414927.1, XP_010511223.2
OG0012903	As001G018750	XP_010511230.1, XP_010480209.1, XP_010414934.2
OG0012904	As001G018780	XP_010511235.1, XP_010414937.1
OG0012905	As001G018800	XP_010511239.1, XP_010414944.1, XP_010480214.1
OG0012906	As001G018970	XP_010480234.1, XP_010414975.1, XP_010511263.1
OG0012907	As001G019020	XP_010511277.1, XP_010414980.1, XP_010480243.1
OG0012908	As001G019030	XP_010480250.1, XP_010414985.1, XP_010511281.1
OG0012909	As001G019380	XP_010511355.1, XP_010470316.1, XP_010414806.1
OG0012910	As001G019390	XP_010467195.1, XP_010518384.1, XP_010488861.1
OG0012911	As001G019670	XP_010511103.1, XP_010418879.1, XP_010474048.1
OG0012912	As001G019760	XP_010470264.1, XP_010414741.1, XP_010511083.1
OG0012913	As001G019920	XP_010511066.1, XP_010470249.1, XP_010414727.2
OG0012914	As001G020050, As001G019940	XP_010414708.1, XP_010470226.1, XP_010511043.1
OG0012915	As001G020170	XP_010414654.1, XP_010511015.1, XP_010470196.1
OG0012916	As001G020240	XP_010414664.1, XP_019093060.1, XP_019101520.1
OG0012917	As001G020360	XP_010414638.1, XP_010470179.1, XP_010510998.1
OG0012918	As001G020390	XP_010470170.1, XP_010414628.1, XP_010510992.2
OG0012919	As001G020880	XP_010417982.1, XP_010510944.1
OG0012920	As001G020940	XP_010510937.1, XP_010417988.1, XP_010473234.1
OG0012921	As001G020970	XP_019101511.1, XP_019083620.1
OG0012922	As001G021020	XP_010473258.1, XP_010510908.1, XP_010418022.1
OG0012923	As001G021140	XP_010418009.1, XP_010473244.1, XP_010510929.1
OG0012924	As001G021180	XP_010473268.1, XP_010430074.1, XP_010418032.1
OG0012925	As001G021450	XP_010430100.1, XP_010418058.1, XP_010473309.1
OG0012926	As001G021460	XP_010474563.1, XP_010419432.1, XP_010431668.1
OG0012927	As001G021470	XP_010418059.1, XP_010473311.1, XP_010430102.1
OG0012928	As001G021520	XP_010458493.1, XP_010492349.1, XP_010476006.1
OG0012929	As001G021570	XP_010473327.1, XP_010430120.1
OG0012930	As001G021600	XP_010430140.1, XP_010473335.1, XP_010418096.1
OG0012931	As001G021990	XP_010430212.1, XP_010473406.1
OG0012932	As001G022280	XP_010502067.1, XP_019085917.1
OG0012933	As001G022320	XP_019085364.1, XP_010502072.1, XP_010513833.1
OG0012934	As001G022340	XP_010502083.1, XP_010513827.1, XP_010424856.1
OG0012935	As001G022430	XP_010513846.1, XP_019099970.1, XP_010424875.1
OG0012936	As001G022730	XP_010502140.1, XP_010424929.1, XP_010513885.1
OG0012937	As001G022770	XP_010424935.1, XP_010513892.1, XP_019099972.1
OG0012938	As001G022790	XP_010424939.1, XP_019102125.1, XP_010502146.1
OG0012939	As001G022890	XP_010513903.1, XP_019099978.1, XP_010424947.1
OG0012940	As001G023060	XP_010502193.1, XP_010513928.1, XP_010502197.1
OG0012941	As001G023130	XP_010424982.1, XP_010502206.1, XP_010513953.1
OG0012942	As001G023500	XP_010425016.1, XP_010502251.1, XP_010514014.1, XP_010518564.1
OG0012943	As001G023580	XP_010514027.1, XP_010502269.1, XP_010425035.1
OG0012944	As001G023810	XP_010514066.1, XP_010425073.1, XP_010502309.1
OG0012945	As001G023840	XP_010514070.1, XP_010425084.2
OG0012946	As001G023980, As008G183430	XP_010476430.1, XP_019098982.1
OG0012947	As001G023990	XP_010502345.1, XP_010514096.1, XP_010425118.1
OG0012948	As001G024290	XP_010425166.1, XP_010502387.1, XP_010514135.1
OG0012949	As001G024440	XP_010425186.1, XP_010502409.1, XP_019102171.1
OG0012950	As001G024540	XP_019085289.1, XP_010502426.1, XP_010514169.1
OG0012951	As001G024920	XP_010502476.1, XP_010425250.1, XP_010514218.1
OG0012952	As001G025000	XP_010502486.1, XP_010424334.1, XP_010430734.1, XP_010514226.1
OG0012953	As001G025140	XP_010497341.2, XP_010514252.1, XP_010502517.1, XP_010425284.1
OG0012954	As001G025180	XP_010502524.2, XP_010425288.1, XP_019102185.1
OG0012955	As001G025320	XP_010502554.1, XP_010514283.1, XP_010425340.1
OG0012956	As001G025440	XP_010514298.1, XP_010502581.1, XP_010425362.1
OG0012957	As001G025490	XP_010425355.1, XP_010502592.1, XP_010514305.1
OG0012958	As001G025600	XP_010425391.1, XP_010502612.1, XP_010514334.1
OG0012959	As001G025620, As001G025630	XP_010502614.1, XP_010514336.1
OG0012960	As001G025860	XP_010502651.1, XP_010514379.1, XP_010514374.1
OG0012961	As001G025900	XP_010502659.1, XP_010425437.1, XP_010514384.1
OG0012962	As001G026010	XP_019085946.1, XP_019100099.1, XP_010514399.1
OG0012963	As001G026020, As005G112790	XP_010514401.1, XP_010502675.1, XP_010425452.1
OG0012964	As001G026050	XP_010514405.1, XP_010425456.1
OG0012965	As001G026210	XP_010425476.1, XP_010514425.1, XP_010502698.1
OG0012966	As001G026300, As004G097540	XP_010436007.1, XP_010450629.1, XP_010441227.1
OG0012968	As001G026690	XP_010502783.1, XP_010425554.1, XP_010514486.1
OG0012969	As001G026700	XP_010425555.1, XP_010514489.1, XP_010502784.1
OG0012970	As001G026790	XP_019085999.1, XP_010430824.1, XP_010502800.1, XP_010514501.1
OG0012971	As001G026950	XP_010502822.1, XP_010425602.1, XP_010514528.1
OG0012972	As001G027170	XP_010514567.1, XP_010425639.1
OG0012973	As001G027180	XP_010425646.1, XP_010514575.1, XP_010502859.1
OG0012974	As001G027210	XP_010514577.1, XP_010502860.1, XP_010425650.1
OG0012975	As001G027410	XP_010516074.1, XP_010507456.1, XP_010427277.1
OG0012976	As001G027660	XP_010514629.1, XP_010502862.1, XP_010425715.1
OG0012977	As001G027710	XP_010425721.1, XP_010502868.1, XP_010514636.1
OG0012978	As001G028110	XP_019085968.1, XP_010514682.1, XP_019100140.1
OG0012979	As001G028130	XP_010503012.2, XP_010496053.1, XP_010514685.2, XP_010493206.1
OG0012980	As001G028280, As004G077830	XP_010440976.1, XP_019089792.1, XP_010435763.1
OG0012981	As001G028310	XP_010415276.1, XP_010470617.1, XP_010511633.1
OG0012982	As001G028320	XP_010511631.1, XP_010470615.1, XP_010415273.1
OG0012983	As001G028420	XP_010470598.1, XP_010511621.1, XP_010415254.1
OG0012984	As001G028430, As004G077710	XP_010470597.1, XP_010415253.1, XP_010511620.1
OG0012985	As001G028490	XP_010470569.1, XP_010415228.1, XP_010511595.1
OG0012986	As001G028670	XP_010470549.1, XP_010415210.1, XP_010496348.1
OG0012987	As001G028970	XP_010470500.1, XP_010415170.1, XP_010511554.1
OG0012988	As001G029050	XP_010470486.1, XP_010511543.1, XP_010415159.1
OG0012989	As001G029060	XP_010415157.1, XP_010470484.1, XP_010511542.1
OG0012990	As001G029360	XP_010415096.1, XP_010470435.1, XP_010511452.1
OG0012991	As001G029440	XP_010470416.1, XP_010511443.1, XP_010418972.1
OG0012992	As001G029490	XP_010470426.1, XP_010415074.1, XP_010511430.1
OG0012993	As001G029500	XP_010470430.1, XP_010415073.1, XP_010511423.1
OG0012994	As001G029580	XP_010496212.1, XP_010511415.1, XP_010415063.1
OG0012995	As001G029970	XP_010470336.1, XP_010511153.1, XP_010414880.1
OG0012996	As001G030060	XP_010470338.1, XP_010414885.1, XP_010511157.1
OG0012997	As001G030140	XP_010414903.1, XP_010470356.1
OG0012998	As001G030240	XP_019094091.1, XP_010496628.1, XP_010430615.1
OG0012999	As001G030390	XP_010418528.1, XP_010430596.1, XP_010473726.1
OG0013000	As001G030650	XP_010418485.1, XP_010473690.1, XP_010430557.1
OG0013001	As001G030670	XP_010419506.1, XP_010474616.1, XP_019085246.1
OG0013002	As001G030720	XP_019085720.1, XP_010474611.1, XP_010418476.1
OG0013003	As001G030730	XP_010418474.1, XP_010430540.1
OG0013004	As001G030820, As001G030830	XP_010418458.1, XP_010473660.1, XP_010430529.1
OG0013005	As001G030860	XP_010430524.1, XP_010473655.1, XP_010418451.1
OG0013006	As001G030890	XP_010430522.1, XP_010418449.1, XP_010473652.1
OG0013007	As001G030920	XP_010418447.1, XP_010473649.1, XP_010430520.1
OG0013008	As001G030930	XP_010430519.1, XP_010473648.1, XP_010418446.1
OG0013009	As001G030960	XP_010430511.1, XP_010473643.1, XP_010418437.1
OG0013010	As001G031120	XP_010418414.1, XP_010473624.1, XP_010430488.1
OG0013011	As001G031190	XP_010430474.1, XP_010418402.1, XP_010473618.1
OG0013012	As001G031260	XP_010473600.1, XP_010418378.1, XP_010430454.1
OG0013013	As001G031360	XP_010473580.1, XP_010430437.1, XP_010418360.1
OG0013014	As001G031390	XP_010418353.1, XP_010430415.1, XP_010473572.1
OG0013015	As001G031500	XP_010476257.1, XP_010494637.1
OG0013016	As001G031620	XP_010474589.1, XP_010430387.1, XP_010418315.1
OG0013017	As001G031720	XP_010473522.1, XP_010418297.1, XP_010430372.1
OG0013018	As001G031900	XP_010473498.1, XP_010418274.1, XP_010430352.1
OG0013019	As001G031930	XP_010473494.1, XP_010430343.1, XP_010418272.1
OG0013020	As001G032100	XP_010430297.1, XP_010418237.1, XP_010473461.1
OG0013021	As001G032130, As008G185320	XP_019093695.1, XP_010418232.1, XP_010430293.1
OG0013022	As001G032170	XP_010418229.1, XP_010430288.1, XP_010473456.1
OG0013023	As001G032180	XP_010430285.1, XP_010473454.1, XP_010418227.1
OG0013024	As002G032520	XP_010433586.1, XP_010438829.1, XP_010448363.1
OG0013025	As002G032630	XP_010438814.1, XP_010433566.1, XP_010448341.1
OG0013026	As002G032660	XP_010438810.1, XP_010448334.1, XP_010433562.1
OG0013027	As002G032690	XP_010448330.1, XP_010438806.1, XP_010433559.1
OG0013028	As002G032830	XP_010433540.1, XP_010448316.1, XP_019087340.1
OG0013029	As002G032870	XP_010435515.1, XP_010450452.1
OG0013031	As002G033220	XP_010508750.1, XP_010517604.1, XP_010505881.1
OG0013032	As002G033470	XP_010517580.1, XP_010508778.1, XP_010505863.1
OG0013033	As002G033480	XP_010508775.1, XP_010517583.1, XP_010505864.1
OG0013034	As002G033600	XP_010508796.1, XP_010505841.1, XP_010517528.1
OG0013035	As002G033820	XP_010508827.1, XP_010517504.1, XP_010505812.1
OG0013036	As002G033870	XP_010505791.1, XP_010508837.1, XP_010517483.1
OG0013037	As002G033910	XP_010486457.1, XP_010468385.1
OG0013038	As002G034060, As002G034050	XP_010464560.1, XP_010486482.1, XP_010470204.1
OG0013039	As002G034100	XP_010470778.1, XP_010470969.1, XP_010470684.1, XP_010464567.1, XP_010486488.1
OG0013040	As002G034450	XP_010486538.1, XP_010464618.1, XP_019100905.1
OG0013041	As002G034460, As002G034620, As002G034550	XP_010475160.1, XP_010464617.1
OG0013042	As002G035000	XP_010478747.1, XP_010486568.1, XP_010464651.1
OG0013043	As002G035180	XP_010468090.1, XP_019096343.1, XP_010506092.1, XP_010463521.2
OG0013044	As002G035240	XP_010433785.1, XP_010448577.1, XP_010439055.1
OG0013045	As002G035270	XP_010464669.1, XP_010480541.1, XP_010486590.1
OG0013046	As002G035330	XP_019092017.1, XP_010480916.1, XP_010464677.1, XP_010486607.1
OG0013047	As002G035350	XP_010464684.1, XP_010486614.1, XP_010481220.1
OG0013048	As002G035360	XP_019092168.1, XP_010486612.1, XP_010418541.1
OG0013049	As002G035640	XP_010483720.1, XP_010486642.1, XP_010464712.1
OG0013050	As002G035660	XP_010464714.1, XP_010483919.1, XP_010486644.2
OG0013051	As002G035730	XP_010420778.1, XP_010456596.1, XP_010493044.1
OG0013052	As002G036090	XP_010464739.1, XP_010486675.1, XP_010494281.1
OG0013053	As002G036100	XP_010494086.1, XP_019092754.1, XP_010486678.1
OG0013054	As002G036160	XP_010486682.1, XP_010418638.1, XP_010464747.1
OG0013055	As002G036430	XP_010464774.1, XP_019096644.1, XP_010491696.1
OG0013056	As008G186240, As002G036600	XP_010476032.1, XP_010458509.1, XP_010492546.1
OG0013057	As002G037040	XP_010486765.1, XP_010487235.1, XP_010464822.1
OG0013058	As002G037400	XP_010486820.1, XP_010496990.1, XP_010464874.1
OG0013059	As002G037430	XP_010464877.1, XP_010497361.1, XP_010486828.1
OG0013060	As002G038180	XP_010486880.1, XP_010498410.1, XP_010464951.1
OG0013061	As002G038190	XP_010486885.1, XP_019092793.1, XP_010498433.1
OG0013062	As002G038480	XP_010498493.1, XP_010486897.1, XP_010464959.1
OG0013063	As002G038730	NP_001305009.1, NP_001291954.1, XP_010464962.1
OG0013064	As007G177910, As002G038790	XP_010493318.1, XP_010421025.1
OG0013065	As002G038880	XP_010498872.1, XP_010464992.1, XP_010486928.1
OG0013066	As002G039180	XP_010448042.1, XP_010433270.1, XP_010438511.1
OG0013067	As002G039600	XP_010517141.1, XP_010505468.1, XP_010509123.1
OG0013068	As002G040090	XP_010441162.1, XP_010482277.1, XP_010442453.1
OG0013069	As002G040170	XP_010482282.1, XP_010442455.1, XP_010441212.1
OG0013070	As002G040200	XP_010441240.1, XP_010482283.1, XP_010442462.1
OG0013071	As002G040650	XP_010441292.1, XP_010482291.1
OG0013072	As002G040860	XP_010441368.1, XP_010442476.1, XP_010482299.1
OG0013073	As002G041340	XP_010482316.1, XP_010442491.1, XP_010441588.1
OG0013074	As002G041650	XP_010442494.1, XP_010482318.1, XP_010441633.1
OG0013075	As002G041750	XP_010441655.1, XP_010482323.1, XP_010442497.1
OG0013076	As002G041920	XP_010441781.1, XP_010482337.1
OG0013077	As002G041970	XP_010442512.1, XP_010441933.1, XP_010482340.1
OG0013078	As002G042200	XP_010456062.1, XP_010483659.1, XP_010443807.1
OG0013079	As002G042400	XP_010442289.1, XP_010442554.1
OG0013080	As002G042410, As011G257720	XP_010514044.1, XP_010490130.1, XP_010468485.1
OG0013081	As002G042880	XP_010482436.1, XP_010442828.1, XP_010442587.1
OG0013082	As002G043140	XP_010442600.1, XP_019085531.1, XP_010482448.1
OG0013083	As002G043260	XP_010442606.1, XP_010485046.1, XP_010442765.1
OG0013084	As002G043460	XP_010482489.1, XP_019088820.1, XP_010443397.1
OG0013085	As002G043590	XP_010482505.1, XP_010443561.1, XP_010442673.1
OG0013086	As002G043680	XP_010442685.1, XP_010442684.1, XP_010443714.1, XP_010482521.1
OG0013087	As002G043830	XP_010444085.1, XP_010482536.1, XP_010446041.1
OG0013088	As002G043890	XP_010482551.1, XP_010444268.1, XP_019087843.1
OG0013089	As002G044050	XP_010442743.1, XP_010444584.1, XP_010482571.1
OG0013090	As002G044140	XP_010485076.1
OG0013091	As002G044460	XP_010442817.1, XP_019095923.1, XP_010445244.1
OG0013092	As002G044690	XP_010445410.1, XP_010482676.1, XP_010442847.1
OG0013093	As002G045230	XP_010442912.1, XP_010445840.1, XP_010482746.1
OG0013094	As002G045280	XP_010448081.1, XP_010438559.1, XP_010433315.1
OG0013095	As002G045550	XP_010482814.1, XP_010446422.1, XP_010442981.1
OG0013096	As002G045560	XP_010482815.1, XP_010442982.1, XP_010446433.1
OG0013097	As002G045580	XP_019088022.1, XP_010482811.1, XP_010474328.2
OG0013098	As002G045640	XP_010446315.1, XP_010482806.1, XP_010442970.1
OG0013099	As002G045670	XP_010446312.1, XP_010446233.1, XP_010442966.1, XP_010482803.1
OG0013100	As002G045680	XP_010442967.1, XP_010482801.1, XP_010446241.1
OG0013101	As002G045690	XP_010446180.1, XP_010482794.1, XP_010442961.1
OG0013102	As002G046020	XP_010442999.1, XP_010482830.1, XP_010446672.1
OG0013103	As002G046080	XP_010482839.1, XP_010443011.1, XP_010446780.1
OG0013104	As002G046290	XP_010443026.1, XP_010482856.1, XP_010448247.1
OG0013105	As002G046320	XP_010488834.1, XP_010467218.1
OG0013106	As002G046570	XP_010479260.1, XP_010482886.1, XP_010443057.1
OG0013107	As002G046610	XP_010482891.1, XP_010448709.1, XP_010443065.1
OG0013108	As002G046620	XP_010443067.1, XP_010448729.1, XP_010482893.1
OG0013109	As002G046630	XP_010443068.1, XP_010482894.1, XP_010448741.1
OG0013110	As002G046660	XP_010482898.2, XP_010448776.1, XP_010443071.1
OG0013111	As002G046670	XP_010443069.1, XP_010482897.1, XP_010448788.1
OG0013112	As002G046960, As004G086310, As002G046940, As002G046750	XP_010443099.1, XP_010448909.1, XP_010482913.1
OG0013113	As002G047050	XP_010449281.1, XP_010443142.1, XP_010482955.1
OG0013114	As002G047080, As006G134560	XP_010448215.1, XP_010433443.1, XP_010438701.1
OG0013115	As002G047100	XP_010482959.1, XP_010443148.1, XP_010449321.1, XP_019087255.1
OG0013116	As002G047260	XP_010482996.1, XP_010443181.1, XP_010449706.1
OG0013117	As002G047420	XP_010449998.1, XP_010483020.1, XP_010443204.1
OG0013118	As002G047520	XP_019095390.1, XP_010443215.1, XP_010450118.1
OG0013119	As002G047700	XP_010485152.1, XP_010443235.1, XP_010450464.1
OG0013120	As002G047850	XP_019087037.1, XP_010483077.1, XP_010450658.1
OG0013121	As002G047910	XP_010450723.1, XP_010443258.1, XP_019095893.1
OG0013122	As002G048080	XP_010483107.1, XP_010450942.1
OG0013123	As002G048180	XP_010443294.1, XP_010483120.1, XP_010483121.1, XP_010451156.1
OG0013124	As002G048850	XP_010443390.1, XP_010483215.1, XP_010451836.1
OG0013125	As002G048940	XP_010451885.1, XP_010443401.1, XP_010483226.1
OG0013126	As002G048960	XP_010451905.1, XP_010443404.1, XP_010483229.1
OG0013127	As002G049040	XP_010443418.1, XP_010451998.1
OG0013128	As002G049050	XP_010443419.1, XP_010483246.1, XP_010452008.1
OG0013129	As002G049190	XP_010452169.1, XP_010443437.1, XP_010483274.1
OG0013130	As002G049430	XP_010443483.1, XP_010483310.1, XP_010452769.1
OG0013131	As002G049550	XP_010452883.1, XP_010443497.1
OG0013132	As002G049880	XP_010483380.1, XP_010443522.1, XP_010453160.1
OG0013133	As002G049910	XP_010483378.1, XP_010453210.1, XP_010443525.1
OG0013134	As002G050020	XP_010421524.1, XP_010438796.1, XP_010496489.1
OG0013135	As002G050090	XP_010454598.1, XP_010493432.1, XP_019084538.1
OG0013136	As002G050130	XP_010442203.1, XP_010438950.1, XP_010482031.1
OG0013137	As002G050340	XP_010453393.1, XP_010492079.1, XP_010419905.1
OG0013138	As002G050390	XP_010453387.1, XP_010419899.1, XP_010492074.1
OG0013139	As002G050410	XP_010453381.1, XP_010492069.1, XP_010419892.1
OG0013140	As002G050690	XP_010492034.1, XP_010419857.1
OG0013141	As002G050790	XP_010419844.1, XP_010453336.1, XP_010492022.1
OG0013142	As002G050830	XP_010419838.1, XP_010492011.1, XP_010453326.1
OG0013143	As002G050940	XP_010491990.1, XP_010419821.1, XP_010453297.1
OG0013144	As002G051970, As002G050960	XP_010491988.1, XP_010453295.1, XP_010419819.1
OG0013145	As002G051050	XP_010453287.1, XP_010491978.1, XP_010419810.1
OG0013146	As002G051070	XP_010491976.1, XP_010453283.1, XP_010419808.1
OG0013147	As002G051110	XP_010491970.1, XP_010419798.1, XP_010453278.1
OG0013148	As002G051390	XP_019089863.1, XP_019090011.1, XP_010419765.1
OG0013149	As002G051490	XP_019084729.1, XP_010495158.1, XP_010491926.1, XP_010453229.1
OG0013150	As002G051590	XP_010453215.1, XP_010419747.1, XP_010491907.1
OG0013151	As002G051610	XP_010453213.1, XP_010419742.1, XP_010491905.1
OG0013152	As002G051640	XP_010453208.1, XP_010419738.1, XP_010491901.1
OG0013153	As002G051760	XP_010453196.1, XP_010419724.1, XP_010491885.1
OG0013154	As002G051880	XP_010453184.1, XP_010491870.1, XP_010424056.1
OG0013155	As002G051890	XP_010491859.1, XP_010419696.1, XP_010453181.1
OG0013156	As002G051980	XP_010419686.1, XP_010453173.1, XP_010491849.1
OG0013157	As002G051990	XP_010491848.1, XP_010453172.1, XP_010419685.1
OG0013158	As002G052350	XP_010453119.1, XP_010491770.1, XP_010419639.1
OG0013159	As002G052370	XP_010491766.1, XP_010453118.1
OG0013160	As002G053120	XP_010491675.1, XP_010453043.1, XP_010422880.1
OG0013161	As002G053500	XP_010491625.1, XP_010456461.1, XP_010422936.1
OG0013162	As002G053530	XP_010452978.1, XP_010491620.1, XP_010422941.1
OG0013163	As002G053770	XP_010422979.1, XP_010491576.1, XP_010452939.1, XP_010497761.1
OG0013164	As002G053850	XP_010422988.1, XP_019090672.1, XP_010491566.1
OG0013165	As002G053880	XP_010422990.1, XP_010452926.1, XP_010491563.1
OG0013166	As002G053970	XP_010491546.1, XP_010452905.1, XP_010423015.1
OG0013167	As002G054090	XP_010423025.1, XP_019089867.1, XP_010491530.1
OG0013168	As002G054110	XP_010452890.1, XP_010491527.1, XP_010423027.1
OG0013169	As002G054120	XP_010491520.1, XP_010423034.1, XP_010452884.1
OG0013170	As002G054160	XP_010452879.1, XP_010491515.1, XP_010423038.1
OG0013171	As002G054380	XP_010423088.1, XP_010452834.1, XP_010495115.1
OG0013172	As009G217140, As002G054500	XP_010454617.1, XP_010421139.1
OG0013174	As002G054750	XP_010423134.1, XP_010491433.1, XP_010452782.1
OG0013175	As002G054760	XP_010423135.1, XP_010456441.1, XP_010492039.1, XP_010491429.1
OG0013176	As002G055010	XP_010452747.1, XP_010424730.1, XP_010491398.1
OG0013177	As002G055060	XP_010452741.1, XP_010497703.1, XP_010423176.1
OG0013178	As002G055070	XP_010452739.1, XP_010491390.1, XP_010423174.1
OG0013179	As002G055460	XP_010491333.1, XP_010452684.1, XP_010423231.1
OG0013180	As002G055530	XP_010483941.1, XP_010444074.1, XP_010458245.1
OG0013182	As003G055720	XP_010434677.1, XP_010440016.1, XP_010449627.1
OG0013183	As003G055890	XP_010439987.1, XP_010449597.1, XP_010434649.1
OG0013184	As003G055980	XP_010434637.1, XP_010439975.1, XP_010449588.1
OG0013186	As003G056090	XP_010434625.1, XP_010439946.1, XP_010449564.1
OG0013187	As003G056370	XP_010439919.1, XP_010434594.1, XP_010449535.1
OG0013188	As003G056610	XP_010517566.1, XP_010439884.1, XP_010434563.1
OG0013189	As003G056640	XP_019102025.1, XP_019086424.1, XP_019088186.1
OG0013190	As003G056650	XP_010517559.1, XP_010434555.1, XP_010439875.1
OG0013191	As003G056910	XP_010441648.1, XP_019095560.1, XP_010494751.1
OG0013193	As003G057120	XP_010439828.1, XP_010434506.1, XP_010449486.1
OG0013194	As003G057200	XP_010439817.1, XP_019098323.1, XP_010449474.1
OG0013195	As003G057240	XP_010434497.1, XP_019088868.1, XP_010439812.1
OG0013196	As004G088190, As003G057280	XP_010439806.1, XP_010449462.1, XP_010434491.1
OG0013197	As003G057360	XP_010439791.1, XP_010434479.1, XP_010449445.1
OG0013198	As003G057470	XP_010449422.1, XP_019087808.1, XP_019086889.1
OG0013199	As003G057500	XP_010449417.1, XP_019087810.1, XP_010434466.2
OG0013200	As003G057510	XP_010449416.1, XP_019086535.1, XP_010439768.1
OG0013201	As003G057720	XP_010449365.1, XP_010434429.1
OG0013202	As003G058300	XP_010451344.1, XP_010449232.1, XP_019087832.1, XP_010434320.1
OG0013203	As003G058310	XP_010427617.1, XP_010504671.1
OG0013204	As003G058330	XP_010449220.1, XP_010434318.1, XP_010439615.1
OG0013205	As003G058370	XP_010437231.1, XP_010446662.1, XP_010432062.1
OG0013206	As003G058700, As003G058660	XP_010439569.1, XP_010449161.1, XP_010434276.1
OG0013207	As003G059160	XP_010439494.1, XP_010449091.1, XP_019086472.1
OG0013208	As003G059390	XP_010449072.1, XP_010434186.1, XP_010439484.1
OG0013209	As003G059650	XP_010449027.1, XP_010434153.1, XP_010439449.1
OG0013210	As003G060040	XP_010448953.1, XP_019087084.1, XP_010434093.1
OG0013211	As003G060270	XP_010434071.1, XP_010448923.1, XP_010439358.1
OG0013212	As003G060300	XP_010470985.1, XP_010415645.1, XP_010512041.1
OG0013213	As003G060440	XP_010434053.1, XP_010439337.1, XP_010448894.1
OG0013214	As003G060600	XP_010448863.1, XP_010445201.2, XP_010434010.1
OG0013215	As003G061510	XP_010433899.1, XP_010448700.1, XP_010439167.1
OG0013216	As003G061820	XP_010433868.1, XP_010439140.1, XP_010448666.1
OG0013217	As003G061880	XP_010448656.1, XP_010433861.1, XP_010439135.1
OG0013218	As003G061990	XP_010448646.1, XP_010433849.1, XP_010439125.1
OG0013219	As003G062000	XP_010439118.1, XP_010433844.1, XP_010448640.1
OG0013220	As003G062190	XP_010448608.1, XP_010439084.1, XP_010433814.1
OG0013221	As003G062350	XP_010478704.1, XP_010499813.1, XP_010461089.1
OG0013222	As003G062450	XP_010461127.1, XP_010478727.1, XP_010499851.1
OG0013223	As003G062750	XP_010461158.1, XP_010499886.1, XP_010478755.1, XP_019091087.1
OG0013224	As003G062780	XP_010461169.1, XP_019095887.1
OG0013225	As003G062890	XP_010454305.1, XP_010420842.1, XP_010493103.1
OG0013226	As003G062900	XP_010433605.1, XP_010438845.1, XP_010448395.1
OG0013227	As003G062920	XP_010452656.1, XP_010423257.1, XP_010491307.1, XP_010452655.2
OG0013228	As003G062990	XP_010461206.1, XP_010499924.1, XP_010478806.1
OG0013229	As003G063230	XP_010501772.2, XP_010461238.1, XP_010478830.1
OG0013230	As003G063250	XP_010478835.1, XP_010461244.1, XP_010499955.1
OG0013231	As003G063320	XP_010499972.1, XP_010463128.1, XP_010478858.1
OG0013232	As003G063400	XP_010461268.1, XP_010499989.1, XP_010478872.1
OG0013233	As003G063480	XP_010496808.1, XP_010461277.1, XP_010500003.1
OG0013234	As003G063610	XP_010500016.1, XP_010496596.1, XP_010461292.1
OG0013235	As003G063780	XP_010500022.1, XP_010461300.1, XP_010478926.1
OG0013236	As003G063860	XP_019099377.1, XP_010461318.1, XP_010478948.1
OG0013237	As003G063920, As004G080210	XP_010478953.1, XP_010500043.1, XP_010461323.1
OG0013238	As003G064220	XP_010500079.1, XP_010497692.1, XP_010501808.1, XP_010461364.1, XP_010478963.1
OG0013239	As003G064460	XP_010479057.1, XP_010461451.1
OG0013240	As003G064740	XP_010464537.1, XP_019096661.1, XP_010468616.1
OG0013241	As003G064940	XP_010478525.1, XP_010460901.1, XP_019095753.1
OG0013242	As003G064950	XP_010479008.1, XP_019099385.1, XP_010461400.1
OG0013243	As003G065250	XP_010479073.1
OG0013245	As003G065440	XP_010500290.1, XP_010479166.1, XP_010461565.1
OG0013246	As003G065510	XP_010461550.1, XP_019099418.1, XP_010479157.1
OG0013247	As003G066020	XP_010478984.1, XP_010461388.1, XP_010500214.1
OG0013248	As003G066040	XP_010500215.1, XP_010461387.1, XP_010478982.1
OG0013249	As003G066060	XP_010500221.1, XP_010478979.1, XP_010463180.1
OG0013250	As003G066370, As003G066380	XP_010500183.1, XP_010461474.1, XP_010479075.1
OG0013251	As003G066640	XP_010461506.1, XP_010500231.1, XP_010479106.1
OG0013252	As003G067320	XP_010460550.1, XP_010499278.1
OG0013253	As003G067640	XP_010460544.1, XP_010499273.1
OG0013254	As003G068480	XP_010478179.1, XP_010460588.1, XP_010499313.1
OG0013255	As003G068580	XP_010499322.1, XP_010478185.1, XP_010460595.1
OG0013256	As003G068630	XP_010460596.1, XP_010499329.1, XP_019099245.1, XP_010478189.1
OG0013257	As003G069200	XP_010499382.1, XP_010460651.1, XP_010478229.1
OG0013258	As003G069290	XP_010460660.1, XP_010478244.1, XP_010478247.1, XP_010499399.1
OG0013259	As003G069500	XP_010499423.1, XP_010460675.1, XP_010478263.1
OG0013260	As003G069700	XP_010499429.1, XP_010478269.1, XP_010460684.1
OG0013261	As003G069710	XP_019092108.1, XP_019083490.1, XP_019096255.1
OG0013262	As003G069860	XP_010499442.1, XP_010478288.1, XP_010460703.1
OG0013263	As003G070010	XP_010499455.1, XP_010460719.1, XP_010478302.1
OG0013264	As003G070280	XP_010460757.1, XP_010499499.1, XP_010478353.1
OG0013265	As003G070830	XP_019094630.1, XP_010460822.2, XP_010499557.2
OG0013266	As003G071670	XP_010432287.1, XP_010437478.1, XP_010446930.1, XP_019086194.1
OG0013267	As005G105870, As003G071700	XP_010432284.1, XP_010437473.1, XP_010446927.1
OG0013268	As003G071940	XP_010446899.1, XP_010437443.1, XP_010432251.1
OG0013269	As003G072170	XP_010446864.1, XP_010437405.1, XP_010432218.1
OG0013270	As003G072210	XP_010446857.1, XP_019088419.1
OG0013271	As003G072260	XP_010432206.1, XP_010446847.1
OG0013272	As011G264800, As003G072280	XP_010467580.1, XP_010413423.1, XP_010489420.1
OG0013273	As003G072470	XP_010437365.1, XP_010432190.2, XP_010446814.1
OG0013274	As003G072570	XP_010437353.1, XP_010446798.1, XP_010432178.1
OG0013275	As003G072580	XP_010446796.1, XP_010432177.1, XP_010437352.1
OG0013276	As003G072610	XP_010446793.1, XP_010437349.1
OG0013277	As003G072630	XP_010432173.1, XP_010437346.1, XP_010446789.1
OG0013278	As003G072690	XP_010437339.1, XP_010446783.1
OG0013279	As003G072820	XP_010446769.1, XP_010437326.1, XP_019086384.1
OG0013280	As003G072850	XP_010437322.1, XP_010446764.1
OG0013281	As003G073160	XP_010432114.1, XP_010437289.1, XP_010446724.1
OG0013282	As003G073310	XP_010437263.1, XP_010432092.1, XP_010446702.1
OG0013283	As003G073320	XP_010432093.1, XP_010446701.1
OG0013284	As003G073380	XP_010446694.1, XP_010437255.1, XP_010432085.1
OG0013285	As003G073700	XP_010446659.1, XP_010432060.1, XP_010437229.1
OG0013286	As003G074200	XP_019086184.1, XP_010432018.1, XP_010437171.1, XP_010446613.1
OG0013287	As003G074220	XP_010515834.1, XP_010426995.1
OG0013288	As003G074610	XP_010446569.1, XP_010437139.1
OG0013289	As003G074620	XP_010431990.1, XP_019087265.1, XP_010446570.1
OG0013290	As003G074660	XP_010446579.1, XP_010431985.1, XP_010437130.1
OG0013291	As003G074830	XP_010446553.1, XP_010431967.1, XP_010437112.1
OG0013292	As003G074840	XP_010437111.1, XP_010446550.1, XP_010431966.1
OG0013293	As003G074850	XP_010431952.1
OG0013294	As003G074870	XP_010499256.1, XP_010478116.1, XP_010460529.1
OG0013295	As003G074880	XP_010446545.1, XP_010437106.1, XP_010431957.1
OG0013296	As003G075400	XP_010437067.1, XP_010446493.1, XP_010431919.1
OG0013297	As003G075410	XP_010437066.1, XP_010446489.1
OG0013298	As003G075420	XP_019088146.1, XP_010446488.1, XP_010431914.1
OG0013299	As003G075580, As003G075570	XP_010437041.1, XP_010431897.1, XP_010446464.1
OG0013300	As012G273680, As003G075610	XP_010446459.1, XP_010437038.1
OG0013301	As003G075730	XP_010446440.2, XP_010437014.1, XP_010431867.1
OG0013302	As003G076060	XP_010431831.1, XP_010436977.1, XP_010446396.1
OG0013303	As003G076120	XP_010431817.1, XP_010436972.1, XP_010446389.1
OG0013304	As003G076170	XP_010431808.1, XP_010436965.1, XP_010446375.1
OG0013305	As003G076370	XP_010436943.2, XP_010431783.1
OG0013306	As003G076380	XP_019086173.1, XP_010446324.1, XP_010436918.1
OG0013307	As003G076470	XP_010436928.1, XP_010436929.1, XP_010446339.1
OG0013308	As003G076510	XP_010436934.1, XP_010431776.1, XP_010446348.1
OG0013309	As003G076590	XP_010436912.1, XP_010450976.1
OG0013310	As004G076720	XP_019093024.1, XP_019085073.1
OG0013311	As004G076830	XP_010440778.1, XP_010450430.1, XP_010435481.1
OG0013312	As004G076950	XP_010435506.1
OG0013313	As004G076990	XP_010435510.1, XP_010450450.1, XP_010445539.2
OG0013314	As004G077050	XP_010435521.1, XP_010450457.1, XP_010440803.1
OG0013315	As004G077120	XP_010450482.1, XP_010440832.1, XP_010435556.1
OG0013316	As004G077230	XP_010450508.1, XP_019087038.1, XP_010435584.2
OG0013317	As004G077280	XP_010440873.1, XP_010435594.1, XP_010450516.1
OG0013318	As004G077300	XP_019086059.1, XP_019087752.1, XP_019088911.1
OG0013319	As004G077330	XP_010435608.1, XP_010450522.1, XP_010440878.1
OG0013320	As004G077350	XP_010435609.1, XP_010450526.1, XP_010440881.1
OG0013321	As004G077460	XP_010450547.1, XP_010435696.1, XP_010440895.1
OG0013322	As004G077660	XP_010435723.1, XP_010440919.1, XP_010450950.1
OG0013323	As004G077730	XP_010435735.1, XP_010450923.1, XP_010440936.1
OG0013324	As004G077770	XP_010450907.1, XP_010435748.1, XP_010440951.1
OG0013325	As004G077840	XP_010435768.1, XP_010440998.1, XP_010450892.1
OG0013326	As004G077870	XP_010435775.1, XP_010440995.1, XP_010450887.1
OG0013327	As004G077880	XP_010450886.1, XP_010435777.1, XP_010440991.1
OG0013328	As004G078030	XP_010441021.1, XP_010435800.1, XP_010450854.1
OG0013329	As004G078180	XP_010441039.1, XP_010435822.1, XP_010450831.1
OG0013330	As004G078510	XP_019086828.1, XP_010450780.1, XP_010435859.1, XP_010445660.1
OG0013331	As004G078590	XP_010441096.1, XP_010450763.1, XP_010435839.1
OG0013332	As004G078600	XP_010450760.1, XP_010435838.1, XP_010441097.1
OG0013333	As004G078850	XP_010492918.1, XP_010454133.1, XP_010420657.1
OG0013334	As004G079230	XP_010478595.1, XP_010499720.1, XP_010460998.1
OG0013335	As004G079250	XP_010503195.1, XP_010426020.1, XP_010514910.1
OG0013336	As004G079330	XP_010455535.1, XP_010422076.1, XP_010435105.1
OG0013337	As004G079410	XP_010482145.2, XP_010439656.1, XP_010442328.1
OG0013338	As004G079530	XP_010516719.1, XP_010505048.1, XP_010509617.1
OG0013339	As004G079570	XP_010509622.1, XP_010516716.1, XP_010505042.1
OG0013340	As004G079780	XP_019102467.1, XP_019102466.1, XP_019101310.1, XP_010505021.1
OG0013341	As004G080070	XP_010438119.1, XP_010421879.1
OG0013342	As004G080180	XP_010438332.1, XP_010455346.1, XP_010421854.1
OG0013343	As004G080290	XP_010435861.1, XP_010421836.1, XP_010455330.1
OG0013344	As004G080300	XP_010455328.1, XP_019084300.1, XP_019089833.1
OG0013345	As004G080310	XP_010455326.1, XP_010435920.1
OG0013346	As004G080360	XP_010421828.1, XP_010455318.1, XP_010436014.1
OG0013347	As004G080380	XP_010455316.1, XP_010421825.1, XP_010436032.1
OG0013348	As004G080530	XP_010493063.1, XP_010454268.1
OG0013349	As004G080590	XP_010496703.1, XP_010455280.1, XP_010421777.1
OG0013350	As004G080720	XP_010489431.1, XP_010467589.1
OG0013351	As004G080770	XP_010478969.1, XP_010461370.1, XP_010500090.1
OG0013352	As004G080800	XP_010438468.1, XP_010455246.1, XP_010421850.2
OG0013353	As004G080820	XP_010438439.1, XP_010455249.1
OG0013354	As004G080840	XP_010421740.1, XP_010455252.1, XP_010436420.1, XP_010469717.1
OG0013355	As004G081160	XP_010413769.1, XP_010469386.1, XP_010509786.1
OG0013356	As004G081640	XP_010469449.1, XP_010413832.1, XP_010509856.1
OG0013357	As004G081650	XP_010469451.1, XP_010413835.1, XP_010509859.1
OG0013358	As004G081690	XP_010413840.1, XP_010469453.1, XP_010509863.1
OG0013359	As004G081850	XP_010505051.1, XP_010509615.1, XP_010516720.1
OG0013360	As004G081890	XP_010494296.1, XP_010442051.1, XP_019095445.1
OG0013361	As004G081930	XP_010495634.1, XP_010481896.1, XP_010442059.1, XP_019097278.1
OG0013362	As004G081970	XP_010442063.1, XP_010481899.1, XP_010494285.1, XP_010495631.1, XP_010495632.2, XP_010494286.1, XP_019092219.1
OG0013363	As004G082030	XP_010442075.1, XP_010494278.1, XP_010481905.1
OG0013364	As004G082100	XP_010442087.1, XP_010481913.1, XP_010494268.1
OG0013365	As004G082190	XP_010442099.1, XP_010481926.1, XP_010494255.1
OG0013366	As004G082200	XP_010500205.1, XP_010479096.1, XP_010461498.1
OG0013367	As004G082350	XP_010494224.1, XP_010481950.1, XP_010442124.1
OG0013368	As004G082440	XP_010495619.1, XP_010445904.1, XP_010484889.1
OG0013369	As004G082490	XP_010461667.1, XP_010500373.1, XP_010479270.1
OG0013370	As004G082520	XP_010442142.1, XP_010481972.1, XP_010494201.1
OG0013371	As004G082600	XP_010481984.2, XP_010494186.1
OG0013372	As004G082660	XP_010421355.1, XP_010454829.1, XP_010493753.1
OG0013373	As004G082670	XP_019088586.1, XP_019095998.1, XP_019097996.1
OG0013374	As004G082700	XP_010494174.1, XP_010481994.1, XP_010442164.1
OG0013375	As004G082730	XP_010494365.1, XP_010441981.1, XP_010481820.1
OG0013376	As004G082770	XP_019087949.1, XP_010494171.1, XP_010481997.1
OG0013377	As004G082790	XP_010509235.1, XP_010505413.1, XP_010517086.1
OG0013378	As004G082800	XP_010482000.1, XP_010442155.1, XP_010494166.1
OG0013379	As004G082820	XP_010473606.1, XP_010430464.1, XP_010418386.1
OG0013380	As004G082870	XP_010482008.1, XP_010442177.1, XP_010494159.1
OG0013381	As004G083000	XP_010454586.1, XP_010421104.1, XP_010493419.1
OG0013382	As004G083060	XP_010509572.1, XP_010505092.1, XP_010516775.1
OG0013383	As004G083160	XP_019087413.1, XP_019098758.1, XP_019090318.1, XP_019084664.1
OG0013384	As004G083260	XP_010455386.1, XP_010421908.1, XP_010437780.1
OG0013385	As004G083310	XP_010437707.1, XP_010421919.1, XP_010455394.1
OG0013386	As004G083390	XP_010421924.1, XP_010455406.1, XP_010437565.1
OG0013387	As004G083430	XP_010437492.1, XP_019084053.1, XP_010455410.1
OG0013388	As004G083500	XP_010461175.1, XP_019094735.1
OG0013389	As004G083610	XP_010455428.1, XP_010421949.1, XP_010437254.1
OG0013390	As004G084170	XP_010436609.1, XP_010455491.1, XP_010422028.1
OG0013391	As004G084270	XP_010422049.1, XP_019090394.1, XP_010435520.1
OG0013392	As004G084440	XP_010435095.1, XP_010455536.1, XP_010422080.1
OG0013393	As004G084460	XP_010455540.1, XP_010422087.1, XP_010435048.1
OG0013394	As004G084510	XP_010455548.1, XP_010434947.1, XP_010422094.1
OG0013395	As004G084550	XP_010434907.1, XP_010455553.1, XP_010422100.1
OG0013396	As004G084600	XP_010422106.1, XP_010455566.1, XP_010434793.1
OG0013397	As004G084670	XP_010455583.1, XP_010422123.1, XP_010434567.1
OG0013398	As004G084700	XP_010434206.1, XP_010455587.1, XP_010422128.1
OG0013399	As004G084770	XP_010455599.1, XP_010422138.1, XP_010434086.1
OG0013400	As004G084890	XP_010433906.1, XP_010422157.1, XP_010455621.1
OG0013401	As004G085060	XP_010422189.1, XP_010433676.1, XP_010455663.1
OG0013402	As004G085540	XP_019098173.1, XP_010433019.1
OG0013403	As004G085580	XP_010422262.1, XP_010496173.1, XP_010432911.1
OG0013404	As004G085980	XP_010422335.1, XP_010432004.1, XP_010455814.1
OG0013405	As004G086020	XP_010455819.1, XP_010431969.1, XP_010422343.1
OG0013406	As004G086130	XP_010455843.1, XP_010431743.1, XP_010422382.1
OG0013407	As004G086260	XP_010422344.1, XP_010455820.1, XP_010431954.1
OG0013408	As004G086490	XP_010494438.1, XP_010481753.1, XP_010441903.1
OG0013409	As004G086570, As006G134200	XP_010481747.1, XP_019097236.1, XP_019087732.1
OG0013410	As004G087060	XP_010441839.1, XP_010494515.1, XP_010481722.1
OG0013411	As004G087150	XP_010494526.1
OG0013412	As004G087190	XP_010481703.1, XP_010441822.1, XP_010494535.1
OG0013413	As004G087670	XP_019095566.1, XP_010481631.1, XP_010441764.1
OG0013414	As008G186220, As004G087770	XP_010481611.1, XP_010494620.1, XP_010441760.1
OG0013415	As004G087780, As004G093230	XP_010494621.1, XP_010481610.1, XP_010441759.1
OG0013416	As004G087810	XP_010494624.1, XP_010441756.1, XP_010481608.1
OG0013417	As004G088010	XP_010481565.1, XP_010494659.1
OG0013418	As004G088060	XP_010481555.1, XP_010441698.1, XP_010494671.1
OG0013419	As004G088140	XP_010481546.1, XP_010441686.1, XP_010494684.1
OG0013420	As004G088170	XP_010481542.1, XP_010441680.1, XP_010494689.1
OG0013421	As004G088200	XP_010494699.1, XP_010481536.1, XP_010441674.1
OG0013422	As004G088240	XP_010481531.1, XP_010441667.1, XP_010494725.1
OG0013423	As004G088570	XP_010481502.1, XP_010494771.1
OG0013424	As004G088880	XP_010481459.1, XP_010441586.1, XP_010494809.1
OG0013425	As004G089300	XP_010420817.1, XP_010493083.1, XP_010454283.1
OG0013426	As004G091180	XP_010494968.1, XP_010441469.1, XP_019095477.1
OG0013427	As004G091190	XP_010484734.1, XP_010481337.1, XP_010441471.1
OG0013428	As004G091320	XP_010435398.1, XP_010435397.1, XP_010440693.1, XP_010450348.1
OG0013429	As004G092310, As004G092410	XP_010412444.1, XP_010488735.1, XP_010467049.1
OG0013430	As006G141320, As004G092770	XP_019086773.1, XP_010496356.1, XP_010450327.1
OG0013431	As004G092870	XP_010440615.1, XP_010450237.1, XP_019086299.1, XP_010440421.1
OG0013432	As004G092970, As011G258550	XP_010488652.1, XP_010466964.1, XP_010514197.1
OG0013433	As004G093000	XP_010440628.1, XP_010450251.1
OG0013434	As004G093440, As011G257580	XP_010488623.1, XP_010466933.1, XP_019083570.1
OG0013435	As004G093750	XP_010450309.1, XP_010435299.1, XP_010440667.1
OG0013436	As004G094000, As011G256570	XP_010466857.1, XP_010488557.1, XP_010513519.1
OG0013437	As004G094530	XP_010450184.1, XP_010440557.1, XP_010435239.1
OG0013438	As004G094630	XP_010450164.1, XP_010436625.2, XP_010496962.1, XP_019098531.1
OG0013439	As004G095050	XP_010450120.1, XP_010435208.1, XP_010450140.1
OG0013440	As004G095130	XP_010450127.1, XP_010435193.1, XP_010450109.1
OG0013441	As004G095200	XP_010440519.1, XP_010435180.2, XP_010450092.1
OG0013442	As004G095430	XP_010435591.1, XP_010455502.1, XP_010422044.1
OG0013443	As004G095480	XP_019087032.1, XP_010450042.1, XP_010435131.1, XP_010440466.1
OG0013444	As004G095640	XP_010450028.1, XP_010440454.1, XP_010435113.1
OG0013445	As004G095980	XP_010449978.1, XP_010435059.1, XP_010440380.1
OG0013446	As004G096080	XP_010440366.1, XP_010496133.1, XP_010435002.1
OG0013447	As004G096120	XP_019086141.1, XP_010496120.1, XP_010440356.1
OG0013448	As004G096160	XP_010440343.1, XP_010435013.1, XP_010495886.1
OG0013449	As004G096170	XP_010435019.1, XP_010440341.1, XP_010495892.1
OG0013450	As004G096590	XP_010440292.1, XP_010434967.1
OG0013451	As004G096610	XP_010434505.1, XP_010440287.1, XP_010434954.1
OG0013452	As004G096820	XP_010450746.1, XP_010451795.1, XP_010496517.1, XP_010435961.1
OG0013453	As004G096970	XP_010441147.1, XP_010435939.1, XP_010450721.1
OG0013454	As004G097160	XP_010450680.1, XP_010441165.1, XP_010435911.1
OG0013455	As004G097490	XP_010435999.1, XP_010496579.1, XP_010441217.1
OG0013456	As004G097810	XP_010450557.1, XP_010441281.1, XP_010436059.1
OG0013457	As004G098010	XP_010436096.1, XP_010447528.1, XP_010441307.1
OG0013458	As004G098320	XP_010436142.1, XP_010448131.1, XP_010441372.1
OG0013459	As004G098410	XP_010446951.1, XP_010441382.1, XP_010436154.1
OG0013460	As004G098490	XP_010447119.1, XP_010441395.1, XP_010436172.1
OG0013461	As005G098690	XP_010518523.1, XP_010506849.1, XP_010507822.1
OG0013462	As005G098980	XP_010507850.1, XP_010506821.1, XP_019102009.1
OG0013463	As005G099040	XP_010506817.1, XP_010518495.1, XP_010507853.1
OG0013464	As005G099160	XP_010518484.1, XP_010507862.1, XP_010506813.1
OG0013465	As005G099180	XP_010518482.1, XP_019100677.1, XP_019100698.1
OG0013466	As005G099300	XP_010506795.1, XP_010507787.1, XP_010507874.1, XP_010518463.1
OG0013467	As005G099400	XP_010507883.1, XP_010506786.1, XP_010518454.1, XP_010452587.1
OG0013468	As005G099600	XP_010507902.1, XP_010518431.1, XP_010506767.1, XP_010512811.2
OG0013469	As005G099960	XP_019100667.1, XP_010507937.1, XP_010518393.1
OG0013470	As005G099980	XP_010506722.1, XP_010518392.1, XP_019101144.1
OG0013471	As005G100080, As005G100050, As005G100070, As005G100060	XP_019101146.1, XP_010506716.1
OG0013472	As005G100100	XP_010518382.1, XP_010506713.2, XP_010507953.1
OG0013473	As005G100440	XP_010506670.2, XP_010507997.1, XP_010518336.1
OG0013474	As005G100680	XP_010506646.1, XP_010518315.1, XP_010508024.1
OG0013475	As005G100740	XP_010508029.1, XP_010518311.1, XP_010506640.1
OG0013476	As005G100770	XP_010506636.1, XP_010508035.1, XP_019082425.1
OG0013477	As005G100790	XP_010508037.1, XP_010518302.1, XP_010506632.1
OG0013478	As005G100820	XP_010506626.1, XP_010518297.1, XP_010508044.1
OG0013479	As005G100980	XP_010518271.1, XP_010508064.1, XP_010506609.1
OG0013480	As005G101100	XP_010506594.1, XP_010508078.1, XP_010518258.1, XP_019101159.1
OG0013481	As005G101120	XP_010508082.1, XP_010506590.1, XP_010518254.1
OG0013482	As005G101210	XP_010518230.1, XP_010506566.1, XP_010508100.1
OG0013483	As005G101220	XP_010508101.1, XP_010506565.1, XP_010518226.1
OG0013484	As005G101490	XP_010518182.1, XP_010506547.1, XP_010508137.1
OG0013485	As005G101830	XP_010506474.1, XP_010518147.1, XP_010508185.1
OG0013486	As005G102450	XP_010506405.1, XP_010518077.1, XP_010508260.1
OG0013487	As005G102500, As005G102510	XP_019082919.1, XP_010469211.1, XP_010512330.2
OG0013488	As005G102530	XP_010518070.1, XP_010506395.1, XP_010508269.1
OG0013489	As005G102590	XP_010506388.1, XP_010518062.1, XP_010508277.1
OG0013490	As005G102660	XP_010518045.1, XP_010506376.1, XP_010508287.1
OG0013491	As005G102810	XP_010518041.1, XP_010506369.1, XP_010508295.1
OG0013492	As005G102830	XP_010508300.1, XP_010506365.1, XP_010518038.1
OG0013493	As005G102910	XP_010506352.1, XP_010518029.1, XP_010508308.1
OG0013494	As005G103170	XP_010508348.1, XP_010506309.1, XP_010517984.1
OG0013495	As005G103320	XP_010517966.1, XP_010508367.1
OG0013496	As005G103530	XP_010508382.1, XP_010506264.1, XP_010413039.1
OG0013497	As005G103790	XP_010517926.1, XP_010506239.1, XP_010508410.1
OG0013498	As005G103930	XP_010517901.1, XP_010506212.1, XP_010508435.1
OG0013499	As005G103990	XP_010506199.1, XP_010517891.1, XP_010508447.1
OG0013500	As005G104060	XP_010506191.1, XP_010508450.1, XP_010517881.1
OG0013501	As005G104270	XP_010508479.1, XP_010506160.1, XP_010517858.1
OG0013502	As005G104350	XP_010508489.1, XP_010506151.1, XP_010517849.1
OG0013503	As005G104400	XP_010517846.1, XP_010506148.1, XP_010508491.1
OG0013504	As005G104650	XP_010506106.1, XP_010517811.1, XP_010508537.1
OG0013505	As012G284770, As005G104860	XP_010427754.1, XP_010504804.1, XP_010516498.1
OG0013506	As005G105120	XP_010508616.1, XP_010506013.1, XP_010517720.1, XP_010497287.1
OG0013507	As005G105200	XP_010506034.1, XP_010517739.1, XP_010508604.1
OG0013508	As005G105780	XP_010505964.1, XP_010517667.1, XP_010508683.1
OG0013509	As005G105790	XP_010508688.1, XP_010517664.1, XP_010505956.1
OG0013510	As005G106680, As006G142210	XP_019090214.1, XP_019084609.1, XP_019097586.1
OG0013511	As005G106770	XP_010452000.1, XP_010490581.1, XP_010423940.1
OG0013512	As005G106950	XP_010490602.1, XP_010452020.1, XP_010423915.1
OG0013513	As005G107000	XP_010423910.1, XP_010452032.1, XP_010490611.1
OG0013514	As005G107090	XP_010423908.1, XP_010490615.1, XP_010452034.1
OG0013515	As005G107170	XP_019097234.1, XP_019084597.1, XP_019089964.1
OG0013516	As005G107220	XP_010423894.1, XP_010452047.1, XP_010490631.1
OG0013517	As005G107320	XP_010452055.1, XP_010423885.1, XP_010490640.1
OG0013518	As005G107370	XP_019090604.1
OG0013519	As005G107660	XP_010490721.1, XP_010423842.1, XP_010452105.1
OG0013520	As005G107880	XP_010490749.1, XP_010452144.1, XP_010423813.1
OG0013521	As005G107890	XP_010452145.1, XP_010423811.1, XP_010490750.1
OG0013522	As005G108330	XP_010452226.1, XP_010423709.1, XP_010490824.1
OG0013523	As005G108350	XP_010452228.1, XP_010423707.1
OG0013524	As005G108430	XP_010452235.1, XP_010490841.1, XP_010423698.1
OG0013525	As005G108530	XP_010490855.1, XP_010452257.1, XP_010423684.1
OG0013526	As005G108540	XP_010423681.1, XP_010490856.1, XP_010452258.2
OG0013527	As005G108670	XP_010490864.1, XP_019098645.1, XP_019089984.1, XP_019084541.1
OG0013528	As005G108790	XP_010490874.1, XP_010452277.1
OG0013529	As005G108950	XP_010452293.1, XP_010423645.1, XP_010490891.1
OG0013530	As005G108960	XP_010423644.1, XP_010495065.1, XP_010490894.1
OG0013531	As005G109160	XP_010490918.1, XP_010452310.1, XP_010423623.1
OG0013532	As005G109240	XP_010495067.1, XP_010490924.1, XP_010423615.1
OG0013533	As005G109270	XP_019084526.1, XP_010490927.1, XP_010452317.1
OG0013534	As005G109320	XP_010490928.1, XP_010423602.1, XP_010452318.1
OG0013535	As005G109350	XP_010490933.1, XP_010423599.1, XP_010452321.1
OG0013536	As005G109360	XP_010490935.1, XP_010423598.1, XP_019090500.1
OG0013537	As005G110400	XP_010454288.1, XP_010493087.1, XP_010420823.1
OG0013539	As005G110580	XP_010420773.1, XP_010454246.1, XP_010493038.1
OG0013540	As005G111850	XP_010454361.1, XP_010420894.1, XP_010493162.1
OG0013541	As005G111940	XP_010454365.1, XP_010493164.1, XP_010420901.1
OG0013542	As005G112550	XP_010454424.1, XP_010420953.1, XP_010493222.1
OG0013543	As005G112980	XP_019084766.1, XP_010493254.1, XP_010456621.2
OG0013544	As005G113090	XP_010420991.1, XP_010493259.1, XP_010454464.1
OG0013545	As005G113100	XP_010493262.1, XP_010420993.1, XP_010454467.1
OG0013546	As005G113200	XP_010454478.1, XP_010421002.1, XP_010493275.1
OG0013547	As005G113690	XP_010495384.1, XP_010421077.1, XP_010454558.1
OG0013548	As005G113700	XP_010421080.1, XP_010454560.1, XP_010493513.1, XP_010493382.1
OG0013549	As005G113760, As005G113740	XP_010493390.1, XP_010454565.1, XP_010421086.1
OG0013550	As005G113970	XP_010456718.1, XP_010483728.1, XP_010443878.1
OG0013551	As005G113990	XP_010443876.1, XP_010483726.1, XP_010456712.1
OG0013552	As005G114000	XP_010456698.1, XP_010443875.1, XP_010483724.1
OG0013553	As005G114110	XP_010483711.1, XP_010443864.1, XP_010456615.1
OG0013554	As005G114190	XP_010456535.1, XP_010483702.1, XP_010443852.1
OG0013555	As005G114550	XP_019088110.1, XP_019095500.1, XP_010443799.1
OG0013556	As005G115580	XP_010455094.1, XP_019095505.1, XP_010443708.1
OG0013557	As005G115640	XP_010455008.1, XP_010483570.1, XP_010443700.1
OG0013558	As005G115650	XP_010454985.1, XP_010483566.1, XP_010443697.1
OG0013559	As005G115780	XP_010478150.1, XP_010499292.1, XP_010460569.1, XP_010460566.1
OG0013560	As005G115980	XP_010503324.1, XP_010515033.1, XP_010426162.1
OG0013561	As005G116140	XP_010459963.1, XP_010484046.1, XP_010444205.1
OG0013562	As005G116210	XP_010460062.1, XP_010484053.1, XP_010444214.1
OG0013563	As005G116470	XP_010484096.1, XP_010460418.1, XP_010444255.1
OG0013564	As005G116600	XP_010484118.1, XP_010444280.1, XP_010460837.1
OG0013565	As005G116710	XP_010460950.1, XP_010484130.1, XP_010444294.1
OG0013566	As005G116930	XP_010484168.1, XP_010444321.1, XP_010461264.1
OG0013567	As005G117020	XP_010461351.1, XP_010444331.1, XP_010484177.1
OG0013569	As005G117170	XP_010485309.1, XP_010461490.1, XP_010444349.1
OG0013570	As005G117240	XP_010484200.1
OG0013571	As005G117280	XP_010484203.1, XP_010461605.1
OG0013572	As005G117380	XP_010461725.1, XP_010484219.1, XP_010444371.1, XP_019087031.1
OG0013573	As005G117410	XP_010484229.1, XP_010461766.1, XP_010444374.1
OG0013574	As005G117480	XP_010484230.1, XP_010461842.1, XP_010444381.1
OG0013575	As005G117520	XP_010461923.1, XP_010446267.1, XP_019095747.1
OG0013576	As005G117580	XP_010444395.1, XP_010489179.1, XP_010461995.1, XP_010484243.1
OG0013577	As005G117710	XP_010467663.1, XP_010489551.1, XP_010414341.1
OG0013578	As005G117760	XP_010444418.1, XP_010462819.1, XP_010484267.1
OG0013579	As005G117800	XP_010444425.1, XP_010462762.1, XP_010484271.1
OG0013580	As005G118140	XP_010462432.1, XP_010444470.1, XP_010484308.1
OG0013581	As005G118280	XP_010462160.1, XP_019088579.1, XP_010484329.1
OG0013582	As005G118530	XP_010463054.1, XP_010444522.1, XP_010484359.1
OG0013583	As005G118790	XP_010463515.1, XP_010484416.1, XP_010444587.1
OG0013584	As005G118800	XP_019094389.1, XP_010444588.1, XP_010484417.1
OG0013585	As005G118820	XP_010444594.1, XP_010463531.1
OG0013586	As005G118910	XP_010444606.1, XP_010463675.1, XP_010484435.1
OG0013587	As005G118990	XP_010463818.1, XP_010484448.1
OG0013588	As005G119100	XP_010463950.1, XP_010484485.1, XP_010444636.1
OG0013589	As005G119120	XP_010444640.1, XP_010484492.1, XP_010463982.1
OG0013590	As005G119150	XP_010484493.1, XP_010444643.1, XP_010464009.1
OG0013592	As005G119340	XP_010464254.1, XP_010444671.1, XP_010484519.1
OG0013593	As005G119410	XP_010484525.1, XP_010444676.1, XP_010464312.1
OG0013594	As005G119470	XP_019087118.1, XP_010464381.1
OG0013595	As005G119530, As005G119920, As005G119520, As005G119510	XP_019086958.1, XP_010441191.1
OG0013596	As005G119550	XP_010484546.1, XP_010464487.1, XP_010444691.1
OG0013597	As005G119660	XP_019088080.1, XP_019095749.1, XP_019087857.1
OG0013598	As005G119830	XP_010444727.1, XP_010478680.1, XP_010485330.1
OG0013599	As005G119840	XP_010464846.1, XP_010444728.1, XP_010484585.1
OG0013600	As005G119960	XP_010444748.1, XP_010484599.1, XP_010465009.1
OG0013601	As005G120100	XP_010484611.1, XP_010444766.1, XP_010465170.1
OG0013602	As005G120440	XP_010484658.1, XP_010444807.1, XP_010465633.1
OG0013603	As005G120560	XP_010465729.1, XP_010484669.1, XP_010444818.1
OG0013604	As005G120630	XP_010465822.1, XP_010444826.2, XP_010484677.1
OG0013605	As005G120730	XP_019095694.1, XP_010465902.1, XP_010444833.1
OG0013606	As005G120770	XP_010444837.1, XP_010466032.1, XP_010484685.1
OG0013607	As005G120830	XP_010444849.1, XP_010484694.1, XP_010466102.1
OG0013608	As005G120850, As005G120860	XP_010444851.1, XP_010484697.1, XP_010466255.1
OG0013609	As006G121110	XP_010419544.1, XP_010426586.1, XP_010456320.1
OG0013610	As006G121130	XP_010456318.1, XP_010426616.1, XP_010419547.1, XP_019085033.1
OG0013611	As006G121150	XP_010456315.1, XP_010426633.1, XP_019084034.1, XP_010497395.2
OG0013612	As006G121220	XP_010427369.1, XP_010456249.1, XP_010419630.1
OG0013613	As006G121410	XP_010427101.1, XP_010456273.1
OG0013614	As006G121610	XP_010456295.1, XP_019083749.1, XP_010426911.1
OG0013615	As006G121630	XP_010419568.1, XP_010456297.1, XP_010426856.1
OG0013616	As006G121640	XP_010426876.1, XP_010419565.1, XP_010456298.1
OG0013617	As006G121970	XP_010456215.1, XP_010427732.1, XP_010422771.1
OG0013618	As006G122050	XP_010427871.1, XP_010456201.1
OG0013619	As006G122060	XP_010456199.1, XP_010422758.1, XP_010427859.1
OG0013620	As006G122130	XP_010456186.1, XP_010422749.1, XP_010428000.1
OG0013621	As006G122160	XP_010428036.1, XP_010422746.1, XP_010457004.1
OG0013622	As006G122330	XP_010424685.1, XP_019090534.1, XP_010428271.1
OG0013623	As006G122580	XP_010422696.1, XP_010428642.1, XP_010456131.1
OG0013624	As006G122610	XP_010422691.1, XP_010456128.1, XP_010428690.1
OG0013625	As006G122630	XP_010456109.1, XP_010428940.1, XP_010422674.1
OG0013626	As006G122650	XP_010422677.1, XP_010456111.1, XP_010428928.1
OG0013627	As006G122780	XP_010428952.1, XP_010456107.1, XP_010422671.1
OG0013628	As006G122830	XP_010422658.1, XP_010456098.1, XP_010429022.1
OG0013629	As006G122840	XP_010429034.1, XP_010456096.1, XP_010422657.1
OG0013630	As006G122880	XP_010429135.1, XP_010456087.1, XP_010422644.1
OG0013631	As006G123010	XP_010474851.1, XP_010481208.1, XP_010457257.1
OG0013632	As006G123160	XP_010429541.1, XP_010422604.1, XP_010456045.1
OG0013633	As006G123470	XP_010422558.1, XP_010455998.1, XP_010430007.1
OG0013634	As006G123640	XP_010455929.1, XP_010430409.1, XP_010422532.1
OG0013635	As006G123650	XP_010430400.1, XP_010455928.1, XP_010422533.1
OG0013636	As006G123660	XP_010430378.1, XP_010455926.1, XP_010422534.1
OG0013637	As006G123740	XP_010422518.1, XP_010455944.1, XP_019089046.1
OG0013638	As006G123760	XP_010422515.1, XP_010430544.1, XP_010455955.1
OG0013639	As006G123820	XP_010430661.1, XP_010422505.1, XP_010455967.1
OG0013640	As006G123950	XP_010430760.1, XP_010455979.1, XP_010422492.1
OG0013641	As006G123970	XP_010422490.1, XP_010455981.1, XP_010430766.1
OG0013642	As006G124100	XP_010430946.1, XP_010422475.1, XP_010455904.1
OG0013643	As006G124150	XP_019089221.1, XP_010455892.1, XP_019084146.1
OG0013644	As006G124160	XP_019090714.1, XP_010431054.1, XP_010422463.1
OG0013645	As006G124340	XP_010494424.1, XP_010481768.1, XP_010441916.1
OG0013646	As006G124490	XP_010481781.1, XP_010441945.1, XP_010494407.1, XP_010497677.2
OG0013647	As006G124510	XP_010441943.1, XP_010494404.1, XP_010481783.1
OG0013648	As006G124590	XP_010441934.1, XP_010481789.1, XP_010494393.1
OG0013649	As006G124830	XP_010441989.1, XP_010481827.1, XP_010494357.1, XP_010494358.2
OG0013650	As006G124940	XP_010494337.1, XP_010481844.1, XP_019088801.1
OG0013651	As006G125060	XP_010442020.1, XP_010494328.1
OG0013652	As006G125100	XP_010481866.1, XP_010494322.1, XP_010442024.1
OG0013653	As006G125480	XP_010509921.1, XP_010413906.1, XP_010469512.1
OG0013654	As006G125500	XP_010413903.1, XP_010509918.1, XP_010469504.1
OG0013655	As006G125550	XP_010413897.1, XP_010509913.1, XP_010469500.1
OG0013656	As006G125570	XP_010469499.1, XP_010509910.1, XP_010413896.1
OG0013657	As006G125640	XP_010469612.1, XP_010510040.1, XP_019082979.1
OG0013658	As006G126010	XP_019101339.1, XP_010413931.1, XP_010469533.1
OG0013659	As006G126280	XP_010510008.1, XP_010413988.1, XP_010469579.1
OG0013660	As006G126340	XP_010510019.1, XP_019094008.1, XP_010413998.1
OG0013661	As006G126370	XP_010414030.1, XP_010510096.1, XP_010469627.1
OG0013662	As006G126380	XP_010414031.1, XP_010469628.1, XP_010510097.1
OG0013663	As006G126480	XP_010469641.1, XP_010414048.1, XP_010510115.1
OG0013664	As006G126720	XP_010510122.1, XP_010469643.1, XP_010414056.1
OG0013665	As006G126820	XP_010510135.1, XP_010469652.1, XP_010414063.1
OG0013666	As006G126860	XP_010510141.1, XP_010414069.1, XP_010469659.1
OG0013667	As006G127000	XP_010414090.1, XP_019101379.1
OG0013668	As006G127460	XP_010414168.1, XP_010469748.1, XP_010510225.1
OG0013669	As006G127490	XP_010414173.1, XP_010510230.1, XP_010469753.1
OG0013670	As006G127600	XP_010469766.1, XP_010510246.1, XP_010414186.1
OG0013671	As006G127720	XP_010510268.1, XP_010469782.1, XP_010414199.1
OG0013672	As006G127790	XP_010510277.1, XP_010469786.1, XP_010414207.1
OG0013673	As006G127850	XP_010414218.1, XP_010510288.1, XP_010469799.1
OG0013674	As006G127880	XP_010414231.1, XP_010510297.1
OG0013675	As006G127950	XP_010469824.1, XP_019083025.1, XP_010510327.1
OG0013676	As006G128180	XP_010510378.1, XP_010469870.1, XP_010414282.1
OG0013677	As006G128250	XP_010414285.1, XP_010469877.1, XP_010510386.1
OG0013678	As006G128440	XP_010444213.1, XP_019087839.1, XP_010482547.1
OG0013679	As006G128590	XP_010414330.1, XP_010473960.1, XP_010513223.1
OG0013680	As006G128700	XP_010469920.1, XP_010414365.1
OG0013681	As006G128730	XP_019082559.1, XP_010510438.1, XP_010469918.1
OG0013682	As006G129130	XP_010470006.1, XP_010414449.1, XP_010510545.1
OG0013683	As006G129380	XP_019083090.1, XP_010470044.1, XP_010510574.1
OG0013684	As006G129760	XP_010431785.1, XP_010436944.1, XP_010446356.1
OG0013685	As006G129910	XP_010470097.1, XP_010414540.1, XP_010510635.1
OG0013686	As006G129980	XP_010470109.1, XP_010414561.1, XP_010510649.1
OG0013687	As006G130140	XP_010470153.1, XP_010510699.1
OG0013688	As006G130160	XP_010510700.1, XP_010470148.1, XP_010414596.1
OG0013689	As006G130210	XP_010510709.1, XP_010473192.1, XP_019082743.1
OG0013690	As006G130230	XP_010510712.1, XP_010473187.1, XP_010417942.1
OG0013691	As006G130390	XP_010473161.1, XP_010510742.1
OG0013692	As006G130510	XP_010417840.1, XP_019093476.1, XP_010510834.1
OG0013694	As006G130770	XP_010417878.1, XP_010473117.1, XP_010510791.1
OG0013695	As006G130840	XP_010417899.1, XP_010473139.1, XP_010510785.1
OG0013696	As006G131150, As006G131120	XP_010510864.1, XP_010474525.1
OG0013697	As006G131160, As006G131180	XP_010417822.2, XP_010473060.1, XP_010510866.1
OG0013698	As006G131210	XP_019100848.1, XP_010417816.1, XP_010473055.1
OG0013699	As006G131270	XP_010482403.1, XP_010442540.1
OG0013700	As006G131320	XP_010510884.1, XP_010417810.1, XP_010473043.1
OG0013701	As006G131370	XP_019093773.1, XP_010417806.1, XP_010510883.1
OG0013702	As006G131390	XP_010469859.1, XP_010510368.1, XP_010414272.1
OG0013703	As006G131410	XP_010479160.1, XP_010500281.1
OG0013704	As006G131450	XP_010469999.1, XP_010414445.1, XP_010510541.1
OG0013705	As006G131540	XP_010417443.1, XP_010472678.1, XP_010429672.1
OG0013706	As006G131620	XP_010417436.1, XP_010429665.1, XP_010472673.1
OG0013707	As006G131680	XP_010417418.1, XP_010472658.1, XP_010429652.1
OG0013708	As006G131750	XP_010429644.1, XP_010417406.1, XP_010472652.1
OG0013709	As006G137250, As006G131770	XP_010517061.1, XP_010463867.1, XP_010485767.1
OG0013710	As006G131850	XP_010429634.1, XP_010472641.1, XP_010417396.1
OG0013711	As006G131910	XP_010472633.1, XP_010417385.1, XP_010429620.1
OG0013712	As006G131960	XP_010417374.1, XP_010429613.1, XP_010472623.1
OG0013713	As006G131990	XP_010417369.1, XP_010472618.1, XP_010429606.1
OG0013714	As006G132200	XP_010429578.1, XP_010472597.1, XP_019082718.1
OG0013715	As006G132220	XP_010438595.1, XP_010448120.1, XP_010433353.1
OG0013716	As006G132700	XP_010438675.1, XP_010448190.1, XP_010433421.1
OG0013717	As006G132750	XP_010463530.1, XP_010485497.1
OG0013719	As006G133250	XP_010436730.2, XP_010485359.1, XP_010496439.1
OG0013720	As006G133290	XP_010435674.1, XP_010496435.1, XP_010485355.1
OG0013721	As006G133300	XP_010496436.1, XP_010435673.1, XP_010485357.1
OG0013722	As006G133370	XP_010435679.1, XP_010485346.1, XP_019098222.1
OG0013723	As006G133810	XP_010424014.1, XP_010496823.1, XP_019097282.1, XP_010497721.1
OG0013724	As006G133910	XP_010490498.1, XP_010424005.1, XP_010451926.1
OG0013725	As006G133960	XP_010451933.1, XP_010423999.1, XP_010490502.1
OG0013726	As006G134010	XP_010423993.1, XP_010451936.1, XP_010451935.1, XP_010490507.1
OG0013727	As006G134150	XP_010483092.1, XP_010443271.1
OG0013728	As006G134450	XP_010449040.1, XP_010443111.1, XP_010485136.1
OG0013729	As006G134990	XP_019092681.1, XP_019096865.1, XP_010432103.1
OG0013730	As006G135010	XP_010463589.1, XP_010485431.1, XP_010434273.1
OG0013731	As006G135220	XP_010460417.1, XP_010485463.1, XP_010463619.1
OG0013732	As006G135250	XP_010463625.1
OG0013733	As006G135420	XP_010417271.1, XP_019098385.1, XP_010485487.1, XP_010463647.1
OG0013734	As006G135570	XP_010493637.1, XP_010482069.1, XP_010442240.1
OG0013735	As006G135700	XP_010463691.1, XP_010485589.1, XP_010501106.1
OG0013736	As006G135980	XP_010467978.1, XP_010489650.1
OG0013737	As006G136230	XP_010485658.1, XP_010463768.1, XP_010507566.1
OG0013738	As006G136320	XP_010463778.1, XP_010485663.1, XP_010508298.1
OG0013739	As006G136370	XP_010509766.1, XP_019096964.1, XP_010463785.1
OG0013740	As006G136450	XP_010448163.1, XP_010433391.1, XP_010438644.1
OG0013741	As006G136610	XP_010463805.1, XP_010485696.1, XP_010511823.1
OG0013742	As006G136810	XP_010485722.1, XP_010513456.1, XP_010463829.1
OG0013743	As006G136910	XP_010485732.1, XP_010514039.1, XP_010463839.1
OG0013744	As006G136930	XP_010485736.1, XP_010463841.1, XP_019099700.1
OG0013745	As006G137170	XP_010463856.1, XP_010515621.1, XP_010485752.2
OG0013746	As006G137180	XP_010485755.1, XP_010463857.1, XP_010515733.1
OG0013747	As006G137390	XP_019096278.1, XP_019099764.1, XP_010463886.1
OG0013748	As006G137500	XP_010485810.1, XP_010463915.1
OG0013749	As006G137540	XP_010413617.1, XP_010463909.1, XP_010485799.1
OG0013750	As006G137720	XP_010485833.1, XP_010416082.1, XP_010463936.1
OG0013751	As006G137730	XP_010489671.1, XP_010485832.1, XP_010415969.1, XP_010463933.1
OG0013752	As006G137810, As012G286990	XP_010485842.1, XP_010416702.1, XP_010463943.1
OG0013753	As006G137850	XP_010417405.1, XP_010485846.1, XP_010463949.1
OG0013754	As006G138020	XP_010419070.1, XP_010485866.1, XP_010463969.1
OG0013755	As006G138080	XP_019096950.1, XP_010463975.1, XP_010419792.1
OG0013756	As006G138190	XP_010463984.1, XP_010485884.1, XP_010420513.1
OG0013757	As006G138280	XP_019092799.1, XP_019096889.1, XP_010421675.1
OG0013758	As006G138480, As006G138520	XP_010485952.1, XP_010464040.1, XP_010424677.1
OG0013759	As006G138560	XP_010485976.1, XP_010426180.1, XP_010464059.1
OG0013760	As006G138670	XP_010485957.1, XP_019100061.1, XP_010464043.1
OG0013761	As006G139050	XP_010430759.1, XP_010464104.1, XP_010486035.1
OG0013762	As006G139120	XP_010464122.2, XP_010486049.1, XP_010431525.1
OG0013763	As006G139380	XP_010464152.1, XP_010433898.1, XP_010486073.1
OG0013764	As006G139400	XP_010464155.1, XP_010434120.1, XP_010486075.1
OG0013765	As006G139730	XP_010436570.1, XP_010486107.1, XP_010464184.1
OG0013766	As006G139990	XP_010464210.1, XP_010486147.1, XP_010439402.1
OG0013767	As006G140120	XP_010464219.1, XP_019096908.1, XP_010440777.1
OG0013768	As006G140300	XP_010464250.1, XP_010486186.1, XP_010443284.1
OG0013769	As006G140330	XP_010488745.1, XP_010412550.1, XP_010467061.1
OG0013770	As006G140410	XP_010444882.1, XP_010486207.1, XP_019092679.1
OG0013771	As006G140830	XP_010486256.1, XP_010464321.1, XP_010449019.1
OG0013772	As006G141130	XP_010486291.1, XP_010451684.1, XP_010464361.1
OG0013773	As006G141310	XP_010422050.1, XP_010435504.1, XP_010455513.1
OG0013774	As006G141460	XP_010456966.1, XP_010486342.1, XP_010464411.1
OG0013775	As006G141480	XP_010486344.1, XP_019092915.1, XP_010457040.1
OG0013776	As006G141760	XP_010464445.1, XP_010460680.1, XP_010486378.1
OG0013777	As006G141830	XP_010461507.1, XP_010486386.1, XP_010464457.1
OG0013778	As006G141970	XP_010464477.1, XP_010463311.1
OG0013779	As006G142170	XP_010486440.1, XP_010466610.1, XP_010464513.1
OG0013780	As006G142530	XP_010505767.1, XP_010517460.1, XP_010508870.1
OG0013781	As006G142790	XP_010505738.1, XP_010517430.1, XP_010508900.1
OG0013782	As006G142880	XP_010508915.1, XP_010505716.1, XP_010517408.1
OG0013783	As006G142970	XP_010504454.1, XP_010516173.1, XP_010427385.1
OG0013784	As006G143050	XP_010508944.1, XP_010505692.1
OG0013785	As006G143300	XP_010505660.1, XP_010517334.1, XP_010508978.1
OG0013786	As006G143370	XP_010508993.1, XP_010517321.1, XP_010505647.1
OG0013787	As006G143470	XP_019101244.1, XP_019102541.1, XP_019100525.1
OG0013788	As006G143500	XP_010509002.1, XP_010505638.1, XP_010517309.1
OG0013789	As006G143750	XP_010517265.1, XP_010505595.1, XP_010509038.1
OG0013790	As006G143820	XP_010517254.1, XP_010505584.1, XP_010509065.1
OG0013791	As006G143940	XP_010505583.1, XP_010509067.1, XP_010517253.1
OG0013792	As006G144040	XP_010449328.1, XP_010505569.1, XP_010509076.1, XP_010517241.1
OG0013793	As006G144060	XP_019098757.1, XP_019083102.1, XP_019101466.1
OG0013794	As006G144150	XP_010517222.1, XP_010509094.1
OG0013795	As006G144240	XP_010509106.1, XP_010505541.1, XP_010517209.1
OG0013796	As006G144390	XP_010505525.1, XP_010509170.1
OG0013797	As006G144540	XP_010505124.1, XP_010509527.1
OG0013798	As006G144830	XP_010509493.1, XP_010516840.1, XP_010505160.1
OG0013799	As006G145130	XP_010516881.1, XP_010505202.1, XP_010509458.1
OG0013800	As006G145210	XP_010509450.1, XP_010505214.1
OG0013801	As006G145300	XP_010509436.1, XP_010505221.1, XP_010516899.1
OG0013802	As006G145390	XP_010509428.1, XP_010505230.1, XP_010516911.1
OG0013803	As006G145450	XP_010516921.1, XP_010509419.1, XP_019100467.1
OG0013804	As006G145510	XP_010505244.1, XP_010516928.1, XP_010509412.2
OG0013805	As006G145590	XP_010509405.1, XP_010516941.1, XP_010505258.1
OG0013806	As006G145940	XP_010509357.1, XP_010505307.1, XP_010516989.1
OG0013807	As006G146360	XP_010517027.1, XP_010505347.1, XP_010509318.1
OG0013808	As006G146380	XP_010517029.1, XP_010509315.1, XP_010505350.1
OG0013809	As006G146730	XP_010505363.1, XP_010517040.1, XP_010509294.1
OG0013810	As006G147910	XP_010509231.1, XP_010505416.1, XP_010517089.1
OG0013811	As006G147930	XP_010505414.1, XP_010509232.1, XP_010517087.1
OG0013812	As006G147950	XP_010517084.1, XP_010509236.1, XP_010505412.1
OG0013813	As006G148390	XP_010440690.1, XP_010450341.1
OG0013814	As006G148770	XP_010509563.1, XP_010516781.1, XP_010505097.1
OG0013816	As007G151890	XP_010476604.1, XP_010459047.1, XP_010496948.1
OG0013817	As007G152790	XP_010497751.1, XP_010459166.1, XP_010476734.1
OG0013818	As007G153000, As010G242510	XP_010501481.1, XP_010459192.1, XP_010476762.1
OG0013819	As007G153020	XP_010459194.1
OG0013820	As007G153080	XP_010476774.1, XP_010497981.1, XP_019091009.1
OG0013821	As007G153160	XP_010498001.1, XP_010459219.1, XP_010476790.1, XP_010480503.1
OG0013822	As007G153240	XP_010498012.1, XP_019091335.1, XP_010476815.1
OG0013823	As007G153550	XP_010495444.2, XP_019090895.1, XP_019094331.1
OG0013824	As007G153600	XP_010498062.1, XP_010476860.1, XP_019090800.1
OG0013825	As007G153750	XP_010498074.1, XP_010459306.1, XP_010476875.1
OG0013826	As007G153760	XP_010476876.1, XP_010459307.1, XP_010498075.1
OG0013828	As007G153900	XP_010498087.1, XP_010476889.1, XP_010459329.1
OG0013829	As007G154180	XP_019091912.1, XP_010476937.1, XP_010501502.1
OG0013830	As007G154340	XP_010476949.1, XP_010498163.1
OG0013831	As007G154520	XP_010477002.1, XP_010459440.1
OG0013832	As007G154680	XP_010459416.1, XP_010498188.1, XP_010476979.1
OG0013833	As007G154740	XP_010498179.1, XP_010476964.1, XP_010496043.1
OG0013834	As007G154770	XP_010476962.1, XP_010498176.1, XP_010496040.1
OG0013835	As007G154800	XP_010498227.1, XP_010459453.1, XP_010477017.1
OG0013836	As007G155030	XP_010477040.1, XP_010498260.1, XP_010459485.1
OG0013837	As007G155500	XP_019091018.1, XP_010477116.1, XP_010498321.1
OG0013838	As007G155540	XP_010477121.1, XP_010459573.1, XP_010498326.1
OG0013839	As007G155550	XP_019094249.1, XP_010459574.1, XP_010498327.1
OG0013840	As007G155610	XP_010498336.1, XP_010459583.1, XP_010477126.1, XP_010480543.1
OG0013841	As007G155650	XP_019094418.1
OG0013842	As007G155750	XP_010459607.1, XP_010498354.1, XP_010498356.1, XP_010477152.1
OG0013843	As007G155890	XP_010498382.1, XP_010459633.1, XP_010477180.1
OG0013844	As007G155910	XP_010501526.1, XP_010459635.1, XP_010477182.1
OG0013845	As007G156030	XP_010498405.1, XP_010477206.1, XP_010459660.1
OG0013846	As007G156080	XP_010477214.1, XP_010498413.1, XP_010459668.1
OG0013847	As007G156230	XP_019099103.1, XP_019090785.1, XP_010477237.1
OG0013848	As007G156640	XP_010477286.1, XP_010498483.1, XP_010459734.1
OG0013849	As007G156850	XP_010477329.2, XP_010459769.1, XP_010498520.1
OG0013850	As007G157030	XP_010459792.1, XP_010498553.1, XP_010477356.1
OG0013851	As007G157270	XP_010498585.1, XP_010459843.1, XP_010477397.1
OG0013852	As007G157360	XP_010462821.1, XP_010501542.1, XP_010480580.1
OG0013853	As007G157370	XP_010498601.1, XP_010459855.1, XP_019098245.1
OG0013854	As007G157520	XP_010496336.1, XP_010459863.1, XP_010498607.1
OG0013855	As007G157600	XP_010459868.1, XP_010498615.1, XP_010496328.1
OG0013856	As007G157680, As009G209870	XP_010510815.1, XP_010466456.1, XP_010488216.1, XP_010477408.2
OG0013857	As007G157760	XP_010459894.1, XP_010477419.1, XP_010498628.1
OG0013858	As007G158100	XP_010477457.1, XP_010459930.1, XP_010498666.1
OG0013860	As007G158830	XP_010460037.1, XP_019099146.1, XP_010477538.1
OG0013861	As007G158850	XP_010462850.1, XP_010477543.1, XP_019099147.1
OG0013862	As007G158870, As010G234440	XP_010498763.1, XP_010477549.1, XP_010460043.1
OG0013863	As007G159510	XP_010498845.1, XP_010460123.1, XP_010477632.1
OG0013864	As007G159930, As007G159920	XP_010498931.1, XP_010460183.1, XP_010477734.1
OG0013865	As007G159940	XP_010460185.1, XP_010498933.1, XP_010477736.1
OG0013866	As007G160200, As007G163880	XP_010498971.1, XP_010460226.1, XP_010477774.1
OG0013867	As007G160450	XP_010477807.1, XP_010498993.1
OG0013868	As007G160470	XP_010477809.1
OG0013869	As007G160500	XP_010460262.1, XP_010498995.1, XP_010477811.1
OG0013870	As007G160630	XP_010460286.1, XP_010477836.1, XP_010499016.1
OG0013871	As007G160740	XP_010472327.1, XP_010429272.1, XP_010460299.1, XP_010417078.1
OG0013872	As007G161040	XP_010460340.1, XP_010499074.1, XP_010477887.1
OG0013873	As007G161060	XP_010460342.1, XP_010499076.1, XP_010477889.1
OG0013874	As007G161160	XP_010477911.1, XP_010499092.1, XP_010460358.1
OG0013875	As007G161790	XP_010478002.1, XP_010499164.1, XP_019091235.1
OG0013876	As007G161990	XP_010470669.1, XP_010415334.1, XP_010511704.1
OG0013877	As007G162020	XP_010499185.1, XP_010478033.1, XP_010460471.1
OG0013878	As007G162120	XP_010478055.1, XP_010499205.1, XP_019091677.1
OG0013879	As007G162340	XP_010479063.1, XP_010461464.1, XP_010500168.1
OG0013880	As007G162880	XP_010439043.1, XP_019089799.1, XP_010433770.1
OG0013881	As007G163020	XP_010448550.1, XP_010439014.1
OG0013882	As007G163460	XP_010438978.1, XP_019086851.1, XP_010448527.1
OG0013883	As007G163480	XP_010438974.1, XP_010433729.1, XP_010448525.1
OG0013884	As007G163720	XP_010433713.1, XP_010433714.1, XP_010438957.1, XP_010448504.1
OG0013885	As007G164350	XP_010448477.1, XP_010438936.1, XP_010433684.1
OG0013886	As007G164420	XP_019086683.1, XP_010448470.1, XP_010438919.1
OG0013887	As007G164460	XP_019086923.1, XP_019087348.1, XP_019089764.1, XP_019089763.1
OG0013888	As007G166900	XP_010432687.1, XP_010451080.1, XP_019087301.1
OG0013889	As007G167130	XP_019093386.1, XP_010417290.1, XP_010429518.1
OG0013890	As007G176850	XP_010472511.1, XP_010417266.1, XP_010429501.1
OG0013891	As007G176860	XP_010417267.1, XP_010429503.1, XP_019093542.1
OG0013892	As007G176890	XP_010417261.1, XP_010429497.1, XP_010474453.1
OG0013893	As007G176960	XP_010447282.1, XP_010432610.1, XP_010437801.1
OG0013894	As007G177050	XP_010472505.1, XP_010417254.1, XP_010429487.1
OG0013895	As007G177060	XP_010474449.2, XP_010429483.1, XP_010417250.1
OG0013896	As007G177140	XP_010463483.2, XP_019101916.1, XP_019088244.1, XP_019095482.1, XP_019087516.1
OG0013897	As007G177550	XP_010472500.1, XP_010417242.1, XP_010431606.1
OG0013898	As007G177690	XP_010472516.1, XP_010417276.1, XP_010429507.1
OG0013899	As007G177720	XP_010417281.1, XP_010429508.1, XP_010472520.1
OG0013900	As007G179250	XP_010429316.1, XP_010472362.1, XP_010417113.1
OG0013901	As007G179820	XP_010417055.1, XP_019093828.1, XP_010429243.1
OG0013902	As007G179990, As010G237370	XP_010416524.1, XP_010471762.1, XP_010428664.1
OG0013903	As010G237390, As007G180000	XP_010416522.1, XP_010471761.1, XP_010428663.1
OG0013904	As007G180040	XP_019089172.1, XP_010429194.1, XP_010472258.1
OG0013905	As007G180260	XP_010472234.1, XP_010417004.1, XP_010429167.1
OG0013906	As007G180410	XP_010429145.1, XP_019093139.1, XP_010416988.1
OG0013907	As007G180570	XP_019085077.1, XP_010472196.1, XP_019083466.1
OG0013908	As007G180590	XP_010474405.2
OG0013909	As007G180630	XP_010472194.1, XP_010429111.1, XP_010416949.1
OG0013910	As007G180700	XP_010429094.1, XP_010472167.1, XP_010416928.1
OG0013912	As007G181750, As007G181400	XP_010416874.1, XP_010429031.1, XP_010472112.1
OG0013913	As007G181980	XP_010472087.1, XP_010429002.1, XP_019083443.1
OG0013914	As007G182270	XP_010497711.1, XP_010459156.1, XP_010476725.1, XP_019095302.1
OG0013915	As008G182290	XP_010496913.1, XP_010459038.1, XP_010476600.1
OG0013916	As008G182730	XP_010476536.1, XP_010458981.1, XP_010496431.1
OG0013917	As008G182740	XP_010496420.1, XP_010476535.1, XP_010458980.1
OG0013918	As008G182840	XP_010476512.1, XP_010458958.1, XP_010496229.1
OG0013919	As008G183060	XP_010458928.1, XP_010495962.1, XP_010476484.1
OG0013920	As008G183170	XP_010495827.1, XP_010476459.1, XP_010458906.1
OG0013921	As008G183550	XP_010476411.1, XP_010495610.1, XP_010458845.1
OG0013922	As008G183570	XP_010476405.1, XP_010458839.1
OG0013923	As008G183690	XP_010476395.1, XP_010458829.1, XP_010495534.1
OG0013924	As008G183800	XP_010495464.1, XP_010476370.1, XP_010458816.1
OG0013925	As008G183900	XP_010458802.1, XP_010476351.1, XP_019098978.1
OG0013926	As008G183970	XP_010458780.1, XP_010476325.1, XP_010495185.1
OG0013927	As008G184330	XP_010458741.1, XP_010494848.1, XP_010476284.1
OG0013928	As008G184540	XP_010494591.1, XP_010476255.1, XP_010458711.1
OG0013929	As008G184570	XP_010458705.1, XP_010494555.1, XP_010476244.1
OG0013930	As008G185340	XP_010493617.1, XP_010458622.1, XP_010476153.1
OG0013931	As008G185470	XP_010476134.1, XP_010458605.1, XP_010493468.1
OG0013932	As008G185480	XP_010458602.1, XP_010476133.1, XP_010493457.1
OG0013933	As008G185630	XP_010458581.1, XP_010476111.1, XP_010493249.1
OG0013934	As008G185700	XP_010493172.1, XP_010458577.1, XP_010476104.1
OG0013935	As008G186520	XP_010458490.1, XP_010475999.1, XP_010492320.1
OG0013936	As008G186580	XP_010458479.1, XP_010492228.1, XP_010475987.1
OG0013937	As008G186770	XP_010491890.1, XP_010458438.1, XP_010475968.1
OG0013938	As008G186890	XP_010467041.1, XP_010488732.1, XP_010412417.1, XP_010488730.1
OG0013939	As008G186900	XP_019096642.1, XP_010412402.1, XP_010467037.1, XP_010488723.1
OG0013940	As008G187070	XP_010421694.1, XP_010455178.1, XP_010494097.1
OG0013941	As008G187580	XP_010475839.1, XP_010490402.1, XP_010458295.1
OG0013942	As008G187630	XP_010490456.1, XP_010475847.1, XP_010458305.1, XP_010458309.1
OG0013943	As008G188160	XP_010490173.1, XP_010458256.1
OG0013944	As008G188210	XP_010475796.1, XP_010458248.1, XP_010490143.1
OG0013945	As008G188310	XP_010475781.1, XP_010458231.1, XP_010490024.1
OG0013946	As008G188350	XP_010475776.2, XP_010458228.1, XP_010489987.1
OG0013947	As008G188370	XP_010458221.1, XP_010489961.1, XP_010475774.1
OG0013948	As008G188420	XP_010458216.1, XP_010475766.1, XP_010489928.1
OG0013949	As008G188510	XP_010475756.1, XP_010458209.1
OG0013950	As008G190280	XP_010458109.1, XP_010475672.1
OG0013951	As008G190340	XP_010458091.1, XP_010488958.1, XP_010475652.1
OG0013952	As008G190650	XP_010488915.1, XP_010458085.1, XP_010475646.1
OG0013953	As008G190930	XP_010458077.1, XP_010475638.1, XP_010488823.1
OG0013954	As008G191740	XP_010427656.1, XP_010427662.1, XP_010504714.2
OG0013955	As008G191810	XP_010488062.1, XP_010475561.1, XP_010457994.1, XP_010457992.1
OG0013956	As008G192690	XP_010480377.2, XP_010501355.2, XP_010462590.2
OG0013957	As008G192820	XP_010475496.1, XP_010487416.1, XP_010457913.1
OG0013958	As008G192950	XP_010475477.1, XP_010487258.1, XP_010457891.1
OG0013959	As008G193040	XP_010457877.1, XP_010475463.1, XP_010487134.1
OG0013960	As008G193150	XP_010475453.1, XP_010457862.1, XP_010487010.1
OG0013961	As008G193160	XP_010487020.1, XP_010475454.1, XP_010457863.1
OG0013962	As008G193390	XP_010486503.1, XP_010457820.1, XP_010475418.1
OG0013963	As008G193690	XP_010486111.1, XP_010475375.1
OG0013964	As008G193880	XP_019094967.1, XP_019098858.1, XP_010457755.1
OG0013965	As008G194070	XP_010475343.1, XP_019091813.1, XP_019098854.1
OG0013966	As008G194420	XP_010475300.1, XP_010457680.1, XP_010485336.1
OG0013967	As008G194600	XP_010475276.2, XP_010457661.1, XP_010501328.1
OG0013968	As008G194700	XP_010485091.1, XP_010457648.1, XP_010475263.1
OG0013969	As008G194950	XP_010457617.1, XP_010475224.1, XP_010484902.1
OG0013970	As008G195380	XP_010457580.1, XP_010475179.1, XP_010484640.1
OG0013971	As008G195590	XP_010484422.1, XP_010457559.1, XP_010475166.1
OG0013972	As008G195630	XP_010475158.1, XP_010457550.1
OG0013973	As008G195860	XP_010484173.1, XP_019091872.1, XP_010475138.1
OG0013974	As008G196050	XP_010483904.1, XP_010457501.1, XP_010475113.1
OG0013975	As008G196280	XP_010475084.1, XP_010457475.1, XP_019098814.1
OG0013976	As008G196360	XP_010457462.2, XP_010475074.1
OG0013977	As008G196430	XP_019098808.1, XP_010457454.1, XP_019094188.1
OG0013978	As008G197020	XP_010457354.1, XP_010474967.1, XP_010482037.2
OG0013979	As008G197330	XP_010474935.1, XP_010481655.1, XP_010474922.1
OG0013980	As008G197450	XP_010481514.1, XP_010457314.1, XP_010474908.1
OG0013981	As008G197480	XP_010457310.1, XP_010481475.1, XP_010474906.1
OG0013982	As008G197830	XP_010481177.1, XP_010457254.1, XP_010474847.1
OG0013983	As008G198220	XP_010480844.1, XP_010474636.1, XP_010457194.1
OG0013984	As008G198360	XP_010457181.1, XP_010474687.1
OG0013985	As008G198500	XP_010480594.1, XP_010457159.1, XP_010474707.1, XP_019094921.1
OG0013986	As008G198520	XP_010474709.1, XP_010457157.1, XP_010480581.1
OG0013987	As008G198550	XP_010480530.1, XP_010457153.1, XP_010474713.1
OG0013988	As008G198570	XP_010474714.1, XP_010480486.1, XP_010457146.1
OG0013989	As008G198610	XP_010480432.1, XP_010457141.1, XP_010474721.1
OG0013990	As008G198710	XP_010474760.1, XP_010480127.1, XP_010457107.1
OG0013991	As008G198750	XP_010474752.1, NP_001289914.1, XP_010457116.1
OG0013992	As008G199020	XP_010474774.1, XP_010479974.1
OG0013993	As008G199210	XP_010474811.1, XP_019098067.1, XP_010457072.1
OG0013994	As008G199240	XP_010457070.1, XP_010474815.1, XP_010479679.1
OG0013995	As008G199270	XP_010506009.2, XP_010508627.1, XP_010517711.1
OG0013996	As008G199300	XP_010457058.1, XP_010479602.1, XP_010474823.1
OG0013997	As008G199560	XP_010503434.1, XP_019084802.1, XP_010515123.1
OG0013998	As008G199670	XP_010496717.1, XP_010479288.1, XP_010496477.1, XP_010496690.1, XP_010496692.1
OG0013999	As009G199800	XP_010453504.1, XP_010492185.1, XP_010420017.1
OG0014000	As009G199870	XP_010453584.1, XP_010420101.1, XP_010492268.1
OG0014001	As009G199940	XP_010492961.1, XP_010454180.1, XP_010420703.1
OG0014002	As009G199970	XP_010492253.1, XP_010420083.1, XP_010453568.1
OG0014003	As009G200000	XP_010453563.1, XP_010420079.1, XP_010492248.1
OG0014004	As009G200300	XP_010492200.1, XP_010453521.1, XP_010420031.1
OG0014005	As009G200520	XP_010492292.1, XP_010453607.1
OG0014006	As009G201060	XP_010420208.1, XP_010456544.1, XP_010495205.1
OG0014007	As009G201480	XP_010453708.1, XP_010420242.1
OG0014008	As009G201490	XP_010420243.1, XP_010453710.1, XP_010492415.1
OG0014009	As009G201500	XP_010492414.1, XP_010453711.1
OG0014010	As009G201540	XP_010453720.1, XP_010420251.1, XP_010492423.1, XP_019088021.1
OG0014011	As009G201570	XP_010492427.1, XP_010453724.1, XP_010420255.1, XP_010424024.1
OG0014012	As009G201730	XP_010420270.1, XP_010492445.1, XP_010453741.1
OG0014013	As009G201740	XP_010492452.1
OG0014014	As009G201970	XP_010420290.1, XP_010453762.1, XP_010492485.1
OG0014015	As009G202080	XP_010420298.1, XP_010492498.1, XP_010453773.1
OG0014016	As009G202100	XP_010453777.1, XP_010420303.1, XP_010492505.1
OG0014017	As009G202460	XP_010492561.1, XP_010420344.1, XP_010453811.1, XP_010501714.1, XP_010485610.1, XP_019092141.1
OG0014018	As009G202620	XP_010492594.1, XP_010453835.1
OG0014019	As009G202730	XP_019083840.1, XP_019090586.1, XP_010492604.1
OG0014020	As009G203000	XP_010453878.1, XP_010420407.1
OG0014021	As009G203030	XP_010453899.1, XP_010420423.1, XP_010492656.1
OG0014022	As009G203140	XP_019098102.1, XP_019083847.1, XP_010453907.1
OG0014023	As009G203270	XP_010420461.1, XP_010453933.1, XP_010492694.1
OG0014024	As009G203280	XP_019090550.1, XP_010492695.1, XP_010420458.1
OG0014025	As009G203560	XP_010420491.1, XP_010492721.1
OG0014026	As009G204020	XP_010420557.1, XP_010454039.1, XP_010492814.1
OG0014027	As009G204070	XP_010471901.1, XP_010428782.1, XP_010416644.1
OG0014028	As009G204080	XP_019097921.1, XP_010492823.1, XP_010420563.1
OG0014029	As009G204290	XP_010454082.1, XP_010492845.1
OG0014030	As009G204360	XP_010454091.1, XP_010420612.1, XP_010492853.1
OG0014031	As009G204450	XP_010492871.1, XP_010454108.1, XP_010420629.1
OG0014032	As009G204570	XP_010454122.1, XP_010492897.1, XP_010420649.1
OG0014033	As009G204750	XP_010492933.1, XP_010420667.1, XP_010454145.1
OG0014034	As009G205040	XP_010420710.1, XP_010454183.1, XP_010492967.1
OG0014035	As009G205160	XP_010492988.1, XP_010454204.1
OG0014036	As009G205480	XP_019097181.1, XP_019083968.1, XP_010455013.1
OG0014037	As009G205580	XP_010421528.1, XP_010493924.1, XP_010455022.1
OG0014038	As009G205600	XP_010455027.1, XP_010421530.1, XP_010493925.1
OG0014039	As009G205620	XP_010493937.1, XP_010456737.1, XP_010421540.1
OG0014040	As009G205690	XP_010455042.1, XP_010493936.1, XP_010421539.1
OG0014041	As009G205770	XP_010421555.1, XP_010455060.1, XP_010493952.1
OG0014042	As009G205960	XP_010481838.1, XP_010441998.1
OG0014043	As009G206140	XP_010421588.1, XP_010493991.1, XP_010455105.1
OG0014044	As009G206610	XP_010494028.1, XP_010455140.1, XP_010421644.1
OG0014045	As009G207020	XP_010421692.1, XP_010455177.1, XP_010494096.1
OG0014046	As009G208120	XP_010482171.1, XP_010439861.1, XP_010442344.1
OG0014047	As009G208180	XP_010445960.1, XP_010442342.1, XP_010482160.1
OG0014048	As009G208390	XP_010482151.1, XP_010439740.1, XP_010442334.1
OG0014049	As009G208670	XP_010439675.1, XP_010482146.1
OG0014050	As009G209110	XP_010482084.1, XP_010442256.1, XP_010493650.1
OG0014051	As009G209440	XP_010482127.1, XP_010442317.1, XP_010439446.1
OG0014052	As009G210490	XP_010453432.1, XP_010492113.1, XP_010419933.1, XP_019084185.1
OG0014053	As009G210740	XP_010424746.1, XP_010452634.2
OG0014054	As009G211140	XP_010423262.1, XP_010452652.1, XP_010491302.1
OG0014055	As009G211410	XP_010491287.1, XP_010452639.1, XP_010423284.1
OG0014056	As009G211610	XP_010420135.1, XP_010492303.1, XP_010453614.1
OG0014058	As009G211800	XP_010423315.1, XP_010491242.1
OG0014059	As009G211810	XP_010423317.1, XP_010452602.1, XP_010491238.1
OG0014060	As009G211920	XP_010491224.1, XP_010452594.1, XP_010423325.1, XP_010423324.1
OG0014061	As009G212020	XP_010439122.1, XP_010442210.1, XP_019096115.1
OG0014062	As009G212520	XP_010452534.1, XP_010491168.1, XP_010423380.2
OG0014063	As009G212590	XP_010491160.1, XP_010452531.1, XP_010423384.2
OG0014064	As009G212680	XP_010452514.1, XP_010491150.1
OG0014065	As009G212760	XP_010452504.1, XP_010423404.1, XP_010491141.1
OG0014067	As009G212940	XP_010491130.1, XP_010423419.1, XP_010452491.1
OG0014068	As009G213020	XP_010423431.1, XP_010491112.1, XP_010452482.1
OG0014069	As009G213090	XP_019090669.1, XP_010491105.1, XP_010423446.1
OG0014070	As009G213210	XP_010452453.1, XP_010491081.1, XP_010423465.1
OG0014071	As009G213240	XP_010452449.1, XP_010491079.1
OG0014072	As009G213830	XP_010491060.1, XP_010423486.1, XP_010452429.1
OG0014073	As009G213880	XP_010423491.1, XP_010452425.1, XP_010491054.1
OG0014074	As009G214040	XP_010423530.1, XP_010491005.1, XP_010452385.1
OG0014075	As009G214060	XP_010452387.1, XP_010423526.1, XP_010491010.1
OG0014076	As009G214110	XP_010491020.1, XP_010452393.1, XP_010423517.1
OG0014077	As009G214120	XP_010423516.1, XP_010452394.1, XP_010491021.1
OG0014078	As009G214340	XP_019097165.1, XP_019090507.1, XP_019084509.1
OG0014079	As009G214370	XP_010452373.1, XP_010423546.1, XP_010490993.1
OG0014080	As009G214430	XP_010423553.1, XP_010490981.1, XP_010452368.1
OG0014081	As009G214460	XP_010423556.1, XP_010452363.1, XP_010490978.1
OG0014082	As009G214480	XP_010452355.1, XP_010423563.1, XP_010490971.1
OG0014083	As009G214660	XP_010452331.1, XP_010423588.1, XP_010490946.1
OG0014084	As009G214880	XP_010454950.1, XP_010421466.1, XP_010493860.1
OG0014085	As009G215130	XP_010493817.1, XP_010454896.1, XP_019083953.1
OG0014086	As009G215200	XP_010493818.1, XP_010421417.1, XP_010454899.1
OG0014087	As009G215380	XP_010493785.1, XP_010421383.1, XP_010454855.1
OG0014088	As009G216320, As009G216050	XP_010454736.1, XP_010493576.1, XP_010421255.1
OG0014089	As009G216160, As011G256820	XP_010454745.1, XP_010493591.1, XP_010421268.1
OG0014090	As009G216190	XP_010421269.1, XP_010454746.1, XP_010493594.1
OG0014091	As009G216350	XP_010421252.1, XP_010454734.1, XP_010493573.1
OG0014092	As009G216390	XP_010454718.1, XP_010454721.1, XP_010421242.1, XP_010493569.1
OG0014093	As009G216720	XP_010454676.1, XP_010421199.1, XP_010493522.1
OG0014095	As010G222020, As009G216940	XP_010514519.1, XP_010488689.1, XP_010466994.1
OG0014096	As009G217430	XP_010493417.1, XP_010454585.1, XP_010424243.1
OG0014097	As009G217460	XP_010454583.1, XP_010421101.1, XP_010493414.1
OG0014098	As009G217720	XP_010483763.1, XP_010443917.1, XP_010456909.1
OG0014099	As009G218060	XP_010443966.1, XP_010483815.1, XP_010457362.1
OG0014100	As009G218110	XP_010483820.1, XP_010443970.2, XP_010457400.1
OG0014101	As009G218310	XP_010457684.1, XP_010443998.1
OG0014102	As009G218330	XP_010438497.1, XP_010448018.1, XP_010433253.1
OG0014103	As009G218560	XP_010444040.1, XP_010458097.1, XP_010483896.1
OG0014104	As009G218610	XP_010483930.1, XP_010444069.1, XP_010458298.1
OG0014105	As009G218830	XP_010444082.1, XP_010485284.2, XP_010458868.1
OG0014106	As009G219100	XP_019093652.1, XP_010483979.1, XP_010444118.1
OG0014107	As009G219150	XP_019088370.1, XP_010483984.1, XP_019093673.1
OG0014108	As009G219180	XP_010444129.1, XP_010483989.1, XP_019093682.1
OG0014109	As009G219240	XP_010444138.1, XP_010483996.1, XP_010459368.1
OG0014110	As009G219340	XP_010484006.1, XP_010459459.1, XP_010444157.1
OG0014111	As009G219440	XP_010484025.1, XP_010444166.1, XP_010459745.1
OG0014112	As009G219450	XP_010484024.1, XP_010444167.1, XP_010459733.1
OG0014113	As009G219620	XP_010454188.1, XP_010443622.1, XP_010483476.1
OG0014114	As009G219750	XP_010453963.1, XP_010443601.1, XP_010483461.1
OG0014115	As009G220020	XP_010512252.1, XP_010469274.1, XP_010413647.1
OG0014116	As010G220230	XP_010515556.1, XP_010503841.1, XP_010426704.1
OG0014117	As010G220260	XP_019099892.1
OG0014118	As010G220300	XP_010426691.1, XP_010503829.1, XP_010515541.1
OG0014119	As010G220350	XP_010503826.1, XP_010426686.1, XP_010515537.1
OG0014120	As010G220510	XP_010426646.1, XP_010503781.1, XP_010515485.1
OG0014121	As010G220680	XP_010503760.1, XP_010424893.1, XP_010515461.1
OG0014122	As010G220820	XP_019102321.1, XP_010503736.1, XP_010426610.1
OG0014123	As010G220830	XP_010515439.1, XP_010503735.1, XP_010426609.1
OG0014124	As010G220980	XP_010503721.1, XP_010412698.1, XP_010426595.1
OG0014125	As010G221080	XP_010431211.1, XP_010515400.1, XP_010503710.1
OG0014126	As010G221390	XP_010426518.1, XP_010515357.1, XP_010503657.1
OG0014127	As010G221450	XP_010426506.1, XP_010515343.2, XP_010503647.1
OG0014128	As010G221520	XP_010426497.1, XP_010503639.1, XP_010412678.2
OG0014129	As010G221810	XP_010426449.1, XP_010503596.1
OG0014130	As010G221890	XP_010515281.1, XP_010503591.1, XP_010426444.1
OG0014131	As010G222130	XP_019085717.1, XP_010503565.1, XP_010426421.1
OG0014132	As010G222180	XP_010515253.1, XP_010503556.1, XP_010426411.1
OG0014133	As010G222480	XP_010515189.1, XP_010426369.1, XP_010503511.1
OG0014134	As010G222590	XP_010426351.1, XP_010503494.1, XP_010515173.1
OG0014135	As010G222880	XP_010515140.1, XP_010426311.1, XP_010503455.1
OG0014136	As010G222980	XP_019085529.1, XP_019101878.1, XP_019100236.1
OG0014137	As010G223070	XP_010426279.1, XP_010503433.1, XP_010515122.1
OG0014138	As010G223130	XP_010455516.1, XP_010422054.1
OG0014139	As010G223360	XP_010515091.1, XP_019100207.1, XP_010426238.1
OG0014140	As010G223450	XP_010426222.1, XP_010503381.1, XP_010515079.1
OG0014141	As010G223610	XP_010515054.1, XP_010503349.1, XP_010426191.1
OG0014142	As010G223670	XP_010426183.1, XP_010515046.1, XP_010503341.1
OG0014143	As010G223680	XP_010412614.1, XP_010507277.1, XP_010431076.1
OG0014144	As010G224070	XP_010503317.1, XP_010426155.1, XP_010515025.1
OG0014145	As010G224080	XP_010426152.1, XP_010503314.1, XP_010515021.1
OG0014146	As010G224430	XP_010503271.1, XP_010514984.1, XP_010426098.1
OG0014147	As010G224560	XP_010503254.1, XP_010514965.1, XP_010431046.2
OG0014148	As010G224690	XP_010514947.1, XP_010503239.1, XP_010426057.1
OG0014149	As010G224760, As010G239800	XP_010416198.1, XP_010471442.1, XP_010428311.1
OG0014150	As010G224910	XP_010426009.1, XP_010514904.1, XP_010503192.1
OG0014151	As010G224950	XP_010426007.1, XP_010503190.1, XP_010514900.1
OG0014152	As010G225130	XP_010503182.1, XP_010514890.1, XP_010425992.1
OG0014153	As010G225300	XP_010425956.1, XP_010514870.1
OG0014154	As010G225330	XP_010503173.1, XP_010514867.1, XP_010425952.1
OG0014155	As010G225640	XP_010496750.1, XP_010514847.1, XP_010503159.1
OG0014156	As010G225710	XP_010514837.1, XP_010503154.1, XP_010425935.1
OG0014157	As010G225910	XP_010514813.1, XP_010503131.1, XP_010425906.1
OG0014158	As010G226360	XP_010514762.1, XP_010503076.1, XP_010425838.1
OG0014159	As010G226380	XP_010514757.1, XP_010503074.1, XP_010496865.1
OG0014160	As010G226390	XP_010496864.1, XP_010514756.1, XP_010503072.1
OG0014161	As010G226450	XP_010427115.1, XP_010503066.1, XP_010514751.1
OG0014162	As010G226470	XP_010518204.1, XP_010508124.1, XP_010506532.1
OG0014163	As010G227120	XP_019098250.1, XP_010455232.1
OG0014164	As010G227490	XP_010496533.1, XP_010425785.1
OG0014165	As010G228100	XP_010470675.1, XP_010415340.1, XP_010511711.1
OG0014166	As010G228260	XP_010470666.1, XP_010415329.1, XP_010511700.1
OG0014167	As010G228610	XP_010510464.1, XP_010470714.1, XP_010415375.1
OG0014168	As010G229030	XP_010473518.1, XP_010430369.1, XP_010418296.1
OG0014169	As010G229940	XP_010415417.1, XP_010470754.1, XP_010511790.1
OG0014170	As010G230020	XP_010511796.2, XP_010415418.1
OG0014171	As010G231210	XP_010511870.1, XP_010470814.1, XP_010513665.1
OG0014172	As010G231600	XP_019101624.1, XP_019101623.1, XP_019093694.1, XP_019083251.1
OG0014173	As010G231660	XP_019083563.1, XP_010429938.1, XP_010472907.1
OG0014174	As010G232280	XP_010511950.1, XP_010470902.1, XP_010415561.1
OG0014175	As010G232400	XP_010511958.1, XP_010415571.1, XP_010470916.1, XP_010415569.1
OG0014176	As010G232460	XP_010511965.1, XP_010470921.1, XP_010415581.1
OG0014177	As010G232480	XP_010511967.1, XP_010470926.1, XP_010415586.1
OG0014179	As010G232980	XP_010512057.1, XP_010415660.1, XP_010470994.1
OG0014180	As010G233270	XP_010415710.1, XP_010471028.1, XP_010427805.1
OG0014181	As010G233520	XP_010427839.1, XP_010471057.1, XP_010415745.1
OG0014182	As010G233580	XP_010471064.1, XP_010415750.1, XP_010427847.2
OG0014183	As010G234030	XP_010474269.1, XP_010415807.1, XP_010427929.1
OG0014184	As010G234120	XP_010471133.2, XP_010427948.2
OG0014185	As010G234200	XP_010415838.1, XP_010427958.1, XP_010471143.1
OG0014186	As010G234270	XP_010471156.1, XP_019083711.1, XP_010427975.1
OG0014187	As010G234310	XP_010471160.1, XP_010415856.1, XP_010427982.1
OG0014188	As010G234500	XP_010415880.1, XP_010428002.1, XP_010471180.1
OG0014189	As010G234660	XP_010471199.1, XP_010415897.1, XP_010428033.1
OG0014190	As010G234670	XP_010415896.1, XP_010428032.1, XP_010471198.1
OG0014191	As010G234830	XP_010415919.1, XP_010428051.1, XP_010471219.1
OG0014192	As010G234840	XP_010428052.1, XP_010471220.1, XP_010415920.1, XP_010470320.1
OG0014193	As010G235250	XP_010472025.1, XP_010428936.1, XP_010416792.1
OG0014194	As010G235700	XP_010471970.1, XP_010428857.1, XP_010419244.1
OG0014195	As010G235750	XP_010416723.1, XP_010471963.1, XP_010428851.1
OG0014196	As010G235850	XP_010471950.1, XP_010428838.1, XP_010416705.1
OG0014197	As010G236170	XP_010471916.1, XP_010416662.1, XP_010428802.1
OG0014198	As010G236210	XP_019093142.1, XP_010428798.1, XP_010419238.1
OG0014199	As010G236330	XP_010428778.1, XP_010471877.1, XP_010419235.2
OG0014200	As010G236400	XP_019083411.1, XP_010428771.1, XP_010471872.1
OG0014201	As010G236510	XP_019082897.1, XP_010471861.1, XP_019085774.1
OG0014202	As010G236710	XP_010471830.1, XP_010428739.1, XP_019082684.1, XP_010431537.1, XP_010428738.1
OG0014203	As010G236900	XP_019083402.1, XP_010471810.1, XP_010470961.1, XP_010428721.1
OG0014204	As010G237150	XP_010428691.1, XP_010471784.1, XP_010416548.1
OG0014205	As010G237430	XP_010416519.1, XP_010471757.1, XP_010428659.1
OG0014206	As010G237450	XP_010471754.1, XP_010428657.1, XP_010416517.1
OG0014207	As010G237480	XP_010471751.2, XP_010428653.1, XP_010416511.1
OG0014208	As010G237620	XP_010428637.1, XP_010416496.1, XP_010471730.1
OG0014209	As010G237720, As010G237730	XP_010416480.1, XP_010471705.1, XP_010428615.1
OG0014210	As010G237950	XP_010471670.1
OG0014211	As010G238240	XP_010471640.1, XP_010416408.1, XP_019085012.1
OG0014212	As010G238250	XP_010474346.1, XP_010416406.1, XP_010428546.1
OG0014213	As010G238460	XP_010416375.1, XP_010428520.1, XP_010471616.1
OG0014214	As010G238490	XP_019093944.1, XP_010428515.1, XP_010416374.1
OG0014215	As010G238660	XP_010416349.1, XP_010428486.1, XP_010471588.1
OG0014216	As010G238750	XP_010471568.1, XP_010416336.1, XP_010428472.1
OG0014217	As010G238840	XP_019083370.1, XP_010471560.1, XP_010428460.1
OG0014218	As010G239070	XP_010428429.1, XP_010416301.1, XP_010471534.1
OG0014219	As010G239120	XP_010428426.1, XP_010471532.1
OG0014221	As010G239250	XP_010428407.1, XP_010471511.1, XP_010416276.1
OG0014222	As010G239310	XP_010416265.1, XP_010471507.1
OG0014223	As010G239370	XP_010471503.1, XP_010428381.1, XP_010416245.1
OG0014224	As010G239500	XP_010428356.1, XP_010416228.1, XP_010471485.1
OG0014225	As010G239550	XP_010416225.1, XP_010428351.1
OG0014226	As010G239640	XP_010416214.1, XP_010471466.1, XP_010428334.1
OG0014227	As010G239680	XP_010471462.1, XP_010428326.1, XP_010416206.1
OG0014228	As010G239710	XP_010428322.1, XP_010416201.1, XP_010471457.1, XP_010471454.1
OG0014229	As010G239780	XP_010428314.1, XP_019094003.1, XP_010471445.1
OG0014230	As010G239840	XP_010428308.1, XP_010474321.1
OG0014231	As010G240170	XP_010416152.1, XP_010471405.1, XP_010428275.1
OG0014232	As010G240460	XP_010428235.1, XP_010471383.1, XP_010416120.1
OG0014233	As010G240520	XP_019083329.1, XP_010471373.1, XP_010428226.1
OG0014234	As010G240910, As010G240870, As010G240930	XP_010428184.1, XP_010416054.1, XP_010471327.1, XP_010419171.2
OG0014235	As010G241000	XP_010471312.1, XP_010416043.1, XP_010428176.1
OG0014237	As010G241110	XP_010471291.1, XP_010416018.1, XP_010428152.1
OG0014238	As010G241140	XP_019091785.1, XP_019099056.1, XP_010476893.1
OG0014239	As010G241290	XP_010428131.1, XP_010471274.1, XP_010415997.1
OG0014240	As010G241300	XP_010431495.1, XP_019093600.1, XP_010415996.1
OG0014241	As010G241360	XP_019093750.1, XP_019084976.1, XP_010415987.2
OG0014242	As010G241540	XP_010428097.1, XP_010415960.1, XP_010471251.1, XP_010414862.1
OG0014243	As010G242280	XP_010417505.1, XP_019093990.1, XP_010429756.1
OG0014244	As010G242370	XP_010472738.1, XP_010417517.1, XP_010429768.1
OG0014245	As010G242460	XP_010417523.1, XP_010429780.1, XP_010472747.1
OG0014246	As010G242520	XP_010417534.1, XP_010472752.1, XP_010429785.1
OG0014247	As010G242700	XP_010472786.1, XP_010417595.1, XP_010429813.1
OG0014248	As010G242730	XP_010429815.1, XP_019082728.1, XP_010472790.1
OG0014249	As010G242740	XP_010429818.1
OG0014250	As010G242820	XP_010472798.1, XP_019083543.1, XP_010429827.1
OG0014251	As010G242840	XP_010429831.1, XP_010429829.1, XP_010472801.1, XP_019083544.1
OG0014252	As010G243300	XP_010417655.1, XP_010472864.1, XP_010429894.1
OG0014253	As010G243500	XP_010429926.1, XP_010417680.1, XP_010472898.1
OG0014254	As010G243810	XP_010429961.1, XP_010417710.1, XP_010472936.1
OG0014255	As010G243820	XP_019082819.1, XP_010472941.1, XP_010429972.1
OG0014256	As010G243870	XP_010472948.1, XP_010429978.1
OG0014257	As010G243880	XP_010429980.1, XP_019093397.1
OG0014258	As010G243930	XP_010429985.1, XP_019093522.1, XP_010417728.1
OG0014259	As010G244260	XP_019083580.1, XP_010430024.1
OG0014260	As010G244320	XP_010473004.1, XP_010430035.1
OG0014261	As010G244350	XP_010430042.1, XP_019093399.1
OG0014262	As010G244400	XP_010417779.1, XP_010430047.1
OG0014263	As010G244520	XP_010473031.1, XP_010417795.1, XP_010430066.1
OG0014264	As010G244540	XP_010430064.1, XP_010473030.1
OG0014265	As011G244620	XP_010489794.2, XP_010465043.1, XP_010499317.1
OG0014266	As011G244770	XP_010418917.1, XP_010487022.1, XP_010465074.1
OG0014267	As011G245060	XP_010487069.1, XP_010500190.1, XP_010465139.2
OG0014268	As011G245830	XP_010465258.1, XP_010501368.1, XP_010487162.1
OG0014269	As011G245850	XP_010501387.1, XP_010465260.1, XP_010487164.1
OG0014270	As011G246030	XP_010445601.1, XP_010442873.1, XP_010482704.1
OG0014271	As011G246090	XP_010487191.1, XP_010465285.1
OG0014272	As011G246100	XP_010465286.1, XP_010501588.1, XP_010487192.1
OG0014273	As011G246150	XP_010487196.1, XP_010465291.1, XP_010501618.1
OG0014274	As011G246740	XP_019096907.1, XP_019101822.1
OG0014275	As011G247010	XP_010502248.1, XP_010465408.1, XP_010487301.1
OG0014276	As011G247030	XP_010465413.1, XP_010502303.1
OG0014277	As011G247070	XP_010502343.1, XP_010487308.1, XP_010465425.1
OG0014278	As011G247260	XP_010465464.1, XP_010502551.1, XP_010487333.1
OG0014279	As011G247390	XP_010465478.1, XP_010487349.1, XP_010502726.1
OG0014280	As011G247780	XP_010489847.1, XP_010503174.1, XP_010465529.1
OG0014281	As011G247810	XP_010503229.1, XP_010487391.1, XP_010465536.1
OG0014282	As011G248110	XP_010503583.1, XP_010465585.1, XP_010487435.1
OG0014283	As011G248170	XP_010455224.1, XP_010438713.1, XP_010421729.1
OG0014284	As011G248250	XP_010503728.1, XP_010465611.1, XP_010487451.1
OG0014285	As011G248270	XP_010503775.1, XP_010487454.1, XP_010465614.1
OG0014286	As011G248530	XP_010419320.1, XP_010504183.1, XP_010487491.1, XP_010465657.1
OG0014287	As011G248810	XP_010487516.1, XP_019102202.1, XP_010465680.1
OG0014288	As011G249010	XP_010465705.1, XP_010487548.1, XP_010504678.1
OG0014289	As011G249160	XP_010504855.1, XP_010465728.1, XP_010487569.1
OG0014290	As011G249310	XP_010465744.1, XP_010487593.1, XP_010505096.1
OG0014291	As011G249390	XP_010505190.1, XP_010487600.1, XP_010465755.1
OG0014292	As011G249690	XP_010505628.1, XP_010465813.1
OG0014293	As011G249720	XP_010505784.1, XP_010487658.1, XP_010465823.1, XP_010465858.1
OG0014294	As011G249890	XP_010487680.1, XP_010505979.1, XP_010465842.1
OG0014295	As011G250090	XP_010487718.1, XP_010506302.1
OG0014296	As011G250310	XP_019096199.1, XP_010487736.1, XP_019092535.1
OG0014297	As011G250510	XP_010510624.1, XP_010470082.1, XP_010414525.1
OG0014298	As011G250580	XP_010465951.1, XP_010506947.1, XP_019096214.1
OG0014299	As011G250790	XP_019096306.1, XP_019096717.1, XP_019092499.1
OG0014300	As011G250890	XP_010465991.1, XP_010487800.1, XP_010507135.1
OG0014301	As011G251000	XP_010487813.1, XP_010507254.1, XP_010466018.1
OG0014302	As011G251030	XP_019084388.1
OG0014303	As011G251290	XP_010507506.1, XP_010487848.1, XP_010466052.1
OG0014304	As011G251300	XP_010487852.1, XP_019092703.1, XP_010507512.1
OG0014305	As011G251310	XP_010507521.1, XP_010487851.1, XP_010466054.1
OG0014306	As011G251430, As012G272630	XP_010461826.1, XP_010500528.1, XP_010481065.1
OG0014307	As011G251500	XP_010466090.1, XP_010507758.1, XP_010487889.1
OG0014308	As011G251560	XP_010487893.1, XP_010466094.1, XP_010507782.1
OG0014309	As011G251670, As012G272520	XP_010479419.1, XP_010461843.1, XP_010500545.1
OG0014310	As011G251870	XP_010508002.1, XP_010487919.1, XP_010466138.1
OG0014311	As011G251960	XP_010466149.1, XP_010508160.1, XP_010489956.1
OG0014312	As011G251990	XP_010466153.1, XP_010487943.1, XP_010508172.1
OG0014313	As011G252530	XP_019082628.1, XP_019097079.1
OG0014314	As011G252540	XP_010508744.1, XP_010466210.1
OG0014315	As011G252650	XP_010508850.1, XP_010488015.1, XP_010466224.1
OG0014316	As011G252760	XP_010466243.1, XP_010488026.1, XP_010508968.1
OG0014317	As011G252790	XP_010488031.1, XP_010509006.1, XP_010466247.1
OG0014319	As011G253030	XP_010488064.1, XP_010509333.1, XP_010466284.1
OG0014320	As011G253090	XP_010509400.1, XP_010488070.1, XP_010466291.1
OG0014321	As011G253100	XP_010466297.1, XP_010488074.1, XP_010509454.1
OG0014322	As011G253120	XP_010488075.1, XP_010466298.1, XP_010509465.2
OG0014323	As011G253430	XP_010466392.1, XP_010510289.1, XP_010488165.1
OG0014324	As011G253560	XP_010510157.1, XP_010488150.1, XP_010466377.1
OG0014325	As011G253580	XP_010488148.1, XP_010466374.1, XP_010510139.1
OG0014326	As011G253640	XP_010468342.1, XP_010488139.1, XP_010510070.1
OG0014327	As011G253660	XP_010488135.1, XP_019092872.1, XP_010510057.1
OG0014328	As011G253780	XP_010510472.1, XP_010488188.1, XP_010466421.1
OG0014329	As011G253990	XP_010488211.1, XP_010510760.1, XP_010466452.1
OG0014330	As011G254550	XP_010488290.1, XP_010511507.1, XP_010466545.1
OG0014331	As011G254770	XP_010420818.1, XP_010454284.1, XP_010495314.1
OG0014332	As011G254790	XP_010511815.1, XP_010466579.1
OG0014333	As011G254940	XP_010511985.1, XP_010488336.1, XP_010466596.1
OG0014334	As011G255360	XP_010512442.1, XP_010466676.1, XP_010488397.1
OG0014335	As011G255450	XP_010466702.1, XP_010512613.1, XP_010488428.1
OG0014336	As011G255470	XP_010466705.1, XP_010488434.1
OG0014337	As011G255650	XP_010466725.1, XP_010488447.1, XP_010512755.1
OG0014338	As011G255740	XP_010450136.1, XP_010435209.1, XP_010450119.1
OG0014339	As011G256210, As011G256220	XP_010466791.1, XP_010513260.1, XP_010488502.1
OG0014340	As011G256380	XP_010488537.1, XP_010513396.1
OG0014341	As011G256480	XP_010466845.1, XP_010513436.1, XP_010488540.1
OG0014342	As011G256500	XP_010488542.1, XP_010513471.1, XP_010466848.1
OG0014343	As011G256510	XP_010466849.1, XP_010488549.1, XP_010513483.1
OG0014344	As011G256810	XP_010466884.1, XP_010488572.1, XP_010513643.1
OG0014345	As011G256930	XP_010488587.1, XP_010466904.1, XP_010422383.1
OG0014346	As011G257740	XP_010466943.1, XP_010488632.1, XP_010514054.1
OG0014347	As011G257750	XP_010466944.1, XP_010514063.1, XP_010488634.1
OG0014348	As011G258100	XP_010466951.1, XP_010488640.1, XP_010514099.1
OG0014349	As011G258780	XP_010518644.1, XP_010488719.1, XP_010467031.1
OG0014350	As011G258790	XP_010518636.1, XP_010467028.1, XP_010488715.1
OG0014351	As011G258880	XP_010467017.1, XP_010488704.1, XP_010518560.1
OG0014352	As011G259220	XP_010467253.1, XP_010518464.1, XP_010488845.1
OG0014353	As011G260760	XP_010414122.1, XP_010489530.1, XP_010467640.1
OG0014354	As011G260990	XP_010467134.1, XP_019084453.1, XP_010488803.1
OG0014355	As011G261150	XP_010497415.1, XP_010497218.2, XP_010467125.1, XP_010412943.1, XP_010488796.1
OG0014356	As011G261300	XP_010412894.1, XP_010488791.1, XP_019094535.1
OG0014357	As011G261310	XP_010467113.1, XP_010412875.1, XP_010488789.1
OG0014358	As011G261430	XP_010488784.1, XP_010467109.1, XP_010412805.1
OG0014359	As011G261500	XP_010488782.1, XP_010467107.1, XP_010412792.1
OG0014360	As011G261560	XP_010488778.1, XP_010467085.1, XP_010412737.1
OG0014361	As011G261670	XP_010467066.1, XP_010488758.1, XP_010412605.1
OG0014362	As011G261790	XP_010467169.1, XP_010496033.1, XP_010413726.1
OG0014363	As011G261840	XP_010517354.1, XP_010488968.1, XP_010467305.1
OG0014364	As011G261870	XP_010495945.1, XP_010488827.1, XP_010413838.1
OG0014365	As011G262050	XP_010518318.1, XP_010488869.1, XP_019098750.1, XP_010467208.1
OG0014366	As011G262170	XP_010467220.1, XP_010518206.1, XP_010488878.2
OG0014367	As011G262210	XP_010517459.1, XP_010488875.1, XP_010467225.1
OG0014368	As011G262330	XP_010517614.1, XP_010496775.1
OG0014369	As011G262340	XP_010496763.1, XP_010488901.1, XP_010517639.1
OG0014370	As011G262390	XP_010437772.1, XP_010447249.1, XP_010432573.1
OG0014371	As011G262400	XP_010467261.1, XP_010517752.1, XP_010488917.1
OG0014372	As011G262460	XP_010423808.1, XP_010452146.1, XP_010490755.1
OG0014373	As011G262570	XP_010517991.1, XP_010467282.1, XP_010488940.1
OG0014374	As011G262660	XP_010458007.1, XP_010488210.1, XP_010475576.1
OG0014375	As011G262940	XP_010467329.1, XP_010489180.1, XP_010517173.1
OG0014376	As011G262990	XP_010467333.1, XP_010489183.1, XP_010517103.1
OG0014377	As011G263040	XP_019084141.1, XP_019092759.1, XP_019096641.1
OG0014378	As011G263350	XP_010423658.2, XP_010467367.1, XP_010489214.1
OG0014379	As011G263450	XP_010461379.1, XP_010500227.1, XP_010478974.2
OG0014380	As011G263560	XP_010489241.1, XP_010467401.1, XP_019083901.1
OG0014381	As011G263770	XP_010461266.1, XP_010478869.1, XP_010499985.1
OG0014382	As011G263860	XP_010489315.1, XP_010467451.1, XP_010515738.1
OG0014383	As011G264380	XP_010515116.1, XP_010489363.1, XP_010467508.1
OG0014384	As011G264520	XP_010514809.1, XP_010489387.1, XP_010467529.1
OG0014385	As011G264700	XP_010467562.1, XP_010514708.1, XP_010489397.1
OG0014386	As011G265310	XP_010467660.1, XP_010414296.1, XP_010489546.1
OG0014387	As011G265540	XP_010467701.1, XP_010414584.1, XP_010489580.1
OG0014388	As011G265550	XP_010489581.1, XP_010414595.1, XP_010467702.1
OG0014389	As011G265670	XP_010489611.1, XP_010414838.1, XP_010467730.1
OG0014390	As011G265700	XP_010414872.1, XP_010467733.1, XP_010489614.1
OG0014391	As011G265710	XP_010467734.1, XP_010414883.1, XP_019096183.1, XP_019096553.1
OG0014392	As011G265990	XP_010415238.1, XP_019096583.1, XP_010467876.1
OG0014393	As011G266210	XP_010490008.1, XP_010490009.1, XP_010510582.1, XP_010420715.1, XP_010466435.1
OG0014394	As011G266320	XP_010416823.1, XP_010495930.1, XP_010489148.1
OG0014395	As011G266620	XP_019084877.1, XP_010489110.1, XP_010467947.1
OG0014396	As011G266670	XP_010467943.1, XP_010489105.1, XP_010416371.1
OG0014397	As011G266890	XP_010495916.1, XP_019092061.1, XP_010489077.1
OG0014398	As011G267190	XP_010467805.1, XP_010415612.1, XP_010489026.1
OG0014399	As011G267260	XP_019096501.1, XP_010490286.1, XP_010467795.1, XP_010489014.1
OG0014400	As011G267370	XP_010489007.1
OG0014401	As011G267500	XP_010488992.1, XP_010467767.1
OG0014402	As011G267530	XP_010488995.1, XP_010488997.1, XP_010467770.1
OG0014403	As012G267690	XP_019091862.1, XP_010501257.1, XP_010480191.1
OG0014404	As012G267740	XP_010480183.1, XP_019091730.1, XP_010501259.1
OG0014405	As012G268050	XP_010480138.1, XP_019099546.1, XP_010462445.1
OG0014406	As012G268070	XP_010462441.1, XP_010501198.1, XP_010480128.1
OG0014407	As012G268440	XP_010501158.1, XP_010462396.1, XP_010480082.1
OG0014408	As012G268600	XP_010480073.1, XP_010501154.1, XP_019091661.1
OG0014409	As012G268630	XP_010481187.1, XP_010501148.1, XP_010463485.1
OG0014410	As012G268670	XP_010481277.1, XP_010495012.1, XP_010441408.1
OG0014411	As012G268780	XP_010480049.1, XP_010501134.1, XP_010462369.1
OG0014412	As012G269440	XP_010501038.1, XP_010479955.1, XP_010462285.1
OG0014413	As012G269480	XP_010501030.2, XP_010462279.1, XP_010479949.1
OG0014414	As012G269640	XP_010479932.1, XP_010501014.1, XP_010462258.1
OG0014415	As012G269840	XP_010462205.1, XP_010479882.2, XP_010500964.1
OG0014416	As012G270260, As012G270320	XP_010500910.1, XP_010479813.1, XP_010462138.1
OG0014417	As012G270340, As012G270390	XP_010500906.1, XP_010462134.1, XP_010479810.1
OG0014418	As012G270480	XP_010500887.1, XP_010462122.1, XP_010479791.1
OG0014419	As012G270640	XP_010463422.1, XP_010500853.1, XP_010479760.1
OG0014420	As012G270650	XP_010479758.1, XP_010462087.1, XP_010500850.1
OG0014421	As012G270660	XP_010462089.1, XP_010481145.1, XP_019099502.1
OG0014422	As012G270730	XP_010500832.1, XP_010462071.1, XP_010479741.1
OG0014423	As012G270910	XP_010462054.1, XP_010500809.1, XP_010479715.1
OG0014424	As012G271270	XP_010479684.1, XP_010462022.1, XP_019099483.1
OG0014425	As012G271340	XP_010500756.1, XP_010462010.1, XP_010479671.1
OG0014426	As012G271480	XP_010479638.1, XP_010461987.1, XP_010500730.1
OG0014427	As012G271590	XP_010479550.1, XP_019091147.1, XP_010500663.1
OG0014428	As012G271700	XP_010479563.1, XP_010461942.1, XP_010500677.1, XP_019096451.1
OG0014429	As012G271820	XP_010461959.1, XP_010500709.1, XP_010479605.1
OG0014430	As012G272040	XP_010415409.1, XP_019093678.1, XP_010511777.1
OG0014431	As012G272060	XP_010500634.1
OG0014432	As012G272090	XP_010479514.1, XP_010461901.1, XP_010500624.1
OG0014433	As012G272180	XP_010500614.1, XP_019091535.1, XP_010479503.1
OG0014434	As012G272330	XP_010479474.1, XP_010501933.1
OG0014435	As012G272360	XP_010500571.1, XP_010461867.1, XP_010479465.1
OG0014436	As012G272610	XP_010479431.1, XP_010500532.1, XP_010461834.1
OG0014437	As012G272680	XP_010479443.1, XP_010461815.1, XP_010500517.1
OG0014438	As012G272790	XP_010461798.1, XP_010500501.1, XP_010479392.1
OG0014439	As012G272820	XP_019092040.1, XP_019096240.1, XP_019101907.1
OG0014440	As012G272940	XP_010479375.1, XP_019090759.1, XP_010500482.1
OG0014441	As012G272960	XP_010479370.1, XP_010461773.1, XP_010500479.1
OG0014442	As012G273210	XP_019091540.1, XP_010500455.1, XP_010479338.1
OG0014443	As012G273260	XP_010479332.1, XP_010500445.1, XP_010461712.1
OG0014444	As012G273390	XP_010500431.1, XP_010461732.1, XP_010479316.1
OG0014445	As012G273450	XP_010500463.1, XP_010479349.1
OG0014446	As012G273650	XP_010461674.1, XP_010500388.1
OG0014447	As012G273830	XP_019094761.1, XP_010461650.1, XP_010500359.1
OG0014448	As012G273910	XP_010461640.1, XP_010479247.1, XP_010500349.1
OG0014449	As012G274230	XP_010434858.1, XP_010440186.1, XP_010449818.1
OG0014450	As012G274370	XP_010440202.1, XP_010434880.1
OG0014451	As012G277900, As012G274400	XP_010427092.1, XP_010515941.1, XP_010504214.1
OG0014452	As012G274430	XP_010434884.1, XP_010449849.1
OG0014453	As012G274550	XP_010440226.1, XP_010434900.1, XP_010449868.1
OG0014454	As012G274640	XP_010434909.1, XP_010440235.1, XP_010449879.1
OG0014455	As012G274710	XP_010451486.1, XP_019086937.1, XP_010445371.1
OG0014456	As012G275090	XP_010504938.1, XP_010516621.1, XP_010509723.1
OG0014457	As012G275110	XP_010516619.1, XP_010504936.1, XP_010509725.1
OG0014458	As012G275250	XP_019101319.1, XP_019099864.1, XP_019102459.1
OG0014459	As012G275490	XP_019085347.1, XP_010515634.1, XP_010503903.1
OG0014460	As012G275530	XP_010426793.1, XP_010515644.1, XP_010503913.1
OG0014461	As012G275770	XP_019099834.1, XP_010514643.1, XP_010425730.1, XP_010502954.1
OG0014462	As012G275780	XP_010503952.1, XP_010426832.1, XP_010515676.1
OG0014463	As012G275790	XP_010515675.1, XP_010503953.1, XP_010426830.1
OG0014464	As012G275800	XP_010515677.1, XP_010426829.1, XP_010503954.1
OG0014465	As012G275900	XP_010426841.1, XP_010503967.1, XP_010515688.1
OG0014466	As012G275960	XP_010426859.2, XP_010515709.2, XP_010503986.1
OG0014467	As012G276070	XP_010515720.1, XP_010503998.1, XP_010426870.1
OG0014468	As012G276200	XP_010426887.1, XP_010515736.1, XP_010504012.1
OG0014469	As012G276210	XP_010426890.1, XP_010504016.1, XP_010515744.1
OG0014470	As012G276840	XP_010415413.1, XP_010511786.1, XP_019100949.1
OG0014471	As012G276970	XP_019102332.1, XP_010504096.1, XP_010426976.1
OG0014472	As012G277110	XP_010515831.1, XP_010426981.1, XP_010504103.1
OG0014473	As012G277720	XP_010427047.1, XP_010515893.1
OG0014474	As012G278180	XP_010427076.1, XP_010504200.1, XP_010515923.1
OG0014475	As012G278600	XP_010515626.1, XP_019084841.1, XP_010503895.1
OG0014476	As012G278810	XP_010492305.1, XP_010420137.1, XP_010453617.1
OG0014477	As012G278870	XP_010515609.1, XP_010503878.1, XP_010426751.1
OG0014478	As012G278900	XP_010503873.1, XP_010426753.1, XP_019099711.1, XP_010515608.1
OG0014479	As012G279510	XP_010515585.1, XP_010503853.1, XP_010426731.1
OG0014480	As012G280110	XP_010504248.2, XP_010515971.1, XP_010427144.1
OG0014481	As012G280250	XP_010515983.1, XP_010504259.1, XP_010427157.1
OG0014482	As012G280870	XP_010504312.1, XP_019084878.1, XP_010516027.1
OG0014483	As012G281500	XP_010516070.1, XP_010504359.1, XP_010427272.1
OG0014484	As012G281610	XP_010516090.1, XP_010504376.1, XP_019084886.1
OG0014485	As012G281620	XP_010504377.1, XP_010516091.1, XP_010427291.1
OG0014486	As012G281730	XP_010507457.1, XP_010427302.1, XP_010516102.1
OG0014487	As012G282010	XP_010516132.1, XP_010504410.1, XP_010427328.1
OG0014488	As012G282660	XP_010516222.1, XP_010504504.1, XP_010427434.1
OG0014489	As012G282700	XP_010427440.1, XP_019102381.1, XP_010504517.1
OG0014490	As012G282780	XP_010517485.1, XP_010505794.1, XP_010508840.1
OG0014491	As012G282970	XP_010516262.1, XP_010504558.1, XP_010427478.1
OG0014492	As012G283170	XP_010427509.1, XP_010516276.1, XP_010504579.1
OG0014493	As012G283230	XP_010427516.1, XP_010504585.1, XP_010516280.1
OG0014494	As012G283250	XP_010504587.1, XP_010516283.1, XP_010427520.1
OG0014495	As012G283690, As012G283730	XP_010504641.1, XP_010516328.1, XP_010427585.1
OG0014496	As012G284320	XP_010427683.1, XP_010504730.1, XP_010516429.1
OG0014497	As012G284520	XP_010504755.1, XP_019085607.1, XP_010516456.1
OG0014498	As012G284560	XP_010516464.1, XP_010504768.1, XP_010427724.1
OG0014499	As012G284750	XP_010431459.1, XP_010412852.1, XP_010504803.1
OG0014500	As012G284880	XP_010427765.1, XP_010516510.1, XP_010504817.1
OG0014501	As012G285220	XP_010413745.1, XP_010512143.1, XP_010469364.1
OG0014502	As012G285240	XP_010512144.1
OG0014503	As012G285250	XP_019101668.1, XP_010418642.2, XP_010469362.1
OG0014504	As012G285430	XP_010413700.1, XP_010469351.1, XP_010512195.1
OG0014505	As012G285450	XP_010413697.1, XP_010512198.1, XP_010469354.1
OG0014506	As012G285860	XP_010512281.1, XP_010413624.1, XP_010413625.1, XP_010469260.1
OG0014507	As012G285900	XP_010512283.1, XP_010413621.1, XP_010469258.1
OG0014508	As012G286000	XP_010473824.2, XP_010512311.1, XP_010413605.1
OG0014509	As012G286230	XP_010469199.1, XP_010413574.2, XP_010512342.1
OG0014510	As012G286300	XP_019082908.1, XP_010469193.1, XP_010512362.1
OG0014511	As012G286620	XP_010427504.1, XP_010516274.1, XP_010504575.1
OG0014512	As012G286740	XP_010512393.1, XP_010413537.1, XP_010469160.1
OG0014513	As012G286800	XP_010413529.1, XP_010469154.1, XP_010512402.1
OG0014514	As012G286980, As012G287000	XP_010469138.1, XP_010512418.1
OG0014515	As012G287090	XP_010413495.1, XP_010512438.1, XP_010469123.1
OG0014516	As012G287520	XP_010413554.1, XP_010512503.1, XP_019094015.1
OG0014517	As012G287690	XP_010469109.1, XP_010413364.1, XP_010512533.1
OG0014518	As012G287810	XP_010413344.1, XP_010512554.1, XP_010469023.1
OG0014519	As012G287910	XP_010469006.1, XP_010413331.1, XP_010413330.1, XP_010512569.1
OG0014520	As012G287970	XP_010468997.1, XP_019101740.1, XP_019093192.1
OG0014521	As012G287980	XP_010413322.1, XP_010512579.1, XP_010468996.1
OG0014522	As012G287990	XP_010413319.1, XP_010512582.1
OG0014523	As012G288090	XP_010413303.1, XP_010512600.1, XP_010468981.1
OG0014524	As012G288360	XP_010468952.1, XP_019082771.1, XP_019101752.1
OG0014525	As012G288530	XP_010512685.1, XP_010512684.1, XP_010468909.1, XP_010413223.1
OG0014526	As012G289020	XP_010512721.1, XP_010512720.1, XP_010413195.1, XP_010468882.1
OG0014527	As012G289030	XP_010468881.1, XP_010413192.1, XP_010512723.1
OG0014528	As012G289190	XP_010468866.1, XP_010413169.1, XP_010512738.1
OG0014529	As012G289290	XP_010512757.1, XP_019082816.1, XP_010468850.1, XP_010468851.1
OG0014530	As012G289320	XP_010512760.1, XP_010468849.1, XP_010413150.1
OG0014531	As012G289440	XP_010512777.1, XP_010413135.1, XP_010468842.1
OG0014532	As012G289450	XP_010468837.1, XP_010413133.1, XP_010512778.1
OG0014533	As012G289500	XP_010512785.2, XP_010413123.1
OG0014637	As001G000280	XP_010438472.1, XP_010447991.1, XP_010433232.1
OG0014638	As001G000430	XP_010489593.1, XP_019092865.1
OG0014639	As001G000490	XP_010433203.1, XP_010447959.1, XP_010438428.1
OG0014640	As001G000510	XP_010438425.1, XP_010447956.1
OG0014641	As001G000560	XP_010438416.1, XP_010433191.1, XP_010447945.1
OG0014642	As001G000590	XP_010447940.1, XP_010433184.1, XP_010438413.1
OG0014643	As001G000670	XP_010433168.1, XP_010447921.1, XP_010438389.1
OG0014644	As001G000810	XP_010471903.1, XP_010428784.1, XP_010416648.1
OG0014645	As001G000830	XP_010438368.1, XP_010433153.1, XP_010447906.1
OG0014646	As001G000840	XP_010438365.1, XP_010447904.1, XP_010433152.1
OG0014647	As001G000900	XP_010433139.1, XP_010438351.1, XP_010447892.1
OG0014648	As001G000980	XP_019086438.1, XP_019089591.1
OG0014649	As001G001010	XP_010447882.1, XP_010433128.1, XP_010438402.1, XP_010438333.1
OG0014650	As001G001150	XP_010447867.1, XP_010433108.1, XP_010438312.1
OG0014651	As001G001160	XP_010438311.1, XP_010447866.1, XP_010433107.1
OG0014652	As001G001250	XP_010438300.1, XP_010447853.1, XP_010433096.1
OG0014653	As001G001350	XP_010433090.1, XP_010438295.1, XP_010447846.1
OG0014654	As001G001390	XP_010447841.1, XP_010433085.1, XP_010438287.1
OG0014655	As001G001400	XP_010433081.1, XP_010438285.1
OG0014656	As001G001530	XP_019094148.1, XP_010416703.1, XP_010428834.1
OG0014657	As001G001550	XP_010433070.1, XP_010438272.1, XP_010447814.1
OG0014659	As001G001700	XP_010438259.1, XP_010447807.1, XP_010433063.2
OG0014660	As001G001710	XP_010433061.1, XP_010447806.1, XP_010438258.1
OG0014661	As001G002320	XP_010447737.1, XP_010433002.1
OG0014662	As001G002960	XP_010432938.1, XP_010447659.1, XP_010438125.1
OG0014663	As001G002990	XP_010447655.1, XP_010438122.1, XP_010432935.2
OG0014664	As007G178450, As007G178500	XP_019098477.1
OG0014664	As001G003040	XP_010429380.1, XP_010472420.1
OG0014665	As001G003050	XP_010447645.1, XP_010438105.1, XP_019086205.1
OG0014666	As001G003100	XP_010446320.1, XP_010496647.1, XP_010497176.1, XP_019087257.1, XP_019088089.1
OG0014667	As001G003340	XP_010438082.1, XP_010432904.1, XP_010447620.1
OG0014668	As001G003420	XP_010432891.1, XP_010438069.2, XP_010447604.1
OG0014669	As001G003460	XP_010432885.1, XP_010438063.1, XP_010447597.1
OG0014670	As001G003670	XP_010447563.1, XP_010438044.1, XP_010432869.1
OG0014671	As001G003700	XP_010438043.1, XP_010432868.1, XP_010447561.1
OG0014672	As001G003910	XP_010489303.1, XP_019091571.1, XP_010475684.1
OG0014673	As001G003920	XP_010447521.1, XP_010438017.1, XP_010432843.1
OG0014674	As001G004060	XP_010432816.1, XP_010447541.1, XP_010437992.1
OG0014675	As001G004100	XP_010432814.1, XP_010447545.1, XP_010437989.1
OG0014676	As001G004110	XP_010437990.1, XP_010447544.1, XP_010432813.1
OG0014677	As001G004270	XP_010447473.1, XP_010437981.1, XP_010432802.1
OG0014678	As001G004290	XP_010432801.1, XP_010447472.1, XP_010437980.1
OG0014679	As001G004520	XP_010447444.1, XP_010437956.1, XP_010432776.1
OG0014680	As001G004830	XP_010437920.1, XP_010432735.1
OG0014681	As001G004870	XP_010437917.1, XP_010432729.2, XP_010447398.1
OG0014682	As001G004960	XP_010432719.1, XP_010447391.1, XP_010437912.1
OG0014684	As001G005340	XP_010436288.1, XP_010437881.1, XP_010447361.1
OG0014685	As001G005800	XP_010437834.1, XP_010447321.1, XP_010432641.1
OG0014686	As001G006080	XP_010447340.1, XP_010437851.1, XP_010432658.1
OG0014687	As001G006240	XP_010437853.1, XP_019088909.1, XP_010432662.1
OG0014689	As001G009970	XP_010432443.1, XP_010447116.1, XP_010437650.1
OG0014690	As001G010050	XP_010447234.1, XP_010437756.1, XP_010432554.1
OG0014691	As001G010380	XP_010432550.1, XP_010437754.1, XP_010447233.1
OG0014692	As001G010460	NP_001289905.1, XP_010437749.1, XP_019086447.1
OG0014693	As001G010510	XP_010437753.1, XP_010432547.1, XP_010447224.1
OG0014695	As001G012190	XP_010447202.1, XP_010437725.1, XP_010432521.1
OG0014696	As001G012730	XP_010432434.1, XP_010447107.1
OG0014697	As001G013580	XP_019086063.1, XP_019088270.1, XP_010447131.1
OG0014698	As001G013750	XP_010437685.1, XP_010447163.1, XP_010432482.1
OG0014699	As001G013810	XP_010437696.1, XP_010447171.1, XP_010432493.1
OG0014700	As001G013910	XP_010447095.1, XP_010437625.1, XP_010432425.1
OG0014701	As001G014070	XP_010432427.1, XP_010447097.1
OG0014702	As001G014240	XP_010432402.1, XP_010447064.1, XP_010437600.1
OG0014703	As001G014330	XP_010432391.1, XP_010437582.1, XP_010447051.1
OG0014704	As011G263760	XP_019097026.1, XP_010515902.1, XP_010467427.1
OG0014705	As001G014940, As001G018320	XP_010467829.1, XP_010415793.2, XP_010490290.1
OG0014706	As001G015520	XP_010437500.1, XP_010446960.1, XP_010432309.1
OG0014707	As001G015610	XP_010446942.1, XP_010432297.1, XP_019088130.1
OG0014708	As001G015650	XP_010446933.1, XP_010437483.1
OG0014709	As001G015790	XP_010460911.1, XP_010499667.1, XP_010478560.1
OG0014710	As001G015930	XP_010460965.1, XP_010478886.1, XP_010499688.1
OG0014711	As001G015990	XP_010499695.1, XP_010478896.1, XP_010460974.1
OG0014712	As001G016240	XP_010478593.1, XP_010460999.1, XP_010499721.1
OG0014713	As001G016250	XP_010461000.1, XP_010499724.1, XP_010478597.1
OG0014714	As001G016410	XP_010461017.1, XP_010478612.1, XP_010499741.1
OG0014715	As001G016420	XP_010461019.1, XP_010478614.1
OG0014716	As001G016730	XP_010461040.1, XP_010499770.1, XP_010478644.1
OG0014717	As001G016770	XP_010499773.1, XP_010478650.1, XP_010461045.1
OG0014718	As001G016790	XP_010461049.1, XP_010499776.1, XP_010478654.1
OG0014719	As001G016800	XP_010461051.1, XP_010499777.1, XP_010478656.1
OG0014720	As001G016900	XP_010480829.1, XP_010463072.1
OG0014721	As001G017020	XP_010478672.1, XP_010461071.1, XP_010499798.1
OG0014722	As001G017040	XP_010461074.1, XP_010499799.1, XP_010478673.1
OG0014723	As001G017390	XP_010434733.1, XP_010440070.1, XP_010449687.1
OG0014724	As001G017410	XP_010449688.1, XP_010434734.1, XP_010440071.1
OG0014725	As001G017480	XP_010434758.1, XP_010449704.1
OG0014726	As001G017520	XP_019087408.1, XP_010434768.1, XP_019089126.1
OG0014727	As001G017530	XP_010449715.1, XP_010440097.1, XP_010434767.1
OG0014728	As001G017550	XP_010449718.1, XP_010434770.1, XP_010440099.1
OG0014729	As001G017640	XP_010434784.1, XP_010449727.1, XP_010440113.1
OG0014730	As001G017860	XP_010440129.1, XP_010449758.1, XP_010434803.1
OG0014731	As001G018120	XP_010434835.1, XP_010449797.1, XP_010440166.1
OG0014732	As001G018300	XP_010434845.1, XP_010440175.1, XP_010449806.1
OG0014733	As001G018350	XP_010414886.1, XP_010511184.1, XP_010470340.1
OG0014734	As001G018510	XP_019084927.1, XP_010504696.1, XP_010516382.1
OG0014735	As001G018640	XP_010414920.1, XP_010470380.1, XP_010511215.1
OG0014736	As001G018810	XP_010511686.1, XP_010419049.1, XP_010470657.1
OG0014737	As001G018820	XP_010414948.1, XP_010511241.1, XP_019094619.1
OG0014738	As001G018850	XP_010511247.1, XP_010480219.1, XP_010414956.1
OG0014739	As001G019070	XP_010511288.1, XP_010414991.1, XP_010480256.1
OG0014740	As001G019150	XP_010415008.1, XP_010480273.1, XP_010511302.1
OG0014741	As001G019190	XP_010511314.1, XP_010415020.1, XP_010480280.1
OG0014742	As001G019580	XP_010511084.1, XP_010470288.1, XP_010414775.1
OG0014743	As001G020150	XP_010414700.1, XP_010511035.1, XP_010470218.1
OG0014744	As001G020320, As001G020330	XP_010517057.1, XP_010505377.1, XP_010509273.1
OG0014745	As001G020460	XP_010438271.1, XP_019086794.1, XP_010447813.1
OG0014746	As001G020650	XP_010417963.1, XP_010473209.1, XP_010510957.1
OG0014747	As001G020860	XP_010510947.1, XP_010417980.1, XP_010473225.1
OG0014748	As001G021170	XP_010473267.1, XP_010430073.1, XP_010418031.1
OG0014749	As001G021290	XP_010473299.1, XP_010430088.1, XP_010418048.1
OG0014750	As001G021560	XP_019085206.1, XP_010473325.1, XP_010418088.1
OG0014751	As001G022030	XP_010418168.1, XP_010473412.1, XP_010430218.1
OG0014752	As001G022140	XP_010473430.1, XP_010418195.1, XP_010430255.1
OG0014753	As001G022210	XP_010502055.1, XP_010424840.1
OG0014754	As001G022470	XP_010502110.1, XP_010424879.1
OG0014755	As001G022490	XP_010455407.2, XP_010424882.1
OG0014756	As001G022580	XP_010513869.1, XP_019099560.1, XP_010424914.1
OG0014757	As001G022720	XP_010424928.1, XP_010513884.1
OG0014758	As001G022780	XP_010424936.1, XP_010502147.1
OG0014759	As001G022800	XP_010502148.1, XP_010424940.1, XP_010513895.1
OG0014760	As001G022820	XP_010424942.1, XP_010513897.1, XP_010502150.1
OG0014761	As001G022860	XP_010502163.1
OG0014762	As001G022930	XP_010424953.1, XP_010513909.1, XP_010502173.1
OG0014763	As001G023000	XP_010513918.1, XP_010502180.1, XP_010424964.1
OG0014764	As001G023300	XP_010513970.1, XP_010495965.1, XP_010502226.1
OG0014765	As001G023660	XP_010502282.1, XP_010425049.1, XP_010514050.1
OG0014766	As001G023760	XP_010449241.1, XP_010514058.1
OG0014767	As001G023770	XP_010502299.1, XP_010425064.1, XP_010514059.1
OG0014768	As001G023860	XP_010425086.1, XP_019102151.1, XP_010502316.1
OG0014769	As001G024060	XP_010514111.1, XP_010425128.1, XP_010502355.1
OG0014770	As001G024080	XP_010502357.1, XP_010425136.1, XP_010514116.1
OG0014771	As001G024230	XP_019102168.1, XP_010502379.1, XP_010425160.1
OG0014772	As001G024280	XP_010425165.1, XP_010502386.1, XP_019102169.1
OG0014773	As001G024430	XP_010497628.1, XP_010514153.1, XP_010502405.1
OG0014774	As001G024790	XP_010425230.1, XP_010514199.1, XP_010502458.1
OG0014775	As001G024990	XP_010425259.1, XP_010514224.1, XP_010421471.1
OG0014776	As001G025010	XP_010502487.1, XP_010425260.1
OG0014777	As001G025070	XP_010514236.1, XP_010425270.1, XP_019101920.1
OG0014778	As001G025090	XP_010425276.1, XP_010502506.1, XP_010514245.2
OG0014779	As001G025170	XP_010502523.1, XP_010514257.1, XP_010425287.1
OG0014780	As001G025470	XP_010502589.1, XP_010514301.1, XP_010425358.1
OG0014781	As001G025590	XP_010502611.1, XP_010514333.1, XP_010425390.1
OG0014782	As001G025640	XP_010425398.1, XP_010502615.1, XP_010514338.1
OG0014783	As001G025790	XP_010425419.1, XP_010502634.1, XP_010514358.1
OG0014784	As001G025850	XP_010425431.1, XP_010502649.1, XP_010514373.1
OG0014785	As001G025950	XP_010514388.1, XP_010425444.1
OG0014786	As001G026000	XP_010502673.1, XP_010514397.1, XP_010425451.1
OG0014787	As001G026160	XP_010502694.1, XP_010506857.1, XP_010425471.1, XP_010514419.1
OG0014788	As001G026400	XP_010425508.1, XP_010502737.1
OG0014789	As001G026540	XP_010514472.1, XP_010502765.1, XP_010425536.1
OG0014790	As001G026670	XP_010514482.2, XP_010502780.1, XP_010425546.1
OG0014791	As001G026820	XP_010430826.1, XP_010502802.1, XP_010514503.1
OG0014792	As001G026830	XP_010502803.1, XP_010425576.1, XP_010514504.1
OG0014793	As001G027070	XP_010502848.1, XP_010514552.1, XP_010425627.1
OG0014794	As001G027230	XP_010425653.1, XP_010502941.1, XP_010514583.1
OG0014795	As001G027260	XP_019102221.1, XP_010425657.1, XP_010502947.1
OG0014796	As001G027770, As004G078300	XP_010435833.1, XP_010441052.1, XP_010450817.1
OG0014797	As001G027890	XP_010514659.1, XP_010502970.1, XP_010425744.1
OG0014798	As001G028090	XP_010514679.1, XP_010503002.1, XP_010425773.1
OG0014799	As004G077960, As001G028170	XP_019088214.1, XP_019089435.1, XP_019086551.1
OG0014800	As001G028200	XP_010430167.1, XP_010473367.1
OG0014801	As001G028270	XP_010415278.1, XP_010470618.1, XP_010511636.1
OG0014802	As001G028370	XP_010511627.1, XP_010470608.1, XP_019083204.1
OG0014803	As001G028400	XP_010470601.1, XP_010415257.1, XP_010511624.1
OG0014804	As001G028560	XP_019094166.1, XP_010511585.1
OG0014805	As001G028800	XP_010415189.1, XP_010470519.1, XP_010511469.1
OG0014806	As001G028900	XP_010511562.1, XP_010470507.1, XP_010415178.1
OG0014807	As001G029010	XP_010511546.1, XP_010470492.1, XP_010415161.1
OG0014808	As001G029090	XP_010415152.1, XP_010511537.1, XP_010470481.1
OG0014809	As001G029190	XP_010511512.1, XP_010415132.1, XP_010470461.1
OG0014810	As001G029240	XP_010415130.1, XP_010511508.1
OG0014811	As001G029270	XP_010470452.1, XP_010511122.1, XP_010415120.1
OG0014812	As001G029310	XP_010415108.1, XP_010470444.1, XP_010511114.1
OG0014813	As001G029390	XP_010511449.1, XP_010415094.1
OG0014814	As001G029540	XP_010421691.1, XP_010494095.1, XP_010455176.1
OG0014815	As001G029640	XP_010470390.1, XP_010511398.1
OG0014816	As001G029670	XP_010511393.1, XP_010414813.1, XP_010470386.1
OG0014817	As001G029780	XP_010439370.1
OG0014818	As001G029810	XP_010511148.1, XP_010418909.1
OG0014819	As001G029830	XP_010470329.1, XP_019101529.1, XP_010414870.1
OG0014820	As001G029850	XP_010470328.1, XP_010446455.1
OG0014821	As001G029900	XP_010461166.1, XP_019088780.1, XP_010484156.1
OG0014822	As001G029910	XP_010414867.1, XP_010470324.1, XP_010511138.1
OG0014823	As001G029960	XP_010470333.1, XP_010414875.1, XP_010511149.1
OG0014824	As001G029980	XP_010414879.1, XP_010470334.1, XP_010511152.1
OG0014825	As001G030030	XP_010470319.1, XP_010414866.1, XP_010511110.1
OG0014826	As001G030170	XP_010430621.1, XP_010473737.1, XP_010496633.1
OG0014827	As001G030260	XP_010503747.1, XP_010515450.1, XP_010426623.1, XP_010426624.1
OG0014828	As001G030380	XP_010506968.1, XP_010514156.1, XP_010425185.2, XP_010502408.1
OG0014829	As001G030440	XP_010473720.1, XP_010430590.1
OG0014830	As001G030490	XP_010430582.1, XP_010418513.1, XP_019093429.1
OG0014831	As001G030510	XP_010418511.1, XP_010430579.1, XP_010473714.1
OG0014832	As001G030580	XP_010418503.1, XP_010430573.1, XP_010473702.1
OG0014833	As001G031010	XP_010473637.1, XP_010430507.1
OG0014834	As001G031090	XP_010473627.1, XP_010418417.1, XP_019085696.1
OG0014835	As001G031200	XP_010473617.1, XP_010418401.1
OG0014836	As001G031290	XP_010430451.1, XP_010418373.1, XP_010473595.1
OG0014837	As001G031320	XP_010430439.1, XP_010418363.1, XP_010473584.1
OG0014838	As001G031330, As001G031340	XP_010431721.1
OG0014839	As001G031370	XP_010430435.1, XP_010418358.1, XP_010473579.1
OG0014840	As001G031380	XP_010418357.1, XP_010473578.1, XP_010430433.1
OG0014841	As001G031530	XP_010473549.1, XP_010430402.1, XP_010418329.1
OG0014842	As001G031740	XP_010473521.1, XP_010418299.1, XP_010430371.1
OG0014843	As001G031820	XP_010473514.1, XP_010418285.1, XP_010430364.1
OG0014844	As001G031870	XP_010473501.1, XP_010430355.1, XP_010418277.1
OG0014845	As001G031890	XP_010418275.1, XP_010430353.1, XP_010473499.1
OG0014846	As001G031910	XP_010473496.1, XP_010430349.1, XP_019083660.1
OG0014847	As001G032040	XP_010418244.1, XP_010473469.1, XP_010430306.1
OG0014848	As002G032410	XP_010499136.1, XP_010465028.1, XP_010486975.1
OG0014849	As002G032480	XP_010448045.1, XP_010433274.1, XP_010438515.1
OG0014850	As002G032590	XP_010448348.1, XP_010433572.1
OG0014851	As002G032680	XP_019086442.1
OG0014852	As002G032840	XP_010433539.1, XP_010448315.1, XP_010438792.1
OG0014853	As002G032880	XP_010433533.1, XP_010448304.1, XP_010438784.1
OG0014854	As002G033180	XP_010505885.1, XP_010517608.1, XP_010508747.1
OG0014855	As002G033260	XP_010440783.1, XP_010435488.1, XP_010450437.1
OG0014856	As002G033290	XP_010505873.1, XP_010517595.1, XP_010508759.1
OG0014857	As002G033380	XP_010508789.1, XP_010505849.1, XP_010517534.1
OG0014858	As002G033490	XP_010505867.1, XP_010508772.1
OG0014859	As002G033620	XP_010517527.1, XP_010508798.1
OG0014860	As002G033760	XP_010508818.1, XP_010517509.1, XP_019100551.1
OG0014861	As002G033800	XP_010505817.1, XP_010508823.1
OG0014862	As002G033940	XP_019092956.1, XP_010486465.1, XP_019100784.1
OG0014863	As002G033960	XP_019096895.1, XP_010464544.1
OG0014864	As002G034040	XP_010470095.1, XP_010486481.1, XP_010464559.1
OG0014865	As002G034090	XP_010486486.1, XP_010470490.1, XP_010464564.1
OG0014866	As002G034180	XP_010464570.1, XP_010471277.1, XP_010486494.1
OG0014867	As002G034310	XP_010464592.1, XP_010473184.1, XP_010486516.1
OG0014868	As002G034400	XP_010464606.1, XP_010474176.1, XP_010486530.1
OG0014869	As002G034490	XP_010464621.1, XP_010489729.1
OG0014870	As002G034670	XP_010486544.1, XP_010464628.1, XP_010475991.1
OG0014871	As002G034680	XP_010486545.1, XP_010476177.1, XP_010464629.1
OG0014872	As002G034930	XP_010464642.1, XP_010486561.1, XP_010477969.1
OG0014873	As002G034940	XP_010478077.1, XP_010486564.1, XP_010464639.1
OG0014874	As002G034990	XP_010464650.1, XP_010486567.1, XP_010478647.1
OG0014875	As002G035040, As005G108510	XP_010495057.1, XP_019084395.1, XP_019089982.1
OG0014876	As002G035230	XP_010486589.1, XP_010464668.1, XP_010480453.1
OG0014877	As002G035250	XP_010464667.1, XP_010486588.1, XP_010480364.1
OG0014878	As002G035460	XP_010481540.1, XP_010486621.1, XP_010464692.1
OG0014879	As002G035560	XP_010482565.1, XP_010486633.1
OG0014880	As002G035590	XP_019096913.1, XP_010483197.1, XP_010464708.1
OG0014881	As002G035630	XP_010483618.1, XP_010486639.1, XP_010464710.1
OG0014883	As002G040530, As002G036390	XP_010451143.1, XP_010483116.1
OG0014884	As002G036630	XP_010489039.1, XP_010486749.1, XP_010464802.1
OG0014885	As002G036780	XP_010486717.1, XP_010490221.1, XP_010464787.1
OG0014886	As002G036830	XP_010488727.1, XP_010464807.1, XP_010486754.1
OG0014887	As002G036930	XP_010488163.1, XP_010486757.1, XP_010464810.1
OG0014888	As002G037110, As002G037100	XP_010464841.1, XP_010418767.2, XP_019096675.1
OG0014889	As002G038310	XP_019092466.1, XP_010486887.1, XP_010498453.1
OG0014890	As002G038630	XP_010486908.1, XP_010498562.1, XP_010464968.1
OG0014891	As002G038750	XP_010498516.1, XP_010486899.1, XP_010464960.1
OG0014892	As002G038920	XP_010498917.1, XP_010465003.1, XP_010486935.1
OG0014893	As002G039340	XP_010438614.1, XP_010455229.1, XP_010421734.1
OG0014894	As002G039430	XP_010482244.1, XP_010442431.1, XP_010440851.1
OG0014895	As002G039440	XP_010438651.1, XP_019084009.1, XP_019090212.1
OG0014896	As002G039880	XP_010482276.1, XP_010442452.1, XP_010441143.1
OG0014897	As002G041360	XP_010488171.1, XP_010510383.1, XP_010466406.1
OG0014898	As002G041960	XP_010442509.2, XP_010482338.2, XP_010441806.2
OG0014899	As002G042150	XP_010488571.1, XP_010458050.1, XP_010475609.1
OG0014900	As002G042300	XP_010442541.1, XP_010442204.1
OG0014901	As002G042320	XP_010442542.1, XP_010482366.1, XP_010442213.1
OG0014902	As002G042390	XP_010482373.1, XP_010442552.1, XP_010442277.1
OG0014903	As002G042600	XP_010442384.2, XP_010442561.2, XP_010482387.1
OG0014904	As002G042780	XP_010442895.1, XP_010442582.1, XP_010482428.1
OG0014905	As002G043290	XP_010442611.1, XP_010442986.1, XP_010482463.1
OG0014906	As002G043490	XP_010442662.1, XP_010482493.1, XP_010443441.1
OG0014907	As002G043500	XP_010443453.1, XP_010442665.1, XP_010482494.1
OG0014908	As002G043580	XP_010443531.1, XP_010442670.1, XP_010482503.1
OG0014909	As002G043600	XP_010482504.1, XP_010442671.1, XP_010443541.1
OG0014910	As002G043620	XP_010442675.1, XP_010482508.1, XP_010443600.1
OG0014911	As002G043860	XP_010444191.1, XP_010482545.1, XP_010442710.1
OG0014912	As002G043950	XP_010444448.1, XP_010442734.1, XP_010482559.1
OG0014913	As002G043960	XP_010482558.1, XP_010444423.1, XP_010442731.1
OG0014914	As002G043990	XP_019088217.1, XP_019088063.1, XP_019095837.1
OG0014915	As002G044010	XP_010482563.1, XP_010444518.1
OG0014916	As002G044020	XP_010442741.1, XP_010444547.1, XP_010482566.1
OG0014917	As002G044190	XP_010446049.1, XP_010444786.1, XP_010482599.1
OG0014918	As006G143690, As002G044300	XP_010444963.1, XP_010442778.1, XP_010496792.1
OG0014919	As002G044330	XP_010444993.1, XP_010442785.1, XP_010482617.1
OG0014920	As002G044510	XP_010482660.1, XP_010442827.1, XP_010445280.1
OG0014921	As002G044720	XP_010442890.1, XP_010445702.1, XP_010482722.1
OG0014922	As002G044870	XP_010445573.1, XP_010482701.1, XP_019088123.1
OG0014923	As002G045010	XP_010442855.1, XP_010482682.1, XP_010445467.1
OG0014924	As002G045190	XP_010442908.1, XP_010445810.1, XP_010482738.1
OG0014925	As002G045220	XP_010445834.1, XP_010482744.1, XP_010442911.1
OG0014926	As002G045350	XP_010442932.1, XP_010496584.1, XP_010482759.1
OG0014927	As002G045740	XP_010446126.1, XP_010482789.1, XP_010442956.1
OG0014928	As002G046160	XP_010482849.1
OG0014929	As002G046600	XP_010448695.1, XP_010482890.1, XP_010443064.1
OG0014930	As002G046980	XP_010462778.1, XP_010445583.1, XP_010501518.1, XP_010480535.1
OG0014931	As002G047140	XP_010443154.1, XP_010482972.1, XP_010449463.1
OG0014932	As002G047230	XP_019096098.1, XP_010449615.1, XP_010443172.1
OG0014933	As002G047290	XP_010443183.1, XP_010449731.1, XP_010482999.1
OG0014934	As002G047360	XP_010483010.1, XP_010443197.1, XP_010449906.1
OG0014935	As002G047870	XP_010443250.1, XP_010483080.1, XP_010450688.1
OG0014936	As002G047960	XP_010450783.1, XP_010483091.1
OG0014937	As002G048060	XP_010483105.1, XP_010450918.1, XP_010443281.1
OG0014939	As002G048270	XP_010483135.1, XP_019092373.1, XP_010446151.2
OG0014940	As002G048370	XP_010451420.1, XP_010443324.1, XP_010483151.1
OG0014941	As002G048380	XP_010483149.1, XP_010451407.1, XP_010443322.1
OG0014942	As002G048720	XP_010483198.1, XP_010451758.1, XP_010443372.1
OG0014943	As002G048740	XP_010443374.1, XP_010483200.1, XP_010451772.1
OG0014944	As002G048750	XP_010483201.1, XP_019088472.1, XP_010451778.1
OG0014945	As002G049100	XP_010483252.1, XP_010452060.1, XP_010443425.1
OG0014946	As002G049310	XP_010483295.1, XP_010443465.1, XP_010452612.1
OG0014947	As002G049340	XP_010483298.2, XP_010452651.1, XP_010443468.1
OG0014948	As002G049440	XP_019087879.1, XP_019088477.1, XP_019095746.1
OG0014949	As002G049530	XP_010452855.1, XP_010443491.1, XP_010483335.1
OG0014950	As002G049610	XP_010483349.1, XP_010443503.1, XP_010452955.1
OG0014951	As002G049930	XP_010483376.1, XP_010453222.1
OG0014952	As002G049950	XP_010453248.1, XP_010443528.1, XP_010483372.1
OG0014953	As002G050010	XP_010496789.1, XP_010455217.1, XP_010438787.1
OG0014954	As002G050080	XP_010438778.1, XP_010455219.1
OG0014955	As002G050250	XP_010453410.1, XP_010492089.1, XP_010419914.1
OG0014956	As002G050260	XP_010419917.1, XP_010453412.1, XP_010492091.1
OG0014957	As002G050540	XP_010453368.1, XP_010419878.1, XP_010492057.1
OG0014958	As002G050740	XP_010419851.1, XP_010453342.1, XP_010492027.1
OG0014959	As002G051100	XP_010419799.1, XP_010453280.1, XP_010491972.1
OG0014960	As002G051360	XP_010419768.1, XP_010453247.1, XP_010491937.1
OG0014961	As002G051710, As002G051690	XP_010491892.2
OG0014962	As002G051740	XP_010491887.1
OG0014963	As002G051850	XP_010419713.1, XP_010453191.1, XP_010491873.1
OG0014964	As002G051900	XP_010419693.1, XP_010453180.1, XP_010491857.1
OG0014965	As002G051920	XP_010491855.1, XP_010491853.1, XP_010453177.1
OG0014966	As002G052130	XP_010419665.1, XP_010453150.1, XP_010491805.1
OG0014967	As002G052180	XP_019083758.1, XP_010453139.1, XP_010491794.1
OG0014968	As002G052190	XP_019089947.1, XP_010419655.1, XP_010491792.1
OG0014969	As002G052220	XP_010505425.1, XP_010517098.1, XP_010509222.1
OG0014970	As002G052280	XP_010453127.1, XP_010419647.1, XP_010491782.1
OG0014971	As002G052310	XP_010453124.1, XP_010419644.1, XP_010491777.1
OG0014972	As002G052340	XP_010491772.1, XP_010453122.1, XP_010419641.1
OG0014973	As002G052540	XP_010422818.1, XP_010491747.1, XP_010453103.1
OG0014974	As002G052560	XP_010491745.1, XP_010453102.1, XP_010422820.1
OG0014975	As002G052760	XP_010424702.1, XP_010453079.1, XP_010491723.1
OG0014976	As002G052800	XP_010424703.1, XP_010453071.1, XP_010491715.1
OG0014977	As002G052830	XP_010422842.1, XP_010453068.1, XP_010491712.1
OG0014978	As002G052920	XP_010491707.1, XP_010422847.1, XP_019090325.1
OG0014979	As002G053100	XP_010491678.1, XP_010422873.1, XP_010453048.1
OG0014980	As002G053110	XP_010453044.1, XP_010422876.1, XP_010491676.1
OG0014981	As002G053320	XP_010491646.1, XP_019089887.1, XP_010422908.1
OG0014982	As002G053600	XP_010491606.1, XP_019090567.1, XP_010422955.1
OG0014983	As002G053650	XP_010422964.1, XP_010491599.1, XP_010452956.1
OG0014984	As002G053780	XP_010422980.1, XP_010452938.1, XP_010491575.1
OG0014985	As002G053790	XP_010422981.1, XP_010491574.1, XP_010452937.1
OG0014986	As002G054080	XP_019090538.1, XP_010423024.1, XP_010491532.1
OG0014987	As002G054540	XP_019084455.1, XP_010452817.1, XP_010491465.1
OG0014988	As002G054570	XP_010452816.1, XP_010423108.1, XP_010491462.1
OG0014989	As002G054810	XP_010452774.1, XP_010491425.1, XP_010423143.1
OG0014990	As002G055170	XP_010491378.1, XP_010452728.1, XP_010423191.1
OG0014991	As002G055260	XP_010452717.1, XP_010491368.1, XP_010423199.1
OG0014992	As002G055340	XP_010491354.1, XP_019084378.1
OG0014993	As002G055420	XP_010452694.1, XP_010491341.1, XP_010423222.1
OG0014994	As003G055600	XP_010434711.1, XP_010440044.1, XP_010449654.1
OG0014995	As003G055730	XP_010440014.1, XP_010449625.1
OG0014996	As003G055750	XP_010440011.1, XP_010434674.1, XP_010449621.1
OG0014997	As003G056110	XP_010439945.1, XP_010434621.1, XP_010449563.1
OG0014998	As003G056130	XP_010449561.1, XP_010434619.1, XP_010439943.1
OG0014999	As003G056770	XP_010517539.1, XP_010439859.1, XP_010434542.1
OG0015000	As003G056950	XP_010496230.1, XP_010439848.1, XP_010434525.1
OG0015001	As003G057060	XP_010439834.1, XP_010496245.1, XP_010434513.2
OG0015002	As003G057080	XP_010496253.1, XP_010439833.1, XP_019086772.1
OG0015003	As003G057130	XP_010434503.1, XP_010439827.1, XP_010449485.1
OG0015004	As003G057250	XP_010439811.1, XP_010434496.1, XP_010449468.1
OG0015005	As003G057270	XP_010434492.1, XP_010449464.1, XP_010439809.1
OG0015006	As003G057520	XP_010434457.1, XP_010439769.1, XP_010449405.1
OG0015007	As003G057590	XP_010434444.1, XP_010439752.1, XP_010449389.1
OG0015008	As003G057740	XP_010434427.2, XP_010439722.1, XP_010449363.1
OG0015009	As003G057950	XP_010449314.1, XP_010434372.1, XP_019088669.1
OG0015010	As003G057960	XP_010439664.1, XP_010434370.1, XP_010449312.1
OG0015011	As003G058020	XP_010439660.1, XP_010436477.1, XP_010449306.1
OG0015012	As003G058260	XP_010449234.1, XP_010434322.1, XP_010439618.1
OG0015013	As003G058670, As003G058710	XP_010449164.1, XP_010436469.1
OG0015014	As003G058780	XP_010449159.1, XP_019088232.1, XP_010434270.1
OG0015015	As003G058830	XP_010449146.1, XP_010439556.1, XP_010434263.1
OG0015016	As003G058880	XP_010459414.1, XP_010476968.1, XP_010498183.1
OG0015017	As003G059070	XP_010449109.1, XP_010434224.1, XP_010439507.1
OG0015018	As003G059140	XP_010434202.1, XP_010449097.1, XP_010439500.1
OG0015019	As003G059260, As009G200120	XP_010453549.1, XP_019097945.1, XP_019083810.1
OG0015020	As003G059280	XP_010439489.1, XP_010449082.1, XP_010434189.1
OG0015021	As003G059490	XP_010449056.1, XP_010439473.1
OG0015022	As003G059550	XP_010434171.1, XP_010449051.1, XP_010439468.1
OG0015023	As003G059580	XP_010439456.1, XP_010449041.1, XP_010434162.1
OG0015024	As003G059700	XP_019089079.1, XP_010434148.1, XP_010439445.1
OG0015025	As003G059820	XP_010434127.1, XP_010439425.1, XP_010449005.1
OG0015026	As003G059870	XP_010449001.1, XP_019087800.1, XP_010434122.1
OG0015027	As003G059990	XP_010434099.1, XP_010439393.1, XP_010448958.1
OG0015028	As003G060500	XP_010439329.1, XP_010434039.1, XP_010448882.1, XP_010497616.1
OG0015029	As003G060660	XP_010439303.1, XP_010448856.1, XP_019086060.1
OG0015030	As003G060860	XP_010439271.1, XP_010448819.1, XP_010433980.1
OG0015031	As003G060910	XP_010433974.1, XP_010448810.1, XP_010445197.2
OG0015032	As003G061040	XP_010417229.1, XP_010429452.1
OG0015033	As003G062040	XP_010433836.1, XP_010439109.1, XP_010448633.1
OG0015034	As003G062250	XP_010448605.1, XP_010433810.1, XP_010439080.1
OG0015035	As003G062320	XP_010478701.1, XP_010461090.1, XP_010499815.1
OG0015036	As003G062360	XP_010478710.1, XP_010461082.1
OG0015037	As003G062390	XP_010478679.1, XP_019099348.1, XP_010461116.1
OG0015038	As003G062440	XP_010499850.1, XP_010461124.1, XP_010478728.1
OG0015039	As003G062460	XP_019094280.1, XP_019091261.1, XP_010499853.1
OG0015040	As003G062610	XP_010478742.1, XP_010461142.1, XP_010499864.1
OG0015041	As003G062630	XP_010499868.1, XP_010461146.1
OG0015042	As003G062670	XP_010478749.1, XP_010461151.1, XP_010499871.1
OG0015043	As003G062730	XP_010499879.1, XP_010478758.1, XP_010461159.1
OG0015044	As003G063280	XP_010499960.1, XP_010478851.1, XP_010461250.1
OG0015045	As003G063310	XP_010499966.1, XP_010478856.1, XP_010461254.1
OG0015046	As003G063350	XP_010461259.1, XP_010499976.1, XP_010478864.1
OG0015047	As003G063460	XP_019091482.1, XP_010500001.1, XP_010496806.1
OG0015048	As003G063800	XP_010478933.1, XP_010500028.1, XP_010461309.1
OG0015049	As003G063840	XP_010461316.1, XP_010500033.1, XP_010478943.1
OG0015050	As003G063850	XP_010500036.1, XP_010461317.1, XP_010478945.1
OG0015051	As003G063960	XP_010500049.1, XP_010461331.1, XP_010478956.1
OG0015052	As003G064090	XP_010461345.1, XP_010500062.1, XP_010496065.1
OG0015053	As003G064180	XP_010511130.1, XP_010461357.1, XP_010500075.1
OG0015054	As003G064190	XP_010461359.1
OG0015055	As003G064200	XP_010461358.1, XP_010500077.1, XP_010511131.1
OG0015056	As003G064230	XP_010461366.1, XP_010500084.1, XP_010478964.1
OG0015057	As003G064580	XP_010461441.1, XP_010479046.2, XP_010500141.1
OG0015058	As003G064600	XP_010501820.2, XP_010461435.1, XP_019094216.1
OG0015059	As003G064650	XP_010461432.1, XP_010479036.1, XP_010500128.1
OG0015060	As003G064830	XP_010479018.1, XP_010461413.1, XP_019099389.1
OG0015061	As003G064890	XP_010500110.1, XP_010479013.1, XP_010461409.1
OG0015062	As003G064970	XP_010500106.1, XP_010479007.1, XP_010461396.1
OG0015063	As003G065040	XP_019099384.1, XP_019091273.1, XP_010479004.1
OG0015064	As003G065110	XP_010461389.1, XP_019098303.1, XP_010478990.1
OG0015065	As003G065220	XP_010500174.1, XP_010461467.1, XP_010479069.1
OG0015066	As003G065290	XP_010449809.1, XP_010434848.1, XP_010440179.1
OG0015067	As003G065400	XP_010500293.1, XP_010479168.1, XP_010461568.1
OG0015068	As003G065470	XP_010461563.1, XP_010500288.1, XP_010479163.1
OG0015069	As003G065560	XP_010461544.1, XP_010479151.1, XP_010500272.1
OG0015070	As003G065820	XP_010500252.1, XP_010479128.1
OG0015071	As003G066010	XP_010478986.1, XP_010500213.1
OG0015072	As003G066280	XP_010479086.1, XP_010500199.1, XP_010461487.1
OG0015073	As003G066290	XP_010479088.1, XP_010461493.1, XP_010500201.1
OG0015074	As003G066300	XP_010500203.1, XP_010461496.1, XP_010479095.1
OG0015075	As003G066550	XP_010481979.1, XP_010494193.1, XP_010442176.1
OG0015076	As003G066600	XP_010461584.1, XP_010479190.1, XP_010500302.1
OG0015077	As003G067310	XP_010460552.1, XP_010478139.1, XP_010499280.2
OG0015078	As003G067480	XP_010488300.1, XP_010468384.2, XP_010511582.1, XP_010468386.1
OG0015079	As003G068120	XP_010460535.1, XP_010478127.1, XP_010499269.1
OG0015080	As003G068230	XP_010460539.1, XP_010478129.1, XP_010501620.1
OG0015081	As003G068390, As009G218090	XP_010443968.1, XP_010483818.1, XP_010457382.1
OG0015082	As003G068640	XP_010478186.1, XP_010499323.1, XP_010460597.1
OG0015083	As003G068970	XP_010499357.1, XP_010478202.1, XP_010460621.1
OG0015084	As003G069850	XP_010478282.1, XP_010460697.1
OG0015085	As003G070140	XP_010478330.1, XP_010499476.1, XP_010460738.1
OG0015086	As003G070300	XP_019099273.1, XP_010460755.1, XP_010478352.1
OG0015087	As003G070450	XP_010499517.1, XP_010460777.1, XP_010478373.2
OG0015088	As003G070490	XP_019094631.1, XP_019090818.1, XP_019099276.1
OG0015089	As003G070650	XP_010478377.1, XP_010499521.1
OG0015090	As003G070670	XP_010460786.1, XP_010499524.1, XP_010478381.1
OG0015091	As003G071110	XP_010460853.1, XP_010478468.1, XP_019095731.1
OG0015092	As003G071230	XP_010460873.1, XP_010499607.1, XP_010478493.1
OG0015093	As003G071250	XP_010478498.1, XP_010460875.1, XP_010499611.1
OG0015094	As003G071660	XP_010446931.1, XP_010432288.1
OG0015095	As003G071880	XP_019089344.1, XP_010432257.1, XP_010437453.1
OG0015096	As003G072160	XP_010437408.1, XP_010432219.1, XP_010446865.1
OG0015097	As003G072230	XP_010446850.1, XP_019086191.1
OG0015098	As003G072270	XP_010446846.1, XP_019086027.1
OG0015099	As003G072330	XP_010432202.1, XP_019088713.1, XP_010446839.1
OG0015100	As003G072350	XP_010446834.1, XP_010437383.1, XP_010446826.1
OG0015101	As003G072450	XP_010446816.1, XP_010437368.1, XP_010432193.1
OG0015102	As003G072590	XP_010432176.1, XP_010437351.1, XP_010446795.1
OG0015103	As003G072990	XP_010446742.1, XP_010437304.1, XP_010432136.1
OG0015104	As003G073030	XP_019089002.1, XP_010432129.1, XP_010432127.1, XP_010446737.1
OG0015105	As003G073040	XP_010437297.1, XP_010446736.1, XP_010432125.1
OG0015106	As003G073050	XP_010444941.1
OG0015107	As003G073080	XP_010432211.1, XP_010446858.1, XP_019088415.1
OG0015108	As003G073370	XP_010432086.1, XP_010446696.1, XP_010437258.1
OG0015109	As003G073430	XP_010437249.1, XP_010432079.1, XP_010446687.1
OG0015110	As003G073480	XP_010432075.1, XP_010437246.1, XP_010446684.1
OG0015111	As003G073510	XP_010437242.1, XP_010446680.1, XP_010432070.1
OG0015113	As003G073820	XP_010440721.1, XP_010450381.1, XP_010435437.1
OG0015114	As003G073910	XP_019088999.1, XP_010432043.1, XP_010444922.1
OG0015115	As003G074100	XP_010437183.1, XP_010446621.1, XP_010432029.1
OG0015116	As003G074270	XP_010437166.1, XP_010446610.1, XP_010432015.1
OG0015117	As003G074340	XP_010446605.1, XP_010432011.1
OG0015118	As003G074420	XP_010437154.1, XP_010446597.1
OG0015119	As003G074450	XP_019087268.1
OG0015120	As003G074470	XP_010431999.1, XP_010437149.1, XP_010446590.1
OG0015121	As003G074680	XP_010437125.1
OG0015122	As003G075000	XP_010446528.1, XP_010437095.1, XP_019086158.1
OG0015123	As003G075030	XP_010431946.1, XP_010437097.1, XP_010446526.1
OG0015124	As003G075110	XP_010431935.1, XP_010437078.1, XP_010446513.1
OG0015125	As003G075470	XP_019088894.1, XP_010431906.1, XP_010437057.1
OG0015126	As003G075540	XP_010437051.1, XP_010446472.1
OG0015127	As003G075720	XP_010437009.1, XP_010446438.1, XP_010431864.1
OG0015128	As003G075830	XP_010437004.1, XP_010446424.1, XP_010431856.1
OG0015129	As003G076000	XP_019088495.1, XP_010431837.1, XP_010446402.1
OG0015130	As003G076040	XP_010436980.2, XP_010446399.1, XP_010431834.1
OG0015131	As003G076110	XP_010446390.1, XP_010431818.1
OG0015132	As003G076140	XP_010446386.1, XP_010431815.1
OG0015133	As003G076160	XP_010431809.1, XP_010436967.1, XP_010446380.1
OG0015134	As003G076420	XP_010436922.1, XP_010431762.2
OG0015135	As003G076440	XP_010436926.1, XP_010431765.1
OG0015136	As003G076480	XP_010431769.1, XP_010446341.1, XP_010436931.1
OG0015137	As003G076490	XP_010431774.1, XP_010446346.1, XP_010436932.1
OG0015138	As003G076550	XP_010446350.1, XP_010436939.1, XP_010431779.1
OG0015139	As003G076570	XP_019087258.1, XP_010446355.1, XP_010431782.1
OG0015140	As003G076640	XP_019098274.1, XP_010436902.1
OG0015141	As004G076680	XP_010435376.1, XP_010496615.1, XP_010440674.1
OG0015142	As004G076750	XP_010450489.1, XP_010440843.1, XP_010435565.1
OG0015143	As004G076850	XP_010440785.1, XP_010435498.1, XP_010450431.1
OG0015144	As004G076880	XP_019089307.1, XP_010440784.1, XP_010435489.1
OG0015146	As004G076970	XP_019082608.1, XP_010470422.1, XP_010511437.1
OG0015147	As004G077210	XP_019087468.1, XP_010435580.1, XP_010450502.1
OG0015148	As004G077240	XP_010450511.1, XP_010435587.1, XP_010440866.1
OG0015149	As004G077440	XP_010450544.1, XP_010440891.1, XP_010435692.1
OG0015150	As004G077470	XP_010440896.1, XP_010435698.1, XP_010450549.1
OG0015151	As004G077510	XP_019086769.1, XP_010440912.1, XP_010496093.1
OG0015152	As004G077810	XP_010435759.1, XP_010440968.1, XP_010450899.1
OG0015153	As004G077850	XP_010435774.1, XP_019087918.1, XP_010450889.1
OG0015154	As004G077910	XP_010435782.1, XP_010440986.1, XP_010450879.1
OG0015155	As004G078220	XP_010441041.1, XP_010435825.1, XP_010450829.1
OG0015156	As004G078420	XP_010441075.1, XP_010435874.1, XP_010450794.1
OG0015157	As004G078560	XP_010450770.1, XP_010435851.1, XP_019088598.1
OG0015158	As004G078570	XP_010450767.1, XP_010435848.1, XP_010441093.1
OG0015159	As004G078640	XP_010441684.1, XP_010481544.1, XP_010494686.1
OG0015160	As004G078700	XP_010478538.1, XP_010460929.1, XP_010499648.1
OG0015161	As004G078840	XP_010509660.1, XP_010516680.1
OG0015162	As004G078870	XP_010505013.1, XP_019101311.1
OG0015163	As004G078890	XP_010516682.1, XP_010505015.1, XP_010509652.1
OG0015164	As004G079220	XP_010426017.1, XP_010503199.1, XP_010514908.1
OG0015165	As004G079260	XP_010426019.1, XP_010503201.1, XP_010514912.1
OG0015166	As004G079310	XP_010478609.1, XP_010499737.1, XP_010461011.1
OG0015167	As004G079440	XP_010516732.1, XP_010509602.1
OG0015168	As004G079470	XP_010516728.1, XP_010505061.1, XP_010509610.1
OG0015169	As004G079500	XP_010509612.1, XP_010505056.1, XP_010516723.1
OG0015170	As004G079550	XP_010516718.1, XP_010505047.1, XP_010509618.1
OG0015171	As004G079610	XP_010509624.1, XP_010505040.1
OG0015172	As004G080130	XP_010461270.1, XP_010480883.1, XP_010499994.1
OG0015173	As004G080240	XP_010455338.2, XP_010421847.1, XP_010435778.1
OG0015174	As004G080520	XP_010436308.1, XP_010421792.1, XP_010455293.1
OG0015175	As004G080540	XP_010436327.1, XP_010455291.1, XP_010421789.1
OG0015176	As004G080560	XP_010455285.1, XP_010436396.1
OG0015177	As004G080610	XP_019090336.1, XP_019084650.1, XP_019087320.1
OG0015178	As004G080620	XP_019085600.1
OG0015179	As004G080630	XP_010461356.1, XP_010511129.1, XP_010500074.1
OG0015180	As004G080830	XP_010438422.1, XP_010421738.1, XP_010455250.1
OG0015181	As004G081070	XP_010509771.2, XP_010413752.1, XP_010469372.1
OG0015182	As004G081120	XP_010509787.1, XP_010413771.1, XP_010469391.1
OG0015183	As004G081180	XP_010413774.1, XP_010469394.1, XP_010509791.1
OG0015184	As004G081380	XP_010509820.1, XP_010413797.1, XP_010469415.1
OG0015185	As004G081430	XP_010469423.1, XP_010413804.1
OG0015186	As004G081550	XP_010509842.1, XP_010413820.1
OG0015187	As004G081560	XP_010469436.1, XP_010509843.1, XP_010413818.1
OG0015188	As004G081670	XP_010413837.1, XP_010509861.1
OG0015189	As004G081800	XP_010413856.1, XP_010469465.1
OG0015190	As004G081950	XP_019097241.1, XP_010481897.1, XP_010442061.1
OG0015191	As004G081980	XP_019088058.1, XP_019097271.1, XP_019095825.1
OG0015192	As004G081990	XP_010494282.1, XP_010442066.1, XP_010481901.1
OG0015193	As004G082160	XP_010442096.1, XP_010481923.1, XP_019098062.1
OG0015194	As004G082170	XP_010481922.1, XP_010442095.1, XP_010494257.1
OG0015195	As004G082230	XP_010442108.1, XP_010494247.1, XP_010481932.1
OG0015196	As004G082360	XP_010442123.1, XP_010481948.1, XP_010494225.1
OG0015197	As004G082380	XP_010442127.1, XP_010481951.1, XP_010494222.1
OG0015198	As004G082590	XP_010494185.1, XP_010481985.1
OG0015199	As004G082680	XP_010494175.1, XP_010442166.1
OG0015200	As004G082690	XP_010420803.1, XP_010493064.1, XP_019090530.1
OG0015201	As004G082720	XP_010441982.1, XP_010481821.1, XP_010494364.1
OG0015202	As004G082780	XP_010442158.1, XP_010481998.1, XP_010494170.1
OG0015203	As004G082810	XP_010481999.1, XP_010442157.1, XP_010494169.1
OG0015204	As004G083350	XP_010421921.1, XP_010437647.1, XP_010455401.1
OG0015205	As004G083420	XP_010437512.1, XP_010421935.1, XP_010455412.1
OG0015206	As004G083460	XP_010421938.1, XP_010437433.1, XP_019089894.1
OG0015207	As004G083540	XP_010421940.1, XP_010437418.1, XP_010455420.1
OG0015208	As004G083550	XP_010455422.1, XP_010421942.1, XP_010437394.1
OG0015209	As004G083630	XP_010437197.1, XP_010455431.1, XP_010421952.1
OG0015210	As004G083730	XP_019084683.1, XP_019098698.1, XP_010437105.1, XP_010455443.1
OG0015211	As004G083890	XP_010436865.1, XP_010455457.1, XP_010421977.1
OG0015212	As004G083930	XP_010421996.1, XP_010455467.1, XP_010436783.1
OG0015213	As004G083980	XP_010422004.1, XP_010455473.1, XP_010436747.1
OG0015214	As004G084080	XP_010455483.1, XP_010436669.1, XP_010422011.1
OG0015215	As004G084100	XP_010455486.1, XP_010436640.1, XP_010422022.1
OG0015216	As004G084120	XP_010422021.1, XP_010436632.1, XP_010455487.1
OG0015217	As004G084220	XP_010422047.1, XP_010435560.1, XP_010455508.1
OG0015218	As004G084340	XP_010422063.1, XP_010435336.1, XP_010455522.1
OG0015219	As004G084390	XP_010435241.1, XP_010455529.1, XP_010422069.1
OG0015220	As004G084420	XP_019089759.1, XP_010455532.1
OG0015221	As004G084620	XP_019089696.1, XP_010455572.1
OG0015222	As004G084630	XP_010434665.1, XP_010455573.1
OG0015223	As004G084780	XP_010434076.1, XP_010422139.1, XP_010455600.1
OG0015224	As004G084880	XP_010455620.1, XP_010422155.1, XP_010433917.1
OG0015225	As004G084990	XP_010422178.1, XP_010455643.1, XP_010433766.1
OG0015226	As004G085050	XP_010442227.1, XP_010439334.1
OG0015227	As004G085210	XP_010439315.1, XP_010448872.1, XP_010434031.1
OG0015228	As004G085490	XP_010496157.1, XP_010422245.1, XP_010433082.1
OG0015229	As004G085520	XP_010433059.1, XP_010496159.1
OG0015230	As004G085590	XP_010432920.1, XP_010422260.1, XP_010496172.1
OG0015231	As004G085610	XP_010422265.1, XP_010496177.1, XP_010432889.1
OG0015232	As004G085660	XP_010496362.1, XP_010432817.1, XP_010455725.1
OG0015233	As004G085700	XP_010432543.1, XP_010422285.1, XP_010455750.1
OG0015234	As004G085810	XP_010455779.2
OG0015235	As004G086060	XP_010422369.1, XP_010455834.1, XP_010431908.1
OG0015236	As004G086250	XP_010455855.1, XP_010422416.1, XP_010431570.1
OG0015237	As004G086640	XP_010484843.2, XP_010441891.1, XP_010495665.2
OG0015238	As004G087020	XP_010494505.1, XP_010481741.1, XP_010441847.1
OG0015239	As004G087030	XP_010480972.1, XP_010481738.1, XP_010441842.1, XP_010494513.1
OG0015240	As004G087140	XP_010494523.1, XP_010481711.1
OG0015241	As004G087800	XP_010441757.1, XP_010494622.1, XP_010481609.1
OG0015242	As004G088080	XP_010441692.1, XP_010494675.1
OG0015243	As004G088220	XP_019095709.1, XP_010441672.1, XP_010494701.1
OG0015244	As004G088270	XP_010481529.1, XP_019097579.1
OG0015245	As004G088320	XP_010494738.1, XP_010481524.1, XP_010441663.1
OG0015246	As004G088390, As010G240070	XP_010471421.1, XP_010428285.1, XP_010416170.1
OG0015247	As004G088450	XP_010494746.1, XP_010441651.1
OG0015248	As004G088460	XP_010494749.1, XP_010441649.1, XP_010481515.1
OG0015250	As004G088770	XP_010484781.1, XP_010441598.1, XP_010494800.1, XP_010481466.1
OG0015251	As004G088800	XP_010495757.1, XP_019087753.1, XP_010481462.1
OG0015252	As004G088890	XP_010494812.1, XP_019087754.1, XP_010481457.1
OG0015253	As004G088920	XP_010481954.1, XP_010474962.1, XP_010457346.1
OG0015254	As004G089280	XP_010442616.1, XP_010482468.1, XP_010443054.1
OG0015255	As004G089630	XP_010441513.1, XP_010481381.1
OG0015256	As004G090730	XP_010440699.1, XP_010450360.1, XP_010435422.1
OG0015257	As004G090770	XP_010449763.1, XP_010434804.1, XP_010440134.1
OG0015258	As004G091080	XP_010441464.1, XP_010494972.1, XP_019096038.1
OG0015259	As004G091110	XP_019095438.1, XP_019088105.1, XP_019098025.1
OG0015260	As004G092140	XP_010435458.1, XP_010450407.1, XP_010440752.1
OG0015261	As004G092160	XP_010488700.1, XP_010467005.1, XP_010514605.1
OG0015262	As004G092270	XP_010450413.1, XP_010435464.1, XP_010440763.1
OG0015263	As004G092440	XP_010488738.1, XP_010412464.1, XP_010467046.1
OG0015264	As004G092490	XP_010435470.1, XP_010450421.1
OG0015265	As004G093010	XP_010440627.1, XP_010450248.1
OG0015266	As004G093170	XP_010466952.1, XP_010488641.1, XP_010514113.1
OG0015267	As004G093410	XP_010448600.1, XP_010439076.1, XP_010433807.1
OG0015268	As004G093450	XP_010450269.1, XP_010435313.1, XP_019088143.1
OG0015269	As004G093670	XP_010488595.1, XP_010466916.1, XP_010513771.1
OG0015270	As004G093680	XP_010488593.1, XP_010466915.1
OG0015271	As004G093890	XP_010435290.1, XP_010440608.1, XP_010450318.1
OG0015272	As004G094480	XP_010450188.1, XP_010435244.1, XP_010440561.1
OG0015273	As004G094560	XP_010435233.1, XP_010440545.1, XP_010450177.1
OG0015274	As004G094940	XP_010435206.1, XP_010450142.1, XP_010450121.1
OG0015275	As004G095070	XP_010450116.1, XP_010435200.1, XP_010450133.1
OG0015276	As004G095320	XP_010450064.1, XP_010440494.1, XP_010435151.1
OG0015277	As004G095580	XP_010440460.1, XP_010435120.1, XP_010450034.1
OG0015278	As004G095590	XP_010440458.1, XP_010450033.1, XP_010435119.1
OG0015279	As004G095600, As011G255090	XP_010466627.1, XP_010488357.1, XP_010512117.1
OG0015280	As004G096000	XP_010435054.1, XP_010440379.1, XP_010449975.1
OG0015281	As004G096480	XP_010434987.1, XP_010440310.1, XP_010449941.1
OG0015282	As004G096580	XP_010466401.1, XP_010488167.1, XP_010510338.1
OG0015283	As004G096760	XP_010441106.1, XP_010435971.1, XP_010450756.1
OG0015284	As004G096860	XP_010441117.1, XP_010435955.1, XP_019089603.1
OG0015285	As004G097120	XP_010441123.1, XP_010450691.1, XP_010435917.1
OG0015286	As004G097140	XP_010441161.1, XP_010450683.1, XP_010435916.1
OG0015287	As004G097280	XP_019098754.1
OG0015288	As004G097670	XP_010450616.1, XP_010436018.1, XP_010441238.1
OG0015289	As004G097940	XP_010447336.1, XP_010441294.1, XP_010436080.1
OG0015290	As004G098470	XP_010488754.1, XP_010412569.1, XP_010467063.1
OG0015291	As005G098640	XP_010497174.1, XP_010506853.1
OG0015293	As005G098740	XP_010507826.1, XP_010506845.1, XP_010413113.1
OG0015294	As005G098780	XP_010518512.1, XP_010506839.1
OG0015295	As005G099030	XP_010518494.1, XP_010507854.1, XP_010506815.1
OG0015296	As005G099050	XP_010518493.1, XP_010507855.1, XP_010506814.1
OG0015297	As005G099060	XP_010507857.1, XP_010518491.1, XP_010506809.1
OG0015298	As005G099270	XP_010518467.1, XP_010506797.1, XP_010507871.1
OG0015299	As005G099280	XP_019100676.1, XP_010518466.1, XP_010507873.1
OG0015300	As005G099340	XP_010507877.1, XP_010518458.1, XP_010506792.1
OG0015301	As005G099370	XP_010508788.1, XP_010517572.1, XP_010505850.1
OG0015302	As005G099410	XP_010518450.1, XP_010507884.1, XP_019100675.1
OG0015303	As005G099890	XP_010487384.1, XP_010503165.1, XP_010465528.1
OG0015304	As005G099920	XP_010506733.1, XP_010507933.1
OG0015305	As005G100120	XP_010518378.1, XP_010507955.1, XP_010506707.1
OG0015306	As005G100140	XP_010506706.1, XP_010507956.1, XP_010518376.1
OG0015307	As005G100310	XP_010507983.1, XP_010518347.1, XP_010506686.1
OG0015308	As005G100370	XP_010518342.1, XP_010506677.1, XP_010507988.1
OG0015309	As005G100490	XP_010518326.1, XP_010508005.1, XP_010506661.1
OG0015310	As005G100660	XP_019101999.1, XP_010506652.1, XP_010508013.1
OG0015311	As005G100760	XP_010508033.1
OG0015312	As005G101050	XP_010508069.1, XP_010518267.1, XP_010506601.1
OG0015313	As005G101200	XP_010506568.1, XP_010508098.1, XP_010518231.1
OG0015314	As005G101470	XP_010506546.1, XP_010508136.1, XP_010518183.1
OG0015315	As005G101480	XP_010413071.1, XP_010512834.1, XP_010507756.1
OG0015316	As005G101500	XP_010508138.1, XP_010506523.1, XP_010518181.1
OG0015317	As005G101760	XP_010506478.1, XP_010518154.2, XP_010508178.1
OG0015318	As005G101890	XP_019082407.1, XP_010508198.1, XP_010506461.1
OG0015319	As005G101920	XP_010508200.1, XP_010506459.1, XP_019082406.1
OG0015320	As005G101950	XP_010518131.1
OG0015321	As005G101980	XP_010508208.1, XP_010506452.1, XP_010518128.1
OG0015322	As005G102090	XP_010508218.1, XP_010518113.1, XP_019100633.1
OG0015323	As005G102110	XP_010518111.1, XP_010506439.1, XP_010508221.1
OG0015324	As005G102240	XP_010508230.1, XP_010506432.1, XP_010518101.1
OG0015325	As005G102290	XP_010508239.1, XP_010518095.1, XP_010506422.1
OG0015326	As005G102460	XP_010508261.1, XP_010506402.1, XP_019082397.1
OG0015327	As005G102870	XP_010508304.1, XP_010518034.1, XP_010506358.1
OG0015328	As005G103100	XP_010517996.1, XP_010508339.1, XP_010506316.1
OG0015329	As005G103210	XP_010508351.1, XP_010517981.1, XP_010506303.1
OG0015330	As005G103600	XP_010508391.1, XP_010517945.1, XP_010506259.1
OG0015331	As005G103760	XP_010517930.1, XP_010506246.1, XP_010508405.1
OG0015332	As005G103880	XP_010517907.1, XP_010506216.1, XP_010508428.1
OG0015333	As005G103910	XP_010508434.1, XP_010506213.1, XP_010517903.1
OG0015334	As005G104080	XP_010517877.1, XP_010506184.1, XP_010508452.1
OG0015335	As005G104240	XP_010517860.1, XP_010506164.1, XP_010508474.1
OG0015336	As005G104390	XP_010508490.1, XP_010517847.1, XP_010506149.1
OG0015337	As005G104440	XP_010506141.1
OG0015338	As005G104490	XP_010506129.1, XP_010517830.1, XP_010508516.1
OG0015339	As005G104620	XP_010517817.1, XP_010506114.1, XP_010508532.1
OG0015340	As005G104630	XP_010506112.1, XP_010517816.1, XP_010508533.1
OG0015341	As005G104690	XP_010508543.1, XP_010517805.1, XP_010506103.1
OG0015342	As005G104760	XP_010508552.1, XP_010506090.1, XP_010517788.1
OG0015343	As005G104910	XP_010506071.1, XP_010508572.1, XP_010517771.1
OG0015344	As005G105030	XP_010508638.1, XP_010505993.1, XP_010517695.1
OG0015345	As005G105230	XP_010508601.1, XP_010517740.1, XP_010506037.1
OG0015346	As005G106030	XP_010517644.1, XP_010505934.1, XP_010508708.1
OG0015347	As005G106520	XP_019084611.1, XP_010451974.1, XP_010490551.1
OG0015348	As005G106530	XP_010490552.1, XP_010423959.1, XP_010451978.1
OG0015349	As005G106850	XP_010423925.1, XP_010490591.1, XP_010452009.1
OG0015350	As005G106890	XP_010423922.1, XP_010452012.1, XP_010490596.1
OG0015351	As005G106990	XP_010452030.2, XP_010490609.2, XP_019084599.1
OG0015352	As005G107080	XP_010452033.1, XP_010490612.1, XP_010424821.1
OG0015353	As005G107130	XP_010452037.1, XP_010490619.1, XP_010423906.1
OG0015354	As005G107270	XP_010452050.1, XP_010490634.1, XP_010423891.1
OG0015355	As005G107350	XP_010452057.1, XP_019084588.1, XP_010490642.1
OG0015356	As005G107690	XP_010452111.1, XP_010423840.1, XP_010490725.1
OG0015357	As005G107750	XP_010490734.1, XP_010423833.1, XP_010452119.1
OG0015358	As005G107990	XP_010423779.1, XP_010452168.1, XP_010490774.2
OG0015359	As005G108010	XP_010423757.1, XP_010490777.1, XP_010452171.1
OG0015360	As005G108030	XP_010423755.1, XP_010490781.1, XP_010452173.1
OG0015361	As005G108160	XP_010452199.1, XP_019097760.1, XP_010423740.1
OG0015362	As005G108250	XP_010445424.1, XP_010482679.1, XP_010442851.1
OG0015363	As005G108300	XP_010490821.1, XP_010452222.1, XP_010423714.1
OG0015364	As005G108340	XP_010490828.1, XP_010423708.1, XP_010452227.1
OG0015365	As005G108560	XP_010452259.1, XP_010423680.1
OG0015366	As005G108570	XP_010491629.1, XP_010452987.1, XP_010422931.1
OG0015367	As005G108650	XP_010490859.1, XP_010423676.1, XP_010452264.1
OG0015368	As005G108780	XP_010423659.1, XP_010490873.1, XP_010452278.1
OG0015369	As005G108830	XP_019090490.1, XP_010490879.1, XP_010423656.1
OG0015370	As005G108900	XP_010423651.1, XP_010490884.1, XP_010452288.1
OG0015371	As005G109080	XP_019090509.1, XP_019084530.1, XP_019097204.1, XP_010423634.1, XP_010497738.1
OG0015372	As005G109400	XP_010452324.1, XP_010423596.1, XP_010490937.1
OG0015373	As005G109420	XP_010423595.1, XP_010452326.1, XP_010495069.1
OG0015374	As005G109950	XP_010420740.1, XP_010492995.1, XP_010454210.1
OG0015375	As005G110890	XP_010454327.1, XP_010495316.1, XP_010420862.1
OG0015376	As005G111250	XP_010420848.1, XP_010493117.1, XP_010454310.1
OG0015377	As005G112330	XP_010493198.1, XP_010420931.1, XP_010454395.1
OG0015378	As005G112380	XP_010454401.1, XP_010420937.1, XP_010493207.1
OG0015379	As005G112440	XP_010433329.1, XP_010438568.1, XP_010448092.1
OG0015380	As005G112530	XP_010420950.1, XP_010493217.1, XP_010454418.1
OG0015381	As005G112560	XP_010420951.1, XP_010493224.1, XP_010454426.1
OG0015382	As005G112890	XP_010454450.1, XP_010420975.1, XP_010493246.1
OG0015383	As005G113120	XP_010493265.1, XP_019084765.1, XP_010454470.1
OG0015384	As005G113190	XP_010421004.1, XP_010454474.1, XP_010493273.1
OG0015385	As005G113260	XP_010454492.1, XP_010421016.1, XP_010493303.1
OG0015386	As005G113350	XP_010495360.1, XP_019090333.1, XP_010421030.1
OG0015387	As005G113430	XP_010493334.1, XP_010454512.1, XP_010421038.1
OG0015388	As005G113650	XP_010424229.2, XP_010493367.1
OG0015389	As005G113980	XP_010443877.1, XP_019093177.1
OG0015390	As005G114130	XP_010456601.1, XP_010483710.1, XP_010443862.1
OG0015391	As005G114170	XP_010456551.1, XP_010443855.1, XP_010483704.1
OG0015392	As005G114260	XP_010513328.1, XP_010513320.2, XP_010502915.2
OG0015393	As005G114530	XP_010470631.1, XP_010511648.1
OG0015394	As005G114570	XP_010443796.1, XP_010483651.1, XP_010455877.1
OG0015395	As005G114780	XP_010455569.1, XP_010483628.1, XP_010443765.1
OG0015396	As005G114880	XP_019093014.1, XP_010443754.1
OG0015397	As005G115170	XP_010443696.1, XP_010454975.1, XP_010483565.1
OG0015398	As005G115420	XP_010483521.1, XP_010443656.1, XP_010454633.1
OG0015399	As005G115630	XP_010455040.1, XP_010443702.1, XP_010483576.1
OG0015400	As005G115730	XP_010443675.1, XP_010483541.1, XP_010454789.1
OG0015401	As005G116010	XP_010459851.1, XP_010484038.1, XP_010444189.1
OG0015402	As005G116180	XP_010484051.1, XP_010444209.1, XP_010460041.1
OG0015403	As005G116220	XP_010460099.2, XP_010444212.1, XP_010484055.1
OG0015404	As005G116270	XP_010484070.1, XP_010460206.1
OG0015405	As005G116280	XP_010444223.1, XP_010460218.1
OG0015406	As005G116300	XP_010484074.1, XP_010444226.1, XP_010460240.1
OG0015407	As005G116310	XP_010484076.1, XP_019093836.1, XP_010444239.1
OG0015408	As005G116330	XP_010444240.1, XP_010484079.1, XP_010460290.1
OG0015409	As005G116590	XP_010444276.1, XP_019093943.1
OG0015410	As005G116860	XP_010444312.1, XP_010484153.1, XP_010461143.1
OG0015411	As005G116890	XP_010444319.1, XP_010461204.1, XP_010484160.1
OG0015412	As005G116980	XP_010505463.1, XP_010517134.1, XP_010509179.1
OG0015413	As005G117210	XP_010461523.1, XP_010444352.1, XP_010484192.1
OG0015414	As005G117320	XP_010484210.1, XP_010444364.1, XP_010461655.1
OG0015415	As005G117340	XP_010444365.2, XP_019096009.1, XP_019094121.1
OG0015416	As005G117360	XP_010444368.1, XP_010484216.1, XP_010461700.1
OG0015417	As005G117420	XP_010444376.1, XP_010461782.1, XP_010484228.1
OG0015418	As005G117470	XP_010484224.1, XP_010444380.1, XP_010461817.1
OG0015419	As005G117510	XP_010444389.1, XP_010484235.1, XP_010461913.1
OG0015420	As005G117590	XP_010462011.1, XP_010484244.1, XP_010444396.1
OG0015421	As005G117660	XP_010444405.1, XP_010484249.1, XP_010462904.1
OG0015422	As005G117860	XP_010444438.1, XP_010484279.1, XP_010462667.1
OG0015423	As005G117910	XP_010484286.1, XP_010444445.1, XP_010478527.1
OG0015424	As005G118260	XP_010484323.1, XP_010462206.1
OG0015425	As005G118390	XP_010444546.1, XP_010484384.1, XP_010463250.1
OG0015426	As005G118480	XP_010463129.2
OG0015427	As005G118610	XP_010462984.1, XP_010484348.1, XP_010444514.1
OG0015428	As005G118660	XP_019094350.1, XP_019096073.1, XP_019088216.1
OG0015429	As005G118750	XP_010463484.1, XP_010484409.1, XP_010474683.2, XP_010444581.1
OG0015430	As005G118940	XP_010463740.1, XP_010484442.1, XP_010444610.1
OG0015431	As005G118960	XP_010444613.1, XP_010463759.1, XP_010484445.1
OG0015432	As005G119010	XP_010444620.1, XP_010484476.1, XP_010463838.1
OG0015433	As005G119090	XP_010444631.1, XP_010484481.1, XP_010463919.1
OG0015434	As005G119130	XP_010463989.1, XP_010444641.1, XP_010484490.1
OG0015435	As005G119190	XP_010464048.1, XP_010444648.1, XP_010484497.1
OG0015436	As005G119300	XP_010464211.1, XP_010484517.1, XP_010444665.1
OG0015437	As005G119310	XP_019095689.1, XP_010446283.1, XP_010464221.1
OG0015438	As005G119350	XP_010464265.1, XP_010444672.1, XP_010484520.1
OG0015439	As005G119620	XP_010485328.1, XP_010478603.1, XP_010444703.1
OG0015440	As005G119740	XP_010429542.1, XP_010472548.1, XP_010417316.1
OG0015441	As005G119770	XP_010464786.1, XP_010484577.1, XP_010444720.1
OG0015442	As005G119810	XP_010444725.1, XP_010484583.1, XP_010464824.1
OG0015443	As005G120010	XP_010465095.1, XP_010484603.1, XP_010444754.1
OG0015444	As005G120220	XP_010444778.1, XP_010484627.1, XP_010465274.1
OG0015445	As005G120260	XP_019086993.1, XP_010465354.1, XP_010484633.1
OG0015446	As005G120380	XP_010465524.1, XP_010484648.1, XP_010444800.1
OG0015447	As005G120530	XP_010465689.1, XP_010444814.1, XP_010484664.1
OG0015448	As005G120580	XP_010444820.1, XP_010465749.1
OG0015449	As005G120620	XP_010484674.1, XP_010465798.1
OG0015450	As005G120670	XP_010444827.1, XP_010484679.2, XP_010465846.1
OG0015451	As005G120800	XP_010466058.1, XP_010484691.1, XP_010444844.1
OG0015452	As005G120900	XP_010466357.1, XP_010484709.1, XP_010444862.1
OG0015453	As006G121080	XP_010426531.1, XP_010419530.1
OG0015454	As006G121230	XP_010419631.1, XP_010456248.1, XP_010427380.1
OG0015455	As006G121470	XP_010456279.1, XP_010427089.1
OG0015456	As006G121620	XP_010426903.1, XP_010456296.1, XP_010419569.1
OG0015457	As006G121890	XP_010427634.1, XP_010422784.1, XP_010456225.1
OG0015458	As006G121900	XP_010422782.1, XP_010456226.1, XP_010427652.1
OG0015459	As006G122010	XP_010422765.1, XP_010456211.1, XP_010427813.1
OG0015460	As006G122070	XP_010424689.1, XP_010456195.1, XP_010466759.1
OG0015461	As006G122140	XP_010428013.1, XP_010456185.1, XP_010422747.1
OG0015462	As006G122600	XP_010428660.1, XP_010456130.1
OG0015463	As006G122740	XP_010428785.1, XP_010456122.1, XP_010422685.1
OG0015464	As006G122820	XP_010422661.1, XP_010429011.1
OG0015465	As006G122890	XP_010422642.1, XP_010456086.1, XP_010429147.1
OG0015466	As006G123280	XP_010422580.1, XP_010429769.1, XP_010456022.1
OG0015467	As006G123420	XP_010456008.1, XP_010422567.1, XP_010429918.1
OG0015468	As006G123440	XP_010456007.1, XP_010429930.1, XP_010422566.1
OG0015469	As006G123450	XP_010456003.1, XP_010422561.1, XP_010429966.1
OG0015470	As006G123710	XP_010444460.1, XP_010484296.1, XP_010462499.1
OG0015471	As006G123730	XP_019087134.1, XP_019084631.1, XP_010455942.1
OG0015472	As006G124310	XP_010441912.1, XP_010481763.1, XP_010494429.1
OG0015473	As006G124360	XP_010481770.1, XP_010494421.1, XP_010441920.1
OG0015474	As006G124380	XP_010494419.1
OG0015475	As006G124390	XP_010481773.1, XP_010445873.2, XP_010494418.1
OG0015476	As006G124540	XP_010481785.1, XP_010494402.1, XP_010441941.1
OG0015477	As006G124630	XP_010441929.1, XP_010481793.1, XP_010494389.1
OG0015478	As006G124660	XP_019087729.1, XP_010481799.1, XP_010494383.1
OG0015479	As006G124780	XP_010441980.1, XP_010481818.1, XP_010494367.1
OG0015480	As006G124800	XP_010481823.1, XP_010494360.1, XP_010441983.1
OG0015481	As006G124820	XP_010481828.1, XP_010441990.1, XP_010494356.1
OG0015482	As006G125070	XP_010442021.1, XP_010481862.1, XP_010494327.1
OG0015483	As006G125700	XP_010510061.1
OG0015484	As006G126020	XP_010513101.1, XP_010413928.1, XP_010469532.1
OG0015485	As006G126180	XP_010509993.1, XP_010469566.1
OG0015486	As006G126400	XP_010510099.1, XP_010469630.1
OG0015487	As006G126440	XP_010414036.1, XP_010469637.1, XP_010510106.1
OG0015488	As006G126450	XP_010414037.1, XP_010469638.1, XP_010510107.1
OG0015489	As006G126810	XP_010469651.1, XP_010510134.1
OG0015490	As006G127190	XP_010469711.1, XP_010414125.1, XP_010510196.1
OG0015491	As006G127340	XP_010469696.1, XP_010510209.1, XP_010414139.1
OG0015492	As006G127360	XP_010469693.1, XP_010414140.1, XP_010510210.1
OG0015493	As006G127780	XP_010510275.1, XP_010414206.1, XP_010469785.1
OG0015494	As006G128200	XP_010510379.1, XP_010469871.1
OG0015495	As006G128320	XP_010414294.1, XP_010469884.1, XP_010510395.1
OG0015496	As006G128570	XP_010469910.1, XP_010414327.1, XP_010510425.1
OG0015497	As006G129100	XP_010414443.1, XP_010469996.1, XP_010510539.1
OG0015498	As006G129410	XP_010470045.1, XP_010510576.1, XP_010414480.1
OG0015499	As006G129570	XP_010414494.1, XP_010510593.1, XP_010470057.1
OG0015500	As006G129620	XP_010470061.1, XP_010414497.1, XP_010510611.1
OG0015501	As006G129690	XP_019093503.1, XP_019101465.1, XP_019082780.1
OG0015502	As006G129930	XP_010470101.1, XP_010414549.1, XP_010510641.1
OG0015503	As006G129990	XP_010414582.1, XP_010470130.1, XP_010510677.1
OG0015504	As006G130040	XP_010510680.1, XP_010470135.1, XP_010414585.1
OG0015505	As006G130060	XP_010414587.1, XP_010474013.2, XP_010510682.1
OG0015506	As006G130100	XP_010473199.1, XP_010417954.1, XP_010510695.1
OG0015507	As006G130130	XP_010414605.1, XP_010470154.1, XP_010510698.1
OG0015508	As006G130260	XP_010417936.1, XP_010473182.1, XP_010510719.1
OG0015509	As006G130580	XP_010417851.1, XP_010473095.1, XP_010510820.1
OG0015510	As006G130600	XP_010473097.1, XP_010510816.1
OG0015511	As006G130670	XP_010473107.1, XP_010417869.1, XP_010510805.1
OG0015512	As006G130730	XP_010417872.1, XP_010510799.1, XP_010473112.1
OG0015513	As006G130780	XP_010474533.1, XP_010419413.1, XP_010513310.1
OG0015514	As006G130870	XP_010510779.1, XP_019083608.1, XP_010473134.1
OG0015515	As006G131000	XP_010417833.1, XP_010473072.1, XP_010510846.1
OG0015516	As006G131010	XP_010473071.1, XP_010417832.1
OG0015517	As006G131200	XP_019101500.1, XP_010473056.1, XP_010417817.1
OG0015518	As006G131230	XP_010417815.1, XP_010510872.1, XP_010473054.1
OG0015519	As006G131240	XP_010510853.1, XP_010473069.1, XP_010417828.1
OG0015520	As006G131310	XP_010510740.1, XP_010473162.1
OG0015521	As006G131350	XP_010508611.1, XP_010517728.1, XP_010506023.1
OG0015522	As006G131440	XP_010487849.1, XP_010475538.1
OG0015523	As006G131470	XP_010426543.1, XP_010456324.1, XP_010419538.1
OG0015524	As006G131500	XP_010429676.1, XP_010472681.1, XP_010417446.1
OG0015525	As006G131590	XP_010429668.1, XP_010472675.1, XP_010417439.1
OG0015526	As006G131690	XP_010472659.1, XP_010417419.1, XP_019085147.1
OG0015527	As006G131700	XP_010417417.1, XP_010429651.1, XP_010472657.1
OG0015528	As006G131730	XP_010472654.1, XP_010417410.1, XP_010429646.1
OG0015529	As006G131810	XP_010417402.1, XP_010472647.1, XP_010429640.1
OG0015530	As006G131840	XP_019093703.1, XP_010417399.1, XP_010429637.1
OG0015531	As006G131890	XP_010429624.1, XP_010417388.1, XP_010472638.1
OG0015532	As006G132010	XP_010429602.1, XP_010417367.1, XP_010417366.1, XP_010472616.1
OG0015533	As006G132120	XP_010429586.1, XP_010417345.1, XP_010472586.1
OG0015534	As006G132340	XP_010448136.1, XP_010438617.1, XP_010433372.1
OG0015535	As006G132880	XP_010496304.1, XP_010485414.1, XP_010435625.1
OG0015536	As006G133040	XP_010496295.1, XP_010435635.1, XP_010485400.1
OG0015537	As006G133280	XP_010485358.1, XP_010496438.1, XP_010435672.1
OG0015538	As006G133320	XP_010435675.1, XP_010485353.1, XP_010496433.1
OG0015539	As006G133350	XP_010499311.1, XP_010460585.1, XP_010478173.1
OG0015540	As006G133410	XP_010497109.1, XP_019098220.1
OG0015541	As006G133460	XP_010496424.1, XP_010435683.1, XP_010497035.1, XP_010496441.2
OG0015542	As006G133530	XP_010496891.1, XP_010496414.1
OG0015543	As006G133550	XP_010507643.1, XP_010487872.1, XP_010466074.1
OG0015544	As006G133590	XP_010496404.1, XP_010496895.1
OG0015545	As006G133670	XP_010496815.1, XP_010424022.1, XP_010490483.1
OG0015546	As006G133760	XP_010486393.1, XP_010462347.1, XP_010464463.1
OG0015547	As006G133790	XP_010490489.1, XP_010424012.2, XP_010496824.1
OG0015548	As006G133820	XP_010490491.1, XP_010424009.1, XP_010456345.1
OG0015549	As006G133840	XP_010483145.1, XP_010443319.1, XP_010451396.1
OG0015550	As006G133860	XP_019093593.1, XP_019101405.1, XP_010414284.1
OG0015551	As006G133870	XP_019089967.1, XP_019097284.1, XP_019084410.1
OG0015552	As006G133950	XP_010424000.1, XP_010451932.1, XP_010490501.1, XP_010456346.1
OG0015553	As006G133980	XP_010456347.1, XP_010423996.1, XP_010490504.1
OG0015554	As006G134000	XP_010423995.1, XP_010451934.1, XP_010490506.1
OG0015555	As006G134270	XP_010433479.1, XP_010438736.1, XP_010448252.1
OG0015556	As006G134520	XP_010448209.1, XP_010438695.1, XP_010433438.1
OG0015557	As006G134820	XP_010517690.1, XP_010485525.1, XP_010463557.1
OG0015558	As006G134860	XP_010463567.1, XP_010418364.1, XP_010485532.1
OG0015559	As006G135090	XP_010445019.1, XP_010485446.1, XP_010463602.1
OG0015560	As006G135100	XP_010445700.1, XP_010485447.1, XP_010463604.1
OG0015561	As006G135120	XP_010463605.1, XP_010485449.1, XP_019099336.1
OG0015562	As006G135180	XP_010455021.1, XP_010463613.1, XP_010485455.1
OG0015563	As006G135290	XP_010468719.1, XP_010463629.1, XP_010485473.1
OG0015564	As006G135300	XP_010485470.1, XP_010463631.1, XP_010469616.1
OG0015565	As006G135430	XP_010490331.1, XP_010463648.1, XP_010485489.1
OG0015566	As006G135650	XP_010467974.1, XP_010417325.1, XP_010489648.1
OG0015567	As006G135690	XP_010463690.1, XP_010485590.2
OG0015568	As006G135710	XP_010500992.1, XP_010463693.1
OG0015569	As006G135820	XP_010501789.1, XP_010485611.1, XP_010463708.1
OG0015570	As006G135940	XP_010485624.1, XP_010503399.1, XP_010463730.1
OG0015571	As006G136030	XP_010485634.1, XP_010463738.1, XP_010504847.1, XP_010489651.1
OG0015572	As006G136040	XP_010485635.1, XP_010504964.1, XP_010463739.1
OG0015573	As006G136300	XP_010508189.1, XP_010485662.1, XP_010463777.1
OG0015574	As006G136580	XP_010511433.1, XP_010485692.1, XP_010463801.1
OG0015575	As006G136740	XP_010463825.1, XP_010513283.1, XP_019096318.1, XP_010485714.1
OG0015576	As006G136850	XP_010485727.2, XP_010463834.1
OG0015577	As006G137160	XP_010463855.1, XP_010515509.1, XP_010485751.1
OG0015578	As006G137400	XP_010412703.1, XP_010485787.1, XP_010463888.1
OG0015579	As006G137470	XP_010463904.1, XP_010485796.1
OG0015580	As006G137510	XP_010485809.1, XP_010463914.1, XP_010414155.1
OG0015581	As006G137950	XP_010418480.1, XP_010463962.1, XP_010489673.1
OG0015582	As006G138030	XP_010463968.1, XP_010417695.1, XP_010485865.1
OG0015583	As006G138410	XP_010464026.1, XP_019100000.1, XP_010485917.1
OG0015584	As006G138660	XP_010425089.1, XP_010485958.1, XP_010464045.1
OG0015585	As006G138790	XP_010428225.1, XP_010464077.1
OG0015586	As006G138880	XP_010426613.1, XP_010426982.1, XP_010485984.1, XP_010464065.1
OG0015587	As006G138990	XP_010464092.1, XP_010486019.1, XP_010430058.1
OG0015588	As006G139000	XP_010430169.1, XP_010464093.1, XP_010486020.1
OG0015589	As006G139100	XP_010431108.1, XP_010486044.1, XP_010464114.1
OG0015590	As006G139140	XP_010486051.1, XP_010431849.1, XP_010464126.1
OG0015591	As012G286110	XP_010413597.1, XP_010469222.1, XP_010512324.1
OG0015592	As006G139950	XP_010486146.1, XP_010439287.1, XP_010464209.1
OG0015593	As006G140040	XP_010464215.1, XP_010439900.1, XP_019097101.1
OG0015594	As006G140470	XP_010445311.1, XP_010464273.1, XP_010486214.1
OG0015595	As006G140600	XP_010486226.1, XP_010464314.1, XP_010446491.1
OG0015596	As012G267700, As006G140670	XP_010486994.1, XP_010465045.1, XP_010499364.1
OG0015597	As006G140700	XP_019096832.1, XP_010447262.1, XP_019092440.1
OG0015598	As006G140750	XP_010447682.1, XP_010464303.1, XP_010486238.1
OG0015599	As006G140820	XP_010464319.1, XP_010486254.1
OG0015600	As006G140840	XP_010464320.1, XP_010449209.1
OG0015601	As006G141040	XP_010451051.1, XP_010486277.1, XP_010464350.1
OG0015602	As006G141070	XP_010464354.1, XP_010486282.1, XP_010451395.1
OG0015603	As006G141190	XP_010452569.1, XP_010486309.1, XP_010464371.1
OG0015604	As006G141240	XP_010486317.1, XP_019100506.1, XP_010464385.1
OG0015605	As006G141380	XP_010456375.1, XP_010486333.1, XP_010464400.1
OG0015606	As006G141410	XP_010486336.1, XP_010456598.1, XP_010464405.1
OG0015607	As006G141440	XP_010456734.1, XP_010486338.1, XP_010464409.1
OG0015608	As006G141520	XP_010486348.1, XP_010457416.1, XP_010464417.1
OG0015609	As006G141610	XP_010486358.1, XP_010458478.1, XP_010464427.1
OG0015610	As006G141620	XP_010458724.1, XP_010486360.1, XP_010464429.1
OG0015611	As006G141770	XP_010486381.1, XP_010460888.1, XP_010464448.1
OG0015612	As006G142250	XP_010464523.1, XP_010467441.1, XP_019096162.1
OG0015613	As006G142270	XP_019092910.1, XP_010467712.1, XP_010486452.1
OG0015614	As006G142640	XP_010517446.1, XP_010508886.1
OG0015615	As006G142660	XP_010517444.1, XP_010505752.1, XP_010508887.1
OG0015616	As006G142870	XP_010505717.1, XP_010508914.1, XP_010517409.1
OG0015617	As006G143020	XP_010517376.1, XP_010505694.1, XP_010508941.1
OG0015618	As006G143080	XP_010508949.1, XP_010505689.1, XP_010517370.1
OG0015619	As006G143380	XP_010517318.1, XP_010505646.1, XP_010508994.1
OG0015620	As006G143400	XP_010517315.1, XP_010508996.1, XP_010505645.1
OG0015621	As006G143660	XP_010517256.1, XP_010507623.1, XP_010509063.1
OG0015622	As006G143910	XP_010505615.1, XP_010517289.1, XP_010509015.1
OG0015623	As006G143990	XP_010509072.1, XP_010505572.1, XP_010517244.1
OG0015624	As006G144080, As007G166830	XP_010509077.1, XP_010505567.1, XP_010517240.1
OG0015625	As006G144130	XP_010509085.2, XP_010509081.2, XP_010505563.1, XP_010517235.1
OG0015626	As006G144470	XP_010505118.1, XP_010509535.1, XP_010516798.1
OG0015627	As006G144860	XP_010516842.1, XP_010505162.1, XP_010509489.1
OG0015628	As006G144940	XP_019096141.1, XP_010465004.1
OG0015629	As006G144980	XP_010509482.1, XP_010516851.1, XP_010505173.1
OG0015630	As006G145160	XP_010507580.1, XP_010513022.1, XP_010516885.1
OG0015631	As006G145360	XP_010509433.1, XP_010507584.1
OG0015632	As006G145550	XP_010505246.1, XP_019100761.1, XP_010516932.1
OG0015633	As006G145580	XP_019099761.1, XP_010509406.1, XP_010412908.1
OG0015634	As006G145670	XP_010516956.1, XP_010505274.1, XP_010509391.1
OG0015635	As006G145680	XP_010509392.1, XP_010516955.1
OG0015636	As006G145750, As011G258620	XP_010514145.1, XP_010488643.1, XP_010466958.1
OG0015637	As006G145830	XP_010509368.1, XP_010516978.1, XP_010505295.1
OG0015638	As006G145880	XP_010516983.1, XP_010505300.1, XP_010509363.1
OG0015639	As006G145890	XP_010516984.1, XP_010509362.1, XP_010505301.1
OG0015640	As006G146020	XP_010509350.1, XP_010505314.1, XP_010517000.1
OG0015641	As006G146320, As006G146310	XP_010509325.1, XP_010517023.1, XP_010505342.1
OG0015642	As006G146660	XP_010517036.1, XP_010505357.1
OG0015643	As006G146680	XP_010509296.1, XP_010517038.1, XP_010505358.1
OG0015644	As006G147180	XP_010505509.1, XP_010517170.1, XP_010509156.1
OG0015645	As006G147330	XP_010517155.1, XP_010505491.1, XP_010509139.1
OG0015646	As006G147340	XP_010505485.1, XP_010509138.1, XP_010517152.1
OG0015647	As006G147490	XP_010517104.1, XP_010505431.1, XP_010509216.1
OG0015648	As006G147510	XP_010517101.1, XP_010509220.1, XP_010505428.1
OG0015649	As006G147890	XP_010517090.1, XP_010509230.1, XP_010505417.1
OG0015650	As006G148120	XP_019100832.1, XP_010430868.1, XP_019094583.1, XP_010495615.1
OG0015651	As006G148780	XP_019101297.1, XP_010505098.1, XP_010516783.1
OG0015652	As007G152230	XP_010497304.1, XP_010476658.1, XP_010459105.1
OG0015653	As007G152250	XP_010459109.1, XP_010476662.1, XP_010497346.1
OG0015654	As007G152570	XP_010476707.1, XP_010497649.1, XP_010459146.1
OG0015655	As007G152780, As012G282080	XP_010459164.1, XP_010476731.1
OG0015656	As007G152920	XP_010476756.1, XP_010497853.1, XP_010459185.1
OG0015657	As007G153100	XP_010497984.1, XP_010459205.1, XP_010476778.1
OG0015658	As007G153410	XP_010459254.1, XP_010498035.1, XP_010476831.1
OG0015659	As007G153490	XP_010498049.1, XP_010459270.1, XP_010476841.1
OG0015660	As007G153690	XP_019099048.1, XP_010459298.1
OG0015661	As007G153830	XP_019097084.1, XP_019091347.1, XP_019095105.1
OG0015662	As007G153840	XP_010459344.1, XP_010476903.1, XP_010498102.1
OG0015663	As007G153860	XP_010498099.1, XP_010459342.1, XP_010476898.1
OG0015664	As007G153890	XP_010476892.1, XP_010459336.1, XP_010498095.1
OG0015665	As007G153930	XP_010476886.1, XP_010459324.1, XP_010498084.1
OG0015666	As007G154000	XP_010476915.1, XP_010498126.1
OG0015667	As007G154170	XP_010498147.1, XP_010476936.1, XP_010459380.1
OG0015668	As007G154530	XP_010459439.2, XP_010477001.2, XP_010498214.1
OG0015669	As007G154610	XP_010459432.1, XP_010498197.1, XP_010476991.1
OG0015670	As007G154630	XP_010476985.1, XP_010498195.1, XP_010459422.1
OG0015671	As007G154710	XP_010476967.1, XP_010459413.2, XP_010498181.1
OG0015672	As007G154720	XP_010416190.1, XP_010471439.1
OG0015673	As007G155130	XP_010477064.1, XP_010459504.1, XP_010498277.1
OG0015674	As007G155240	XP_010459525.1, XP_010477079.1, XP_010498287.1
OG0015675	As007G155280	XP_010459532.1, XP_010498292.1, XP_010477087.1
OG0015676	As007G155380	XP_010498301.1, XP_010477097.1, XP_010459549.1
OG0015677	As007G155470	XP_010462782.1, XP_010498315.1, XP_010477109.1
OG0015678	As007G155510	XP_010498323.1, XP_010459569.1, XP_010477119.1
OG0015679	As007G155670	XP_010498345.1, XP_010459594.1, XP_010477138.1
OG0015680	As007G155710	XP_010477143.1, XP_010498348.1, XP_010459600.1
OG0015681	As007G155740	XP_010477149.1, XP_010498355.1, XP_010459606.1
OG0015682	As007G155770	XP_010498361.1, XP_010477162.1, XP_019094419.1, XP_010459613.1
OG0015683	As007G156290	XP_010459694.1, XP_010501533.1, XP_010477243.1
OG0015684	As007G156650	XP_010477295.1, XP_010459736.1, XP_010498486.1
OG0015685	As007G156680	XP_010477300.1, XP_010459741.1, XP_010459742.1
OG0015686	As007G156750	XP_010498498.1, XP_010477315.1
OG0015687	As007G156910	XP_010459778.1, XP_010477342.1, XP_010498528.1
OG0015688	As007G157080	XP_010459799.1, XP_010477363.1, XP_010498558.1
OG0015689	As007G157560	XP_010498608.1, XP_010462822.1, XP_010496335.1
OG0015690	As007G157630	XP_010459878.1, XP_010496320.1, XP_010498617.1
OG0015691	As007G157640	XP_010496319.1, XP_010498618.1
OG0015692	As007G157750	XP_010480584.1
OG0015693	As007G157800	XP_010477426.1, XP_010498635.1, XP_010459899.1
OG0015694	As007G157820	XP_010459900.1, XP_010477427.1, XP_010498636.1
OG0015695	As007G157860, As007G157970, As007G157870	XP_010457618.2, XP_019094902.1, XP_010484909.1
OG0015696	As007G158140	XP_010477470.1, XP_019097153.1
OG0015697	As007G158190	XP_019091948.1, XP_010498682.1, XP_010477479.1
OG0015698	As007G158520	XP_010460003.1, XP_010477507.1, XP_010498716.1
OG0015699	As007G158620	XP_010477520.1, XP_010460017.1, XP_019099143.1
OG0015700	As007G158710	XP_010498749.1, XP_010477528.1, XP_010460028.1
OG0015701	As007G158910	XP_010460047.1, XP_010477552.1, XP_010498766.1
OG0015702	As007G159100	XP_010498783.1, XP_010477571.1, XP_010460064.1
OG0015703	As007G159110	XP_010477573.1, XP_019091204.1
OG0015704	As007G159170	XP_010498792.1, XP_010460076.1, XP_010477582.1
OG0015705	As007G159230	XP_010460086.1, XP_010477594.1, XP_010498812.1
OG0015706	As007G159320	XP_010460100.1, XP_010477607.1, XP_010498823.1
OG0015707	As007G159540	XP_010498847.1, XP_010460125.1, XP_010477634.1
OG0015708	As007G159780	XP_010477687.1, XP_010498894.2, XP_010460161.1
OG0015709	As007G159870	XP_010477723.1, XP_010460174.1, XP_010498923.1
OG0015710	As007G159950	XP_010477737.1, XP_010460186.1, XP_010498934.1
OG0015711	As007G160240	XP_010487044.1, XP_010457867.1, XP_010475456.1
OG0015712	As007G160550	XP_010477820.1, XP_010460268.1, XP_010499000.1
OG0015713	As007G160620	XP_010477835.1, XP_010499015.1, XP_010460285.1
OG0015714	As007G160780	XP_010477851.1, XP_010460306.1, XP_010499038.1
OG0015715	As007G160910	XP_010415532.1, XP_010511932.1, XP_010470881.1
OG0015716	As007G160970	XP_010499070.1, XP_010460334.1, XP_010460333.1, XP_010477878.1
OG0015717	As007G161110	XP_010511896.1, XP_010470853.1, XP_010415520.1
OG0015718	As007G161130	XP_010460363.1, XP_010477914.1
OG0015719	As007G161230	XP_010477898.1, XP_010460345.1, XP_010499101.1
OG0015720	As007G161330	XP_010499113.1, XP_010460384.1, XP_010477930.1
OG0015721	As007G161680	XP_010499147.1, XP_010462911.1, XP_019094453.1
OG0015722	As007G161870	XP_010478018.1, XP_010499173.1, XP_010460456.1
OG0015723	As007G161920	XP_019097249.1, XP_019091453.1, XP_010478021.2
OG0015724	As007G162300	XP_010477230.1, XP_010459683.1, XP_010498434.1
OG0015725	As007G162310	XP_010461466.1, XP_010479068.1, XP_010500173.1
OG0015726	As007G162360	XP_010500170.1, XP_010479067.1, XP_010461465.1
OG0015727	As007G162640	XP_019094186.1, XP_010460505.1
OG0015728	As007G162690	XP_010448594.1, XP_010439070.1, XP_010433801.1
OG0015729	As007G162750	XP_010448584.1, XP_010433793.1, XP_010439063.1
OG0015730	As007G162830	XP_019087352.1, XP_010433779.1, XP_010448571.1
OG0015731	As007G162960	XP_010439026.1, XP_019089668.1, XP_010433763.1
OG0015732	As007G163010	XP_010448552.1, XP_010439019.1, XP_010433755.1
OG0015733	As007G163090	XP_010439005.1, XP_010433746.1, XP_019089720.1
OG0015734	As007G163190	XP_010429545.1, XP_010417320.1
OG0015735	As007G163330	XP_010448531.1, XP_010438983.1, XP_010433737.1
OG0015736	As007G163490	XP_010433728.1, XP_010438973.1, XP_010448522.1
OG0015737	As007G163560	XP_010433723.1, XP_010438965.1, XP_010448515.1
OG0015738	As007G163570	XP_010438964.1, XP_010433720.1, XP_019089610.1
OG0015739	As007G163740	XP_010448501.1, XP_010438955.1, XP_010433709.1
OG0015740	As007G164320	XP_010448485.1, XP_010433693.1, XP_010438932.1
OG0015741	As007G164380	XP_010438926.1, XP_019089437.1
OG0015742	As007G164660	XP_010448453.1, XP_010438902.1, XP_010433662.1
OG0015743	As007G164780	XP_010448443.1, XP_019086223.1, XP_010438889.1
OG0015744	As007G165360	XP_010448415.1, XP_010438867.1, XP_010433619.1
OG0015745	As007G165640	XP_010433633.1, XP_010438880.1
OG0015746	As007G165700	XP_010433636.1, XP_019087347.1, XP_010448433.1
OG0015747	As007G165750	XP_010442698.1, XP_010444043.1
OG0015748	As007G165970	XP_010488892.1, XP_010501379.1, XP_010458083.1
OG0015749	As007G166010	XP_010433306.1, XP_010448080.1, XP_010438550.1
OG0015750	As007G166990	XP_010438565.1, XP_010448090.1, XP_010433326.1
OG0015751	As009G207500, As007G167110	XP_010429522.1, XP_010472527.1, XP_010417292.1
OG0015752	As007G177490	XP_010429474.1, XP_010417238.1, XP_010472498.1
OG0015753	As007G177560	XP_010429481.1, XP_010472502.1, XP_010417247.1
OG0015754	As007G177840	XP_010417214.1, XP_010472467.1, XP_010429441.1
OG0015755	As007G179090	XP_010429341.1, XP_010417128.1, XP_019093082.1
OG0015756	As007G179260	XP_010472359.1, XP_019083732.1, XP_019085798.1
OG0015757	As007G179480	XP_010472342.1, XP_010417098.1, XP_010429295.1
OG0015758	As007G179550	XP_010472335.1, XP_019082704.1, XP_010429288.1
OG0015759	As007G179600	XP_010472333.1, XP_010429281.1, XP_010417085.1
OG0015760	As007G179710	XP_010433309.1, XP_010438548.1, XP_010448076.1
OG0015761	As007G179750	XP_010472309.1, XP_010417066.1, XP_010429255.1
OG0015762	As007G179890	XP_010472281.1, XP_010419272.1, XP_010429218.1
OG0015763	As007G180140	XP_010417016.1, XP_010429179.1, XP_010472245.1
OG0015764	As007G180180	XP_010515963.1, XP_010504240.1
OG0015765	As007G180270	XP_010417003.1, XP_010472233.1, XP_010429166.1
OG0015766	As007G180540	XP_010416961.1, XP_019085079.1, XP_010474410.1, XP_010474411.1, XP_019098788.1
OG0015767	As007G180600	XP_010429115.1, XP_010472192.1, XP_010416952.1
OG0015768	As007G180610	XP_010472193.1, XP_010416953.1, XP_010429116.1
OG0015769	As007G180730	XP_010429091.1, XP_010416926.1, XP_010472165.1
OG0015770	As007G180790	XP_010472161.1, XP_010416921.1, XP_010429085.1
OG0015771	As007G180900	XP_010472148.1, XP_010429070.1, XP_010416904.1
OG0015772	As007G181930	XP_010472092.1, XP_010429008.1, XP_010416855.1
OG0015773	As007G182020	XP_010428997.1, XP_010472080.1, XP_010416844.1
OG0015774	As007G182100	XP_010416842.1, XP_010428994.1
OG0015775	As007G182210	XP_010416834.1, XP_019093370.1, XP_010472073.1
OG0015776	As008G182870	XP_010496186.1, XP_010458951.1, XP_010476506.1
OG0015777	As008G183020	XP_010476495.1, XP_010496046.1, XP_010458936.1
OG0015778	As008G183100	XP_010476480.1, XP_010495921.1, XP_010458924.1
OG0015779	As008G183110	XP_010495910.1, XP_010476479.1, XP_010458923.1
OG0015780	As008G183130	XP_010495872.2, XP_010458915.1, XP_010476477.1
OG0015781	As008G183190	XP_010458909.1, XP_010495829.1, XP_010476463.1
OG0015782	As008G183380	XP_010458873.1, XP_010476435.1, XP_010495714.1
OG0015783	As008G183420	XP_010495699.1, XP_010458869.1, XP_010476431.1
OG0015784	As008G183540	XP_010495613.1, XP_010458848.1, XP_010476412.1
OG0015785	As008G183670	XP_010458853.1, XP_010495643.1, XP_010476417.1
OG0015786	As008G183710	XP_019091402.1, XP_010495511.1, XP_010476384.1
OG0015787	As008G183870	XP_010476357.1, XP_010495386.1, XP_010458805.1
OG0015788	As008G183920	XP_019098475.1, XP_019098976.1, XP_010458773.1
OG0015789	As008G184080	XP_010458792.1, XP_010495299.1, XP_010476338.1
OG0015790	As008G184170	XP_010476308.1, XP_010495042.1, XP_010458762.1
OG0015791	As008G184360	XP_010458738.1, XP_010494820.1, XP_010476281.1
OG0015792	As008G184620	XP_010458694.1, XP_010476236.1, XP_010494456.1
OG0015793	As008G184670	XP_010494342.1, XP_010458683.1
OG0015794	As008G184740	XP_010476220.1, XP_010458675.1, XP_010494221.1
OG0015795	As008G184780	XP_010494172.1, XP_010458671.1, XP_010476214.1
OG0015796	As008G184870	XP_010476208.1, XP_010458666.1, XP_010494107.1
OG0015797	As008G185070	XP_010458651.1, XP_010476188.1, XP_010493933.1
OG0015798	As008G185080	XP_010476189.1, XP_010458653.1, XP_010493918.1
OG0015799	As008G185280	XP_010458628.1, XP_010493655.1, XP_010476162.1
OG0015800	As008G185610	XP_019091887.1, XP_019096941.1, XP_010476112.1
OG0015801	As008G185760	XP_010476099.1, XP_010493114.1, XP_010458573.1
OG0015802	As008G185930	XP_010458555.1, XP_010476083.1, XP_010492968.1
OG0015803	As008G185940	XP_010418148.1, XP_010473395.1, XP_010430195.1
OG0015804	As008G186070	XP_010476058.1, XP_010492717.1, XP_010458533.1
OG0015805	As008G186280	XP_010492515.1, XP_010476027.1, XP_010458507.1
OG0015806	As008G186670	XP_019095231.1
OG0015807	As008G186730	XP_010491963.1, XP_010475961.1, XP_010458447.1
OG0015808	As008G186750	XP_010475967.1, XP_010458442.1, XP_010491900.1
OG0015809	As008G186860	XP_010475949.1, XP_010462629.1, XP_010491780.1
OG0015810	As008G187050	XP_010475924.1, XP_010458404.1, XP_010491392.1
OG0015811	As008G187080	XP_010475920.1, XP_010491372.1, XP_010458402.1
OG0015812	As008G187210	XP_010475900.1, XP_010491046.1
OG0015813	As008G187360	XP_019098922.1, XP_019090828.1
OG0015814	As008G187500	XP_010490361.1, XP_010458285.1, XP_010475831.1
OG0015815	As008G187520	XP_010475834.1, XP_010458289.1, XP_010490372.1
OG0015816	As008G187570	XP_010475838.1, XP_010458294.1, XP_010501397.1
OG0015817	As008G187620	XP_010490447.1, XP_019091580.1
OG0015818	As008G187790	XP_010458330.1, XP_010490632.1
OG0015819	As008G188100	XP_010490244.1, XP_010501396.1, XP_019094647.1
OG0015820	As008G188330	XP_010475780.1, XP_019090973.1
OG0015821	As008G188340	XP_010475775.1, XP_010489978.1, XP_010458229.1
OG0015822	As008G188490	XP_019091603.1, XP_010475759.1, XP_019091592.1
OG0015823	As008G188620	XP_010458207.1, XP_010475754.1, XP_010489879.1
OG0015824	As008G188700	XP_010458205.1, XP_010489862.1, XP_010475752.1
OG0015825	As008G188800	XP_010475741.1, XP_010458188.1, XP_010489746.1
OG0015826	As008G189010	XP_010475725.1, XP_010458171.1, XP_010489638.1, XP_010497678.1
OG0015827	As008G189510	XP_010458140.1, XP_010489355.1, XP_010475691.1
OG0015828	As008G189900	XP_019098899.1, XP_010458102.1, XP_010475663.1
OG0015829	As008G189950	XP_010475677.1, XP_010475675.1, XP_010489242.1, XP_010458113.1
OG0015830	As008G190890	XP_010475604.1, XP_010488401.1, XP_010458042.1
OG0015831	As008G191890	XP_010457974.1, XP_019095338.1, XP_019098888.1
OG0015832	As008G192030	XP_010487924.1, XP_010457977.1, XP_010475543.1
OG0015833	As008G192290	XP_010502755.1, XP_010425523.1, XP_010412409.1
OG0015834	As008G192560	XP_010475513.1, XP_010457934.1, XP_010487566.1
OG0015835	As008G192900	XP_010457901.1, XP_010487328.1, XP_010475486.1
OG0015836	As008G193090	XP_010475458.1, XP_010462587.1, XP_010487080.1
OG0015837	As008G193170	XP_010475451.1, XP_010486978.1, XP_010457860.1
OG0015838	As008G193190	XP_010501349.1, XP_010475447.1
OG0015839	As008G193290	XP_010475385.1, XP_010486279.1, XP_010457784.1
OG0015840	As008G193310	XP_010457834.1, XP_019095300.1, XP_010486760.1
OG0015841	As008G193320	XP_010486730.1, XP_010457829.1, XP_010486685.1
OG0015842	As008G193420	XP_010486537.1, XP_010457817.1, XP_010475414.1
OG0015843	As008G193480	XP_010486473.1, XP_010475410.1, XP_010457810.1
OG0015844	As008G193580	XP_010486249.1, XP_010475383.1
OG0015845	As008G193590	XP_010457780.1, XP_010486194.1, XP_010475380.1
OG0015846	As008G193610	XP_010457777.1, XP_019095134.1, XP_010486206.1, XP_010486221.1
OG0015847	As008G193670	XP_010457773.1, XP_010486123.1
OG0015848	As008G194250	XP_010475317.1, XP_010485533.1
OG0015849	As008G194350	XP_010475302.1, XP_010485377.1, XP_010457688.1
OG0015850	As008G194360	XP_010493662.1, XP_010442267.1, XP_010482093.1
OG0015851	As008G194370	XP_010475303.1, XP_010485389.1, XP_010457689.1
OG0015852	As008G194390	XP_010485342.1, XP_019094317.1, XP_010457682.1
OG0015853	As008G194860	XP_010457634.1, XP_010475239.1, XP_010484984.1
OG0015854	As008G194910	XP_010457625.1, XP_010475230.1
OG0015855	As008G195260	XP_019084296.1, XP_010469457.1, XP_019090120.1
OG0015856	As008G195290	XP_010475182.1, XP_010484689.1, XP_010457586.1
OG0015857	As008G195430	XP_019098832.1, XP_010457579.1, XP_010475178.1
OG0015858	As008G195480	XP_010484523.1, XP_010475174.1, XP_010457569.1
OG0015859	As008G195540	XP_010457566.1, XP_010475169.1, XP_010484482.1
OG0015860	As008G195550	XP_010475168.1, XP_010457565.1, XP_019098830.1
OG0015861	As008G195640	XP_010484377.1, XP_010457548.1, XP_010475157.1
OG0015862	As008G196010	XP_010457509.1, XP_019098819.1, XP_010475118.1
OG0015863	As008G196120	XP_010420911.1, XP_019090075.1, XP_010493169.1
OG0015864	As008G196580	XP_010457425.1, XP_010482960.1, XP_010475040.1
OG0015865	As008G196620	XP_010501308.1, XP_010457422.1, XP_010475034.1
OG0015866	As008G196630	XP_010482929.1, XP_010457421.1, XP_010475033.1
OG0015867	As008G196800	XP_010482247.1, XP_010474981.1, XP_010462550.1
OG0015868	As008G197000	XP_010475012.1, XP_010457399.1
OG0015869	As008G197110	XP_010481990.1, XP_010457350.1, XP_010474964.1
OG0015870	As008G197120	XP_010481975.1, XP_010474963.1, XP_010457348.1
OG0015871	As008G197130	XP_010457347.1, XP_010481966.1, XP_019094981.1
OG0015872	As008G197250	XP_010474944.1, XP_010481780.1, XP_010457330.1
OG0015873	As008G197400	XP_010481551.1, XP_010474932.1, XP_010457320.1
OG0015874	As008G197670	XP_010457272.1, XP_019096782.1, XP_010474858.1
OG0015875	As008G197810	XP_010474849.1, XP_010481191.1, XP_010457255.1
OG0015876	As008G197860	XP_010457247.1, XP_010481135.1
OG0015877	As008G197960	XP_010457213.1, XP_010474652.1, XP_010480923.1
OG0015878	As008G198050	XP_019090865.1, XP_010480996.1, XP_010474662.1
OG0015879	As008G198150	XP_010474646.1, XP_010480882.1, XP_010457205.1
OG0015880	As008G198170	XP_010457203.1, XP_010480869.1, XP_010474643.1
OG0015881	As008G198600	XP_010457143.1, XP_010501277.1, XP_010474719.1
OG0015882	As008G198940	XP_010457131.1, XP_019098134.1, XP_010474739.1
OG0015883	As008G199100	XP_010474793.1, XP_010479865.1
OG0015884	As008G199150	XP_010474802.1, XP_010479766.1, XP_010457080.1
OG0015885	As008G199250	XP_010457068.1, XP_010501273.1, XP_010474816.1
OG0015886	As008G199260	XP_010457066.1, XP_010479641.1, XP_010474817.1
OG0015887	As008G199280	XP_010474818.1, XP_019098056.1, XP_010457062.1
OG0015888	As008G199320	XP_010457057.1, XP_010474825.1, XP_010479595.1
OG0015889	As008G199360	XP_010479544.1, XP_010474827.1, XP_010457087.1
OG0015890	As008G199370	XP_010474829.1, XP_010479510.1, XP_010457050.1, XP_010497799.1
OG0015891	As008G199440	XP_010497224.1, XP_010501268.1
OG0015892	As008G199570	XP_010496680.1, XP_019098228.1, XP_010479343.1
OG0015893	As008G199660	XP_010496696.1, XP_010496478.1, XP_010479278.1
OG0015894	As009G199730	XP_010420001.1, XP_010492171.1
OG0015895	As009G199900	XP_010453580.1, XP_010492263.1, XP_010420095.1
OG0015896	As009G200020	XP_010492243.1, XP_010453559.1, XP_010420075.1
OG0015897	As009G200180	XP_010453540.1, XP_010420050.2, XP_010492222.1
OG0015898	As009G200260	XP_010492214.1, XP_010453529.1, XP_010420037.1
OG0015899	As009G200320	XP_010424088.1, XP_010453519.1, XP_010492205.1
OG0015900	As009G200400	XP_010492278.1, XP_010453595.1, XP_010420113.1
OG0015901	As009G200500	XP_019090463.1, XP_010420125.1, XP_010492287.1
OG0015902	As009G200540	XP_019090466.1, XP_010492298.1, XP_010420128.1
OG0015903	As009G201040	XP_010492392.1, XP_010420215.1, XP_010453687.1
OG0015904	As009G201100	XP_010420203.1, XP_010453681.1, XP_010492383.1
OG0015905	As009G201220	XP_010453669.1, XP_010492366.1, XP_010420189.1
OG0015906	As009G201290	XP_010453662.1, XP_010492360.1, XP_010420187.1
OG0015907	As009G201430	XP_010420172.1, XP_010492342.1
OG0015908	As009G201700	XP_010492443.1, XP_010453740.1, XP_010420267.1
OG0015909	As009G202160, As009G201880	XP_010453784.1, XP_010492510.1, XP_019083831.1
OG0015910	As009G201980	XP_010485565.1, XP_010463666.1, XP_010498530.1
OG0015911	As009G202030	XP_010420294.1, XP_010453767.1, XP_010492494.1
OG0015912	As009G202470	XP_010453815.1, XP_010420346.1, XP_010492563.1
OG0015913	As009G202580	XP_010420362.1, XP_010492575.1, XP_010453826.1
OG0015914	As009G202770	XP_010453853.1, XP_010456554.1, XP_019083841.1
OG0015915	As009G202830	XP_010420394.1, XP_010453864.1, XP_010492620.1
OG0015916	As009G202870	XP_010420400.1, XP_010492626.1, XP_010453869.1
OG0015917	As009G203130	XP_010492669.1, XP_010420433.1, XP_019090731.1
OG0015918	As009G203320	XP_019083849.1, XP_010492688.1, XP_010453925.1
OG0015919	As009G203360	XP_010453928.1, XP_010492687.1, XP_019083851.1
OG0015920	As009G203410	XP_010453942.1, XP_010420470.1
OG0015921	As009G203510	XP_019083853.1, XP_010492715.1
OG0015922	As009G203590	XP_010453965.1, XP_010420494.1, XP_010492723.1
OG0015923	As009G203610	XP_010453967.1, XP_010420497.1, XP_010492727.1
OG0015924	As009G203920	XP_010438438.1, XP_010492771.1, XP_019090227.1
OG0015925	As009G203950	XP_010420533.1, XP_010454018.1, XP_010492789.1
OG0015926	As009G204100	XP_010420564.1, XP_010454045.1, XP_010492824.1
OG0015927	As009G204110	XP_010420566.1, XP_010454046.1
OG0015928	As009G204200	XP_019097947.1, XP_010420588.1, XP_010454075.1
OG0015929	As009G204250	XP_010492842.1, XP_010454079.1, XP_010420593.1
OG0015930	As009G204270	XP_010475664.1, XP_019095090.1, XP_010458104.1
OG0015931	As009G204530	XP_010454119.1, XP_010420646.1, XP_010492887.1
OG0015932	As009G204590	XP_010420651.1, XP_010492912.1
OG0015933	As009G204610	XP_010492913.1, XP_010420652.1, XP_010454125.1
OG0015934	As009G204660	XP_010420662.1, XP_010454137.1, XP_010492922.1
OG0015935	As009G205030	XP_010492966.1, XP_010420709.1
OG0015936	As009G205210	XP_010493890.1, XP_010421497.1, XP_010454977.1
OG0015937	As009G205590	XP_010455023.1, XP_010421529.1
OG0015938	As009G205670, As009G205660	XP_010493960.1, XP_010493458.1, XP_010495399.1, XP_010493961.1, XP_010424370.1, XP_010421537.1, XP_010493934.1
OG0015939	As009G205680	XP_010493935.1, XP_010455041.1, XP_010421538.1
OG0015940	As009G206060	XP_010455093.1, XP_019083973.1, XP_010493982.1
OG0015941	As009G206200	XP_010455111.1, XP_010421597.1, XP_010493999.1
OG0015942	As009G206530	XP_010455128.1, XP_010421636.1, XP_010494015.1
OG0015943	As009G206540	XP_010494016.1, XP_010421635.1, XP_010455129.1
OG0015944	As009G206970	XP_010455166.1, XP_010494078.1, XP_010421676.1
OG0015945	As009G207240	XP_010482238.1, XP_010440794.1
OG0015946	As009G207330	XP_010426378.1, XP_010503521.1, XP_010515205.1
OG0015947	As009G207340	XP_010482232.1, XP_010440773.1
OG0015948	As009G207550	XP_010438772.1, XP_010433521.1, XP_010448291.1
OG0015949	As009G207910	XP_010445973.1, XP_010442370.1, XP_010482190.1, XP_010440234.1
OG0015950	As009G208690	XP_010439601.1, XP_019088804.1, XP_010484945.1
OG0015951	As009G208910	XP_010493668.1, XP_010442268.1
OG0015952	As009G209100	XP_010442250.1, XP_010482077.1, XP_010493644.1
OG0015953	As009G209240	XP_010442262.1, XP_010482091.1, XP_019097425.1
OG0015954	As009G210020	XP_010420391.1, XP_010453862.1
OG0015955	As009G210720	XP_010491269.1, XP_010423287.1, XP_010452629.1
OG0015956	As009G210770	XP_010424745.1, XP_010452636.2, XP_010491275.1
OG0015957	As009G211440	XP_010453486.1, XP_010492165.1, XP_010419993.1
OG0015958	As009G211450	XP_010453487.1, XP_010419994.1, XP_010492164.1
OG0015959	As009G211510	XP_010452620.1, XP_010491261.1, XP_010423298.1
OG0015960	As009G211930	XP_010491225.1, XP_010423323.1
OG0015961	As009G212040	XP_010482043.1, XP_010442211.1, XP_010439137.1
OG0015962	As009G212050	XP_010461445.1, XP_010500152.1, XP_010479053.1
OG0015963	As009G212070	XP_019090387.1, XP_019095430.1, XP_010442219.1
OG0015964	As009G212300	XP_010491192.1, XP_010452558.1, XP_010423352.1
OG0015965	As009G212430	XP_010491179.1, XP_010423364.1, XP_010452548.1, XP_010452545.1
OG0015966	As009G212600	XP_010491159.1, XP_010423385.1, XP_010452529.1
OG0015967	As009G212640	XP_010423389.1, XP_010452522.1, XP_010491155.1
OG0015968	As009G212750	XP_010452505.1, XP_019084385.1, XP_010491144.1
OG0015969	As009G212770	XP_010491138.1, XP_010423405.1, XP_010452503.1
OG0015970	As009G212790	XP_010423406.1, XP_010452501.1, XP_010491136.1
OG0015971	As009G212970	XP_010423421.1, XP_010491126.1, XP_010452489.1
OG0015972	As009G212990	XP_010423428.1, XP_010452485.1, XP_010491116.1
OG0015973	As009G213030	XP_010423433.1, XP_010491109.1, XP_010452480.1
OG0015974	As009G213060	XP_010452478.1, XP_010491098.1, XP_010423437.1
OG0015975	As009G213080	XP_010491101.1, XP_010423444.1, XP_010452476.1
OG0015976	As009G213340	XP_010423474.1, XP_010452443.1, XP_010491072.1
OG0015977	As009G213850	XP_010465456.1, XP_010502527.1, XP_010487329.1
OG0015978	As009G213870	XP_010423488.1, XP_010491055.1, XP_010452426.1
OG0015979	As009G213940	XP_010491047.1, XP_010423497.1, XP_010452417.1
OG0015980	As009G213990	XP_010452414.1, XP_010423500.1, XP_010491040.1
OG0015981	As009G214090	XP_010491018.1, XP_010424776.1, XP_010456399.1
OG0015982	As009G214280	XP_010476842.1, XP_010498050.1, XP_010459271.1
OG0015983	As009G214450	XP_010490976.1, XP_010452361.1, XP_010423558.1
OG0015984	As009G214540	XP_010452350.1, XP_010490964.1
OG0015985	As009G214630	XP_010490952.1, XP_010452338.1, XP_010423580.1
OG0015986	As009G214840	XP_010454954.1, XP_010421476.1, XP_010493863.1
OG0015987	As009G214850	XP_010454949.1, XP_010493861.1, XP_010421467.1
OG0015988	As009G214870	XP_010493859.1, XP_010454947.1, XP_010421458.1
OG0015989	As009G214940	XP_010421449.1, XP_010454933.1
OG0015990	As009G215370	XP_010454854.1, XP_010493784.1, XP_010421384.1
OG0015991	As009G215470	XP_010454841.1, XP_010493769.1, XP_010421368.1
OG0015992	As009G215700	XP_010493740.1, XP_010454820.1, XP_010421343.1
OG0015993	As009G215750	XP_010421335.1, XP_010493735.1, XP_010454816.1
OG0015994	As009G215780	XP_010456682.1, XP_010474223.1, XP_010421324.1
OG0015995	As009G215840	XP_010454800.1, XP_010421318.1, XP_010493721.1
OG0015996	As009G216100	XP_010493579.1, XP_010421260.1, XP_010454738.1
OG0015997	As009G216150	XP_019083927.1, XP_010493586.1, XP_019090516.1
OG0015998	As009G216270	XP_010421275.1, XP_010493612.1, XP_010454768.1
OG0015999	As009G216280	XP_010454767.1, XP_010424276.1, XP_010493611.1
OG0016000	As009G216480	XP_010421225.1, XP_010495422.1
OG0016001	As009G216530	XP_010493544.1, XP_019084240.1, XP_010454700.1
OG0016002	As009G216780	XP_010421193.1, XP_010493506.1, XP_010454671.1
OG0016003	As009G216800	XP_010456660.1, XP_019083914.1
OG0016004	As009G216870	XP_010493496.1, XP_010421182.1, XP_019090219.1
OG0016005	As009G216950	XP_019092803.1, XP_010514529.1, XP_010488686.1
OG0016006	As009G217060	XP_010421155.1, XP_010454638.1, XP_010493472.1
OG0016007	As009G217100	XP_010493465.1, XP_010454622.1, XP_010421144.1
OG0016008	As009G217370	XP_010454592.1
OG0016009	As009G217420	XP_010456652.2
OG0016010	As009G217630	XP_010443910.1, XP_010483752.1, XP_010456865.1
OG0016011	As009G217650	XP_010456871.1, XP_010443911.1, XP_010483754.1
OG0016012	As009G217660	XP_010514354.1, XP_010425413.1, XP_010497111.1
OG0016013	As009G217790	XP_010443930.1, XP_010456995.1, XP_010483778.1
OG0016014	As009G217970	XP_010483802.1, XP_010443956.1, XP_010457260.1
OG0016015	As009G217990	XP_010457288.1, XP_010443958.1, XP_010483805.1
OG0016016	As009G218190	XP_010443983.1, XP_010483840.1, XP_010457508.1
OG0016017	As009G218260	XP_010457616.1, XP_010443991.1
OG0016018	As009G218550	XP_010458072.1, XP_010444039.1, XP_019095842.1
OG0016019	As009G218590	XP_010444078.1, XP_010483943.1, XP_010458214.1
OG0016020	As009G218690	XP_010458417.1, XP_010444059.1, XP_010483917.1
OG0016021	As009G218790	XP_010458538.1, XP_010483900.1, XP_010444042.1
OG0016022	As009G218810	XP_010458549.1, XP_010444041.1, XP_010483899.1
OG0016023	As009G219030	XP_019088366.1, XP_010483971.1, XP_010459041.1
OG0016024	As009G219080	XP_010444115.1, XP_010483977.1, XP_010459179.1
OG0016025	As009G219170	XP_010444127.1, XP_010483987.1, XP_010459278.1
OG0016026	As009G219320	XP_010444154.1, XP_010484003.1
OG0016027	As009G219400	XP_010484014.1, XP_010459552.1, XP_010444180.1
OG0016028	As009G219460	XP_010484029.1, XP_010459797.1, XP_019088404.1
OG0016029	As009G219590	XP_010483481.1, XP_010454232.1, XP_010443626.1
OG0016030	As009G219740	XP_010443602.1
OG0016031	As009G219820	XP_010443591.1, XP_010483452.1, XP_010453831.1
OG0016032	As009G219830	XP_010453842.1, XP_010483453.1, XP_010443593.1
OG0016033	As009G219890	XP_010483445.1, XP_010443585.1, XP_010453760.1
OG0016034	As009G219930	XP_019088441.1, XP_010453709.1
OG0016035	As009G220140	XP_010453349.1, XP_010443540.1, XP_010483394.1
OG0016036	As009G220160	XP_010443537.1, XP_010453332.2, XP_010483388.1
OG0016037	As010G220340	XP_010515538.1, XP_010503827.1, XP_010431241.1
OG0016038	As010G220380	XP_010503811.1, XP_010426671.1, XP_010515523.1
OG0016039	As010G220500	XP_010426647.1, XP_010515487.1, XP_010503783.1
OG0016040	As010G220750	XP_010426619.1, XP_010515448.1
OG0016041	As010G221020	XP_010426590.1, XP_010503716.1, XP_010515406.1
OG0016042	As010G221060	XP_010426585.1, XP_010503713.1, XP_010515402.1
OG0016043	As010G221100	XP_010515398.1, XP_010503707.1, XP_010426581.1
OG0016044	As010G221210	XP_010515387.1, XP_010426568.1, XP_010503694.1
OG0016045	As010G221260	XP_010503678.1, XP_010515377.1
OG0016046	As010G221320	XP_010503667.1, XP_010426529.1, XP_010515364.1
OG0016047	As010G221540	XP_010426496.1, XP_019102305.1, XP_010503638.1
OG0016048	As010G221630	XP_010515322.1, XP_010503625.1, XP_010426485.1
OG0016049	As010G221670	XP_010503619.1, XP_010426480.1, XP_010515310.1
OG0016050	As010G221780	XP_010421276.1, XP_010454769.1, XP_010493613.1
OG0016051	As010G221910	XP_010503595.1, XP_010426441.1
OG0016052	As010G222190	XP_010507332.1, XP_010515252.1, XP_019085747.1
OG0016053	As010G222250	XP_010503546.1, XP_010426401.1, XP_010515235.1
OG0016054	As010G222270	XP_010515234.1, XP_010426402.1, XP_010503544.1
OG0016055	As010G222470	XP_010478363.1, XP_010460765.1, XP_010499506.1
OG0016056	As010G222730	XP_010515161.1, XP_010426336.1, XP_010503473.1
OG0016057	As010G222750	XP_010515158.1, XP_010426331.1, XP_010503468.1
OG0016058	As010G222790	XP_010426327.1, XP_010515155.1, XP_010503465.1
OG0016059	As010G222850	XP_010515147.1, XP_010426320.1
OG0016060	As010G222890	XP_010426312.1, XP_010515139.1, XP_010503454.1
OG0016061	As010G222950	XP_010503444.1, XP_010426288.1, XP_010515133.1
OG0016062	As010G222960	XP_010459656.1, XP_010459572.1, XP_010444178.1
OG0016063	As010G223020	XP_010426285.1, XP_010515127.1, XP_010503438.1
OG0016064	As010G223060	XP_010426281.1, XP_010515124.1, XP_010503436.1
OG0016065	As010G223150	XP_010515112.1, XP_010503423.1
OG0016066	As010G223270	XP_010515105.1, XP_010426264.1, XP_010503409.1
OG0016067	As010G223330	XP_010426247.1, XP_010515100.1, XP_010503395.1
OG0016068	As010G223380	XP_010503389.1, XP_010426233.1
OG0016069	As010G223460	XP_010515077.1, XP_010426217.1, XP_010503377.1
OG0016070	As010G223500	XP_010515068.1, XP_010426208.1, XP_010503367.1
OG0016071	As010G223510	XP_010503365.1, XP_010515067.1, XP_010426207.1
OG0016072	As010G223600	XP_010503350.1, XP_010426192.1, XP_010515055.1
OG0016073	As010G223640	XP_010515051.1, XP_010426186.1
OG0016074	As010G223650	XP_010515050.1, XP_010507281.1, XP_010426185.1
OG0016075	As010G223660	XP_010503343.1, XP_010426184.1, XP_010515049.1
OG0016076	As010G223690	XP_010503340.1, XP_010426182.1
OG0016077	As010G224090	XP_010426151.1, XP_010503313.1, XP_010515020.1
OG0016078	As010G224180	XP_010426137.1, XP_010507261.1, XP_010515009.1
OG0016079	As010G224280	XP_019099669.1, XP_010515001.1, XP_019084783.1
OG0016080	As010G224480	XP_010514981.1, XP_010503267.1, XP_010426094.1
OG0016081	As010G224980	XP_010514896.1, XP_010496797.1
OG0016082	As010G225260	XP_010425966.1, XP_010514879.1
OG0016083	As010G225320	XP_010425954.1, XP_010514868.1
OG0016084	As010G226200	XP_010503096.1, XP_010425859.1
OG0016085	As010G226850	XP_010503039.1, XP_010425818.1, XP_010514722.1
OG0016086	As010G226900	XP_010412484.1, XP_010503037.1, XP_019085465.1
OG0016087	As010G227020	XP_019085463.1, XP_010503028.1, XP_010514712.1
OG0016088	As010G227060	XP_019102154.1, XP_019100015.1
OG0016089	As010G227080	XP_010514237.1, XP_010502502.1, XP_010425271.1
OG0016090	As010G227190	XP_010503021.1, XP_010425801.1
OG0016091	As010G227480	XP_010474673.1, XP_010457245.1
OG0016092	As010G228590	XP_010470761.1, XP_019093311.1, XP_010415432.1, XP_010511804.1
OG0016093	As010G229120	XP_010511681.1, XP_010470655.1, XP_010415323.1
OG0016094	As010G229300	XP_010415410.1, XP_010470746.1, XP_019100946.1
OG0016095	As010G229620	XP_010511809.1, XP_010415440.1, XP_010470764.1
OG0016096	As010G229760	XP_010415393.1, XP_010511761.1, XP_010470729.1
OG0016097	As010G231290	XP_010470818.1, XP_010511873.1, XP_010415491.1
OG0016098	As010G231330	XP_010470845.1, XP_010415516.1, XP_010511902.1
OG0016099	As010G231500	XP_010486970.1, XP_010499090.1, XP_010465025.1
OG0016100	As010G231570	XP_010470866.1, XP_010511886.1
OG0016101	As010G231710	XP_010470839.1, XP_010415509.1, XP_010511909.1
OG0016102	As010G231820	XP_010474226.1, XP_010470830.1, XP_010511922.1, XP_019101626.1, XP_019093324.1
OG0016103	As010G231830	XP_019101633.1, XP_010470872.1
OG0016104	As010G231870	XP_010511925.1, XP_010415530.1, XP_010470875.1
OG0016105	As010G232010	XP_010415528.1, XP_010470874.1
OG0016106	As010G232200	XP_010470894.1, XP_019101634.1, XP_010415548.1
OG0016107	As010G232430	XP_010415577.2, XP_010511962.1, XP_010470918.1
OG0016108	As010G232440	XP_010415578.1, XP_010470920.1, XP_010511961.1
OG0016109	As010G232610	XP_010511989.1, XP_010470939.1, XP_010415595.1
OG0016110	As010G232620	XP_010470938.1, XP_010415596.1, XP_010511988.1
OG0016111	As010G232710	XP_010470957.1, XP_019101643.1
OG0016112	As010G232890	XP_019093741.1, XP_010415653.1, XP_010512049.1
OG0016113	As010G233020	XP_010415670.1, XP_010512064.1, XP_010470999.1
OG0016114	As010G233070	XP_010512076.1, XP_010471003.1
OG0016115	As010G233150	XP_010474251.1, XP_010512093.1, XP_010415689.1
OG0016116	As010G233200	XP_010415700.1, XP_010512098.1, XP_010471016.1
OG0016117	As010G233370	XP_010493868.1, XP_010421479.1
OG0016118	As010G233570	XP_010427844.1, XP_010471061.1, XP_010415747.1
OG0016119	As010G233590	XP_010427849.1, XP_010471065.1
OG0016120	As010G233740	XP_010471085.1, XP_010427875.1, XP_010415771.1
OG0016121	As010G233820	XP_010427898.1, XP_010471095.1, XP_010415787.1
OG0016122	As010G234020	XP_010471116.1, XP_010427927.1, XP_010415806.1
OG0016123	As010G234040	XP_010471117.1, XP_010427928.1
OG0016124	As010G234150	XP_019084960.1, XP_019093505.1, XP_010415832.1
OG0016125	As010G234170	XP_010415836.1, XP_010471140.1, XP_010427952.1
OG0016126	As010G234220	XP_010415839.1, XP_010471146.1
OG0016127	As010G234290	XP_010471157.1, XP_010427979.1, XP_010415852.1
OG0016128	As010G234340	XP_010427985.1, XP_010471163.1, XP_010415860.1
OG0016129	As010G234390	XP_010471166.1, XP_010415866.1, XP_010427991.1
OG0016130	As010G234470	XP_010471171.1, XP_019083294.1, XP_010427995.1
OG0016131	As010G234480	XP_010415873.1, XP_010427996.1, XP_010471174.1
OG0016132	As010G234510	XP_010415879.2, XP_010471179.1, XP_010428001.1
OG0016133	As010G234530	XP_010415882.1, XP_010471182.1, XP_010428006.1
OG0016134	As010G234570	XP_010428015.2, XP_010415888.1, XP_010471187.1
OG0016135	As010G234600	XP_010471189.1, XP_010428019.1
OG0016136	As010G234920	XP_010428064.1, XP_010415941.1
OG0016137	As010G235300	XP_010472021.1, XP_010416784.1, XP_010428932.1
OG0016138	As010G235440	XP_010416767.1, XP_010428906.1, XP_010471999.1
OG0016139	As010G235470	XP_010471997.1, XP_010416764.1, XP_010428901.1
OG0016140	As010G235540	XP_010428875.1, XP_010416753.1
OG0016141	As010G235760	XP_010428850.1, XP_010471962.1, XP_010416722.1
OG0016142	As010G235800	XP_010428845.1, XP_010416716.1
OG0016143	As010G236030	XP_010471939.1, XP_010428823.1, XP_010416688.1
OG0016144	As010G236100	XP_010471931.1, XP_010416679.1, XP_010428816.1
OG0016145	As010G236230	XP_010416655.1, XP_010428793.1, XP_010471912.1
OG0016146	As010G236550	XP_010416616.1, XP_010471853.1, XP_010428758.1
OG0016147	As010G236650	XP_010428747.1, XP_010471838.1, XP_010416601.1
OG0016148	As010G236730	XP_010416598.1, XP_010471829.1, XP_010428736.1
OG0016149	As010G236830	XP_010416582.1, XP_010428726.1, XP_010471817.1
OG0016150	As010G236910	XP_010479593.1, XP_010416576.2, XP_010474367.1
OG0016151	As010G236960	XP_010412509.1, XP_010488742.1, XP_010467055.1
OG0016152	As010G237000	XP_010428708.1
OG0016153	As010G237020	XP_010471801.1, XP_010428707.1, XP_010416568.1
OG0016154	As010G237090	XP_010428697.1, XP_010471789.1, XP_010416555.1
OG0016155	As010G237100	XP_010428698.1, XP_010471790.1, XP_010416556.1
OG0016156	As010G237270	XP_010416535.1, XP_010471773.1, XP_010428676.1
OG0016157	As010G237300	XP_010428674.1, XP_010416532.1, XP_010471772.1
OG0016158	As010G237350	XP_010428666.1, XP_010471764.1
OG0016159	As010G237400	XP_010428662.1, XP_010471760.1, XP_010416521.1
OG0016160	As010G237640	XP_010471726.1, XP_010428633.1
OG0016161	As010G237840	XP_010416455.1, XP_010471685.1, XP_010471682.1, XP_010428592.1
OG0016162	As010G237870	XP_010428589.1, XP_019093083.1, XP_010416453.1
OG0016163	As010G237940	XP_019093119.1, XP_010416446.1, XP_010428582.1
OG0016164	As010G237960	XP_010500206.1, XP_010461501.1, XP_010479098.1
OG0016165	As010G238130	XP_010471656.1, XP_010416432.1, XP_010428568.1
OG0016166	As010G238150	XP_010471654.1, XP_010416425.1, XP_010428564.1
OG0016167	As010G238180	XP_010471648.1, XP_010416419.1, XP_010428559.1
OG0016168	As010G238290	XP_019082680.1, XP_010428537.1, XP_010471634.1
OG0016169	As010G238500	XP_010416373.1, XP_010471610.1, XP_010428513.1
OG0016170	As010G238550	XP_010471599.1, XP_010428498.1, XP_019083376.1
OG0016171	As010G238640	XP_010428488.1, XP_010416350.1
OG0016172	As010G238670	XP_010416346.1, XP_010428483.1, XP_010471583.1
OG0016173	As010G238760	XP_010428471.1, XP_010416334.1, XP_010471567.1
OG0016174	As010G238850	XP_010471558.1, XP_010428458.1
OG0016175	As010G238890	XP_010428455.1, XP_019094029.1
OG0016176	As010G238900	XP_010471554.1, XP_010428452.1
OG0016177	As010G238960	XP_010471549.1, XP_010428447.1
OG0016178	As010G238990	XP_010428440.1, XP_010471544.1, XP_010416310.1
OG0016179	As010G239200	XP_010428414.1, XP_010471518.1, XP_010416283.1
OG0016180	As010G239210	XP_010471523.1, XP_010428413.1, XP_010416282.1
OG0016181	As010G239240	XP_010428406.1, XP_010471512.1, XP_010416275.1
OG0016182	As010G239460	XP_010471494.1, XP_010428365.1, XP_010416237.1
OG0016183	As010G239540	XP_010428354.1, XP_010471484.1, XP_010416226.1
OG0016184	As010G239770	XP_019094007.1, XP_019084994.1, XP_019093042.1
OG0016185	As010G239950	XP_010471429.1, XP_010416176.1, XP_010428297.1
OG0016186	As010G240230	XP_010416143.1, XP_010428265.1
OG0016187	As010G240270	XP_010471395.1, XP_019083339.1, XP_019085047.1
OG0016188	As010G240310	XP_010428243.1, XP_010416126.1, XP_010471387.1
OG0016189	As010G240540	XP_019083327.1, XP_010428223.1, XP_010471371.2
OG0016190	As010G240570	XP_010416101.1, XP_010428217.1, XP_010471362.1
OG0016191	As010G240600	XP_010416088.1, XP_010471359.1
OG0016192	As010G240620	XP_010471354.1, XP_019084982.1, XP_010416084.1
OG0016193	As010G240680, As010G240660	XP_010471353.1, XP_010428210.1, XP_010416080.1
OG0016194	As010G240820	XP_010471341.1, XP_010416073.1, XP_010428200.1
OG0016195	As010G241080	XP_010428161.1, XP_010416031.1, XP_010471299.1
OG0016196	As010G241240	XP_010471279.1, XP_010428139.1, XP_010416003.1
OG0016197	As010G241260	XP_010471276.1, XP_010416000.1, XP_010428137.1
OG0016198	As010G241280	XP_010415998.1, XP_010471275.1, XP_010428133.1
OG0016199	As010G242130	XP_010472709.1, XP_010429706.1
OG0016200	As010G242250	XP_010429751.1, XP_010417502.1, XP_010472723.1
OG0016201	As010G242260	XP_010472726.1, XP_010417501.1, XP_010429755.1
OG0016202	As010G242290	XP_010429759.1, XP_010472729.1, XP_010417507.1
OG0016203	As010G242350	XP_010417514.1, XP_019093610.1, XP_019085162.1
OG0016204	As010G242640, As010G242630	XP_010472778.1, XP_010429805.1, XP_010417588.1
OG0016205	As010G242970	XP_010417622.1, XP_010429850.1, XP_010472815.1
OG0016206	As010G243150	XP_010429876.1, XP_010417642.1
OG0016207	As010G243250	XP_010472855.1, XP_010417653.1
OG0016208	As010G244050	XP_019082777.1, XP_010429998.1, XP_010472974.1
OG0016209	As010G244060	XP_010472976.1, XP_010429999.1, XP_010417741.1
OG0016210	As010G244170	XP_010417750.1, XP_010430008.1, XP_019093398.1
OG0016211	As010G244200	XP_010417752.1
OG0016212	As010G244240	XP_010430021.1, XP_010417756.1, XP_010472996.1
OG0016213	As010G244390	XP_010473013.1, XP_010417781.1, XP_010430048.1
OG0016214	As010G244500	XP_010473033.1, XP_010417798.1, XP_010430068.1
OG0016215	As010G244550	XP_010473028.1, XP_010417791.1, XP_010431663.1
OG0016216	As010G244560	XP_010417790.1, XP_010473027.1, XP_010430062.1
OG0016217	As010G244570	XP_010473023.1, XP_010430056.1, XP_010417786.1
OG0016218	As011G244690	XP_010487006.1, XP_010499531.1
OG0016219	As011G244780	XP_010487027.1, XP_010465080.1
OG0016220	As011G244950	XP_010500015.1, XP_010465110.1, XP_010487057.1
OG0016221	As011G244990	XP_019098669.1, XP_010487065.1, XP_010500094.1, XP_010465124.1
OG0016222	As011G245520	XP_010487117.1, XP_010500711.1, XP_010465198.1
OG0016223	As011G245620	XP_010487130.1, XP_019101637.1, XP_010465215.1
OG0016224	As011G245640	XP_010501005.1, XP_010465219.1
OG0016225	As011G245730	XP_010487148.1, XP_010501185.1, XP_010465242.1
OG0016226	As011G246040	XP_010501543.1, XP_019092578.1, XP_010487187.1
OG0016227	As011G246260	XP_010487212.1, XP_019092615.1
OG0016228	As011G246880	XP_010487279.1, XP_010502088.1, XP_010465381.1
OG0016229	As011G246980	XP_010487297.1, XP_010502215.1, XP_010465403.1
OG0016230	As011G247190	XP_010487323.1, XP_010502463.1
OG0016231	As011G247590	XP_010487369.1, XP_010502929.1, XP_010465511.1
OG0016232	As011G247700	XP_010465521.1, XP_010487378.1, XP_010503070.1
OG0016233	As011G247880	XP_010487403.1, XP_010465550.1, XP_010503344.1
OG0016234	As011G248100	XP_010465582.1, XP_010487432.1, XP_010503569.1
OG0016235	As011G248130	XP_010465589.1, XP_010487437.1, XP_010503605.1
OG0016236	As011G248350	XP_010465631.1, XP_010503927.1
OG0016237	As011G248430	XP_010504053.1, XP_010487478.1, XP_010465640.1
OG0016238	As011G248440	XP_010487480.1, XP_010465644.1, XP_010504065.2
OG0016239	As011G248450	XP_010487482.1, XP_010504078.1, XP_019101019.1, XP_019092604.1
OG0016240	As011G248480	XP_010487485.1, XP_010465651.1, XP_010504110.1
OG0016242	As011G248820	XP_010487518.1, XP_010465681.1
OG0016243	As011G248960	XP_010487542.1, XP_010504635.1, XP_010465698.1
OG0016244	As011G249100	XP_010465715.1, XP_010504779.1, XP_010487562.1
OG0016245	As011G249110	XP_010465716.1, XP_010487563.1
OG0016246	As011G249130	XP_010487565.1, XP_010504823.1, XP_010465721.1
OG0016247	As011G249170	XP_010504881.1, XP_010487570.1, XP_010465730.1
OG0016248	As011G249190	XP_010504902.1, XP_010487571.1
OG0016249	As011G249320	XP_010505106.1, XP_010468225.1
OG0016250	As011G249480	XP_010505382.1, XP_010487619.1, XP_010465782.1
OG0016251	As011G249550	XP_010487630.1, XP_010505273.1
OG0016252	As011G249580	XP_010505224.1, XP_010487637.1
OG0016253	As011G249650	XP_010505568.1, XP_010487645.1, XP_010465806.1
OG0016254	As011G249940	XP_010506064.1, XP_010487687.1
OG0016255	As011G249990	XP_010487699.1, XP_010465861.1, XP_010506157.1
OG0016256	As011G250060	XP_010487713.1, XP_010465876.1
OG0016257	As011G250110	XP_010465881.1, XP_010487720.1, XP_010506341.1
OG0016258	As011G250160	XP_010465891.1, XP_010506378.1
OG0016259	As011G250430	XP_010506834.1, XP_010465929.1, XP_010487757.1
OG0016260	As011G250640	XP_010465956.1, XP_010506962.1
OG0016261	As011G250750	XP_010465977.1, XP_010507067.1, XP_010419743.1, XP_010487790.1
OG0016262	As011G250960	XP_010466016.1, XP_010487807.1, XP_010507247.2
OG0016263	As011G251050	XP_019092733.1, XP_019096378.1, XP_019096871.1
OG0016264	As011G251210	XP_010507442.1, XP_010487838.1, XP_010466045.1
OG0016265	As011G257300, As011G251280	XP_019092829.1
OG0016266	As011G251680	XP_010466114.1, XP_010487907.1, XP_010507845.1
OG0016267	As011G251700	XP_010487908.1, XP_010507864.1, XP_010466116.1
OG0016268	As011G251810	XP_010468302.1, XP_010489950.1, XP_010420074.1
OG0016269	As011G251890	XP_010466141.1, XP_010508086.1, XP_010487925.1
OG0016270	As011G251900	XP_010466142.1, XP_010487932.1
OG0016271	As011G252000	XP_010487944.1, XP_010508184.1, XP_010466154.1
OG0016272	As011G252770	XP_010508988.1, XP_010488028.1, XP_010466244.2
OG0016273	As011G252900	XP_019093417.1, XP_010418205.1, XP_010430263.1
OG0016274	As011G252940	XP_010466272.1, XP_010488057.1, XP_010509213.1
OG0016275	As011G252960	XP_010466275.1, XP_010509249.1
OG0016276	As011G253040	XP_010509356.1, XP_010488066.1
OG0016277	As011G253250	XP_010488578.1, XP_010466897.1, XP_010513683.1
OG0016278	As011G253380	XP_010510372.1, XP_010488170.1, XP_010466405.1
OG0016279	As011G253500	XP_019096949.1, XP_010466383.1
OG0016281	As011G254020	XP_010510855.1, XP_010496825.1
OG0016282	As011G254210	XP_019092877.1, XP_019083019.1, XP_019097037.1
OG0016283	As011G254460	XP_010466529.1, XP_010488272.1, XP_010511354.1
OG0016284	As011G255100	XP_010488360.1, XP_010466629.1, XP_010512126.1
OG0016285	As011G255240	XP_010512204.1, XP_010466640.1, XP_010488373.1
OG0016286	As011G255390	XP_010488402.1
OG0016287	As011G255940	XP_010488479.1, XP_010466768.1, XP_010424600.1
OG0016288	As011G256190	XP_010513251.1, XP_010466790.1, XP_010488501.1
OG0016289	As011G256230	XP_010466793.1, XP_010488505.1, XP_010513276.1
OG0016290	As011G256250	XP_010513292.1, XP_010488512.1, XP_010466802.1
OG0016291	As011G256580	XP_010490111.1, XP_010513514.1, XP_010466856.1
OG0016292	As011G256710	XP_010513608.1, XP_010466873.1
OG0016293	As011G256740	XP_010466875.1, XP_010513621.1, XP_010488568.1
OG0016294	As011G256790	XP_010417329.1, XP_010472570.1, XP_010429558.1
OG0016295	As011G257160	XP_010490126.2, XP_010468480.2
OG0016296	As011G257500	XP_010466922.1, XP_010513803.1, XP_010488601.1
OG0016297	As011G257620	XP_010466935.1, XP_010488626.1, XP_010513961.1
OG0016298	As011G258430	XP_010514247.1, XP_010488658.1, XP_010466968.1
OG0016299	As011G258650	XP_010514159.1, XP_010466956.1, XP_010488642.1
OG0016300	As011G258660	XP_010467036.1, XP_010488722.1, XP_010412398.1
OG0016301	As011G258930	XP_010488702.1, XP_010514635.1, XP_010467008.1
OG0016302	As011G259270	XP_019092857.1, XP_010488817.1, XP_010496145.1
OG0016303	As011G260650	XP_019088710.1, XP_010445069.1, XP_019096013.1
OG0016304	As011G260930	XP_010467187.1, XP_010488858.1
OG0016305	As011G261100	XP_010467128.1, XP_010488800.1, XP_010412980.1
OG0016306	As011G261580	XP_010488777.1, XP_010467087.1, XP_010412733.1, XP_010468528.2
OG0016307	As011G261770	XP_010488849.1, XP_010518445.1
OG0016308	As011G261860	XP_010425853.1, XP_010514775.1, XP_010503089.1
OG0016309	As011G262040	XP_010467207.1, XP_010518329.1, XP_019096601.1
OG0016310	As011G262060	XP_010488890.1, XP_010467209.1, XP_010518308.1
OG0016311	As011G262090	XP_010488889.1, XP_010467210.1, XP_010518299.1
OG0016312	As011G262100	XP_010467212.1, XP_010488886.1, XP_010518284.1
OG0016313	As011G262110	XP_010467213.1, XP_010488882.1, XP_010518257.1
OG0016314	As011G262120	XP_010488881.1, XP_010518234.1, XP_010467214.1
OG0016315	As011G262200	XP_019092457.1, XP_019096645.1, XP_019084144.1
OG0016316	As011G262220	XP_019084057.1, XP_010488873.1, XP_010467226.1
OG0016317	As011G262290	XP_010488896.1, XP_010517546.2, XP_010467240.1
OG0016318	As011G262300	XP_010467246.1, XP_010517601.1, XP_010488900.1
OG0016319	As011G262360	XP_010450338.1, XP_010440687.1, XP_010435389.1
OG0016320	As011G262580	XP_010488941.1, XP_010467283.1, XP_010518010.1
OG0016321	As011G262620	XP_010488943.1, XP_010518035.1
OG0016322	As011G262650	XP_010488949.1, XP_010467288.1
OG0016323	As011G262700	XP_010488952.1, XP_010518126.1, XP_010467292.1
OG0016324	As011G262710	XP_010488953.1, XP_010518138.1, XP_010467293.1
OG0016325	As011G262860	XP_010489170.1, XP_010467315.1, XP_010517286.1
OG0016326	As011G263400	XP_010489217.1, XP_010516710.1
OG0016327	As011G263540	XP_010516461.1, XP_010467395.1
OG0016328	As011G263680	XP_010489281.1, XP_010467411.1, XP_010516099.1
OG0016329	As011G263710	XP_010467416.1, XP_010516039.1, XP_010489283.1
OG0016330	As011G264160	XP_010515622.1, XP_010467462.1
OG0016331	As011G264250	XP_010515397.1, XP_010489348.1, XP_010467479.1
OG0016332	As011G264640	XP_010467542.1, XP_010489394.1, XP_010514750.1
OG0016333	As011G264890	XP_010489437.1, XP_010467592.1
OG0016334	As011G264910	XP_010489438.1, XP_010413257.1, XP_010467593.1
OG0016335	As011G265030	XP_010413917.2, XP_010467612.1
OG0016336	As011G265180	XP_010414399.1, XP_019096118.1, XP_019092963.1
OG0016337	As011G265350	XP_010414245.1, XP_010489543.1, XP_010467649.1
OG0016338	As011G265400	XP_010414205.1, XP_010497931.1, XP_010467643.1
OG0016339	As011G265430	XP_010467641.1, XP_010489532.1, XP_010414134.1
OG0016340	As011G265480	XP_019096996.1, XP_010467636.1, XP_010414099.1
OG0016341	As011G265650	XP_010467728.1, XP_010489610.1, XP_010414818.1
OG0016342	As011G265850	XP_010467750.1, XP_010489461.1, XP_010415077.1
OG0016343	As011G266030	XP_019084754.1, XP_010467879.1, XP_010489491.1
OG0016344	As011G266050	XP_010489487.1, XP_010415301.1, XP_010467883.1
OG0016345	As011G266400	XP_010416745.1, XP_010489136.1, XP_010495939.1
OG0016346	As011G266530	XP_010416606.1, XP_010489124.1, XP_010467921.1
OG0016347	As011G266580	XP_010467915.2, XP_010489119.1, XP_010416557.1
OG0016348	As011G266630	XP_010467945.1, XP_010489108.1, XP_010416430.1
OG0016349	As011G266740	XP_010467935.1, XP_010416287.1, XP_010489093.1
OG0016350	As011G266750	XP_010489092.1, XP_010416271.1, XP_010467936.1
OG0016351	As011G266940	XP_010416046.2, XP_010495920.1, XP_019096901.1
OG0016352	As011G267410	XP_019092487.1, XP_019096264.1
OG0016353	As011G267550	XP_010468788.1, XP_019096134.1
OG0016354	As011G267590	XP_010488981.1, XP_010467758.1, XP_010497661.1
OG0016355	As012G267940	XP_010501220.1, XP_010462455.1, XP_010480151.1
OG0016356	As012G267970	XP_010480144.1, XP_010501215.1, XP_010462451.1
OG0016357	As012G268040	XP_010462446.1, XP_010501206.1, XP_010480135.1
OG0016358	As012G268120	XP_010462434.1, XP_010480125.1
OG0016359	As012G268290	XP_010480100.1, XP_010501176.1
OG0016360	As012G268360	XP_010501170.1, XP_010480089.1, XP_019091187.1
OG0016361	As012G268710	XP_010480067.1, XP_010501144.1, XP_010462380.1
OG0016362	As012G268850	XP_010480035.1, XP_010501124.1, XP_010462361.1
OG0016363	As012G268920	XP_010480033.1
OG0016364	As012G268940	XP_019096624.1, XP_019092621.1, XP_019095305.1
OG0016365	As012G269190	XP_019099526.1, XP_010462309.1, XP_010479990.1
OG0016366	As012G269230	XP_010487204.1, XP_010465301.1, XP_010501681.1
OG0016367	As012G269420	XP_010479960.1, XP_010462288.1, XP_010501043.1
OG0016368	As012G269520	XP_010479944.1, XP_010462273.1, XP_010501027.1
OG0016369	As012G269850	XP_019091833.1, XP_010500966.1, XP_010479884.1
OG0016370	As012G269950	XP_010462182.1, XP_010479861.1, XP_010500949.1
OG0016371	As012G270100	XP_010462155.1, XP_010463432.1, XP_010500928.1, XP_010479832.1
OG0016372	As012G270420	XP_010462132.1, XP_010479799.1, XP_019099494.1
OG0016373	As012G270430	XP_010462131.1, XP_010479798.1, XP_010500893.1
OG0016374	As012G270450	XP_010462128.1, XP_010500890.1, XP_010479793.1
OG0016375	As012G270530	XP_010462107.1, XP_010500873.1, XP_010479776.1
OG0016376	As012G270570	XP_010500862.1, XP_010479773.1
OG0016377	As012G270630	XP_010500856.1, XP_019090744.1, XP_010479761.1
OG0016378	As012G270740	XP_010500831.1, XP_010462070.1, XP_010479739.1, XP_010479738.1
OG0016379	As012G270770	XP_010479736.1, XP_010500829.1, XP_010462069.1
OG0016380	As012G270860	XP_010500819.1, XP_010479726.1, XP_010462061.1
OG0016381	As012G270880	XP_010500813.1, XP_010479719.1, XP_010462057.1
OG0016382	As012G270900	XP_010479716.1, XP_010500810.1, XP_010462055.1
OG0016383	As012G271630	XP_010479554.1, XP_010461936.1, XP_010500667.1
OG0016384	As012G271710	XP_010479567.1, XP_010500679.1, XP_010461943.1
OG0016385	As012G271720	XP_010500680.1, XP_010461944.1, XP_010479568.1
OG0016386	As012G271780	XP_010472229.1, XP_010416999.1, XP_010429162.1
OG0016387	As012G271850	XP_010500713.1, XP_010479620.1, XP_010461967.1
OG0016388	As012G271910	XP_010500720.1, XP_010461975.1, XP_010479627.1
OG0016389	As012G271920	XP_010461977.1, XP_010500721.1, XP_010479628.1
OG0016390	As012G271990	XP_010479530.1, XP_010500642.1
OG0016391	As012G272030	XP_010479524.1, XP_010500636.1, XP_019091922.1
OG0016392	As012G272080	XP_010479517.1, XP_010461909.1, XP_010500627.1
OG0016393	As012G272370	XP_010461865.1, XP_010479461.1
OG0016394	As012G272460	XP_010500553.1, XP_010479401.1, XP_010461853.1
OG0016395	As012G272480	XP_010500551.1, XP_010461849.1, XP_010479405.1
OG0016396	As012G272510	XP_010500549.1, XP_010461847.1, XP_010479409.1
OG0016397	As012G272580	XP_010500540.1, XP_010479426.1, XP_010461838.1
OG0016398	As012G272850	XP_010479383.1, XP_010461787.1, XP_010500490.1
OG0016399	As012G272870	XP_010479381.1, XP_010461783.1, XP_010461781.1, XP_010500489.1
OG0016400	As012G272880	XP_010461780.1, XP_010479379.1, XP_010500486.1
OG0016401	As012G272890	XP_010500485.1, XP_010479378.1, XP_010461778.1
OG0016402	As012G272930	XP_019099445.1, XP_019090760.1, XP_019095014.1
OG0016403	As012G273040	XP_010500470.1, XP_010461765.1
OG0016404	As012G273630	XP_010500390.1, XP_010461677.1
OG0016405	As012G273740	XP_010500371.1, XP_010461662.1, XP_010479269.1
OG0016406	As012G273800	XP_010500361.1, XP_010479257.1, XP_010461656.1
OG0016407	As012G273880	XP_010500354.1, XP_010461644.1, XP_010479250.1
OG0016408	As012G273970, As022G292030	XP_010500327.1, XP_010461619.1
OG0016409	As012G274020	XP_010479222.1, XP_019091460.1, XP_010500321.1
OG0016410	As012G274030	XP_010500319.1, XP_010479218.1, XP_010461609.1
OG0016411	As012G274050	XP_010461606.1, XP_010479215.1, XP_010500317.1
OG0016412	As012G274140	XP_010479203.1, XP_010500310.1
OG0016413	As012G274220	XP_010449816.1, XP_010434851.1, XP_010440182.1
OG0016414	As012G274350	XP_010449842.1, XP_010434872.1
OG0016415	As012G274500	XP_010440214.1
OG0016416	As012G274750	XP_010449891.1, XP_010440249.1, XP_010434919.1
OG0016417	As012G274770	XP_010440251.1, XP_010449893.1, XP_010434921.1
OG0016418	As012G274780	XP_010449894.1, XP_010440252.1, XP_010434923.1
OG0016419	As012G275010	XP_010516636.1, XP_010509707.1, XP_019101316.1, XP_019099744.1
OG0016420	As012G275020	XP_010499592.1, XP_010460856.1, XP_010478473.1
OG0016421	As012G275370	XP_010504905.1, XP_010516594.1, XP_010509747.1
OG0016422	As012G275470	XP_010515631.1, XP_010503901.1, XP_010426773.1
OG0016423	As012G275560	XP_010515649.1, XP_010426797.1, XP_010503917.1
OG0016424	As012G275760	XP_010426828.1, XP_010515674.1, XP_010503951.1
OG0016425	As012G275910	XP_010503965.1, XP_010515687.1, XP_010426840.1
OG0016426	As012G276050	XP_010503993.1, XP_010515716.1, XP_010426868.1
OG0016427	As012G276170	XP_010426882.1, XP_010515732.1, XP_010504007.1
OG0016428	As012G276180	XP_019085828.1, XP_019082485.1, XP_010504009.1
OG0016429	As012G276190	XP_010426885.1, XP_010504011.1, XP_019082459.1
OG0016430	As012G276610	XP_010426940.1, XP_010504062.1, XP_010515795.1
OG0016431	As012G276810, As012G276650	XP_010453348.1, XP_010464383.1
OG0016432	As012G277080	XP_019091911.1, XP_010498148.1, XP_010476938.1
OG0016433	As012G277100	XP_010515828.1, XP_010504100.1, XP_010426979.1
OG0016434	As012G277870	XP_010515901.1, XP_010504180.1, XP_010427055.1
OG0016435	As012G277890	XP_010427056.1, XP_010515903.1, XP_010504181.1
OG0016436	As012G278500	XP_010503888.1, XP_010426761.1, XP_019101906.1
OG0016437	As012G278550	XP_010426768.1, XP_010515627.1, XP_010503898.1
OG0016438	As012G278860	XP_010515610.1, XP_010503880.1, XP_010426750.1
OG0016439	As012G279010	XP_010426756.1, XP_010503870.1, XP_010515606.1
OG0016440	As012G279080	XP_010515595.1, XP_010503860.1, XP_010426735.1
OG0016441	As012G279420	XP_010477641.1, XP_010498857.1, XP_010462862.1
OG0016442	As012G279460	XP_010426734.1, XP_010515588.1, XP_010503856.1
OG0016443	As012G279750	XP_010503857.1, XP_010515589.1, XP_010426736.1
OG0016444	As012G280170	XP_010515977.1, XP_019100333.1, XP_010427151.1
OG0016445	As012G280290	XP_010507439.1, XP_010516000.1, XP_010427172.1
OG0016446	As012G280720	XP_010427204.1, XP_010516025.1
OG0016447	As012G280880	XP_010427210.1, XP_010516028.1, XP_010504313.1
OG0016448	As012G280930	XP_010504316.1, XP_010516031.1, XP_010427215.1
OG0016449	As012G281720	XP_010504387.1, XP_010516098.1, XP_010427300.1
OG0016450	As012G281750	XP_010516104.1, XP_010504389.1
OG0016451	As012G281790	XP_010427308.1, XP_010504394.1, XP_010516107.1
OG0016452	As012G282550	XP_010427408.1, XP_010504480.1, XP_010516200.1
OG0016453	As012G282640	XP_010516214.1, XP_010427421.1, XP_010504497.1
OG0016454	As012G282720	XP_010504521.1, XP_010431391.1, XP_010516229.1
OG0016455	As012G282750	XP_010516233.1, XP_010427445.1, XP_010504526.1
OG0016456	As012G282900	XP_010427460.1, XP_019102386.1, XP_010504548.1
OG0016457	As012G283090	XP_010516271.1, XP_010504573.1
OG0016458	As012G283180	XP_010516278.1, XP_010427512.1, XP_010504581.1
OG0016459	As012G283340	XP_010516295.1, XP_010427542.1, XP_010504602.1
OG0016460	As012G283570	XP_010504622.1, XP_010427563.1, XP_010516308.1
OG0016461	As012G283660	XP_010504636.1, XP_010516321.1, XP_010427580.1
OG0016462	As012G284060	XP_010504683.1, XP_010516370.1, XP_010427633.1
OG0016463	As012G284080	XP_019084922.1, XP_010516374.1
OG0016464	As012G284110	XP_010427645.1, XP_010516383.1, XP_010504694.1
OG0016465	As012G284210	XP_019100396.1, XP_010516403.1
OG0016466	As012G284250	XP_010427671.1, XP_010516417.1, XP_010504721.1
OG0016467	As012G284260	XP_019102424.1, XP_010427674.1, XP_010504724.1
OG0016468	As012G284420	XP_010516440.1, XP_010504738.1, XP_010427697.1
OG0016469	As012G284710	XP_010427167.1, XP_010504271.1, XP_010515996.1
OG0016470	As012G284730	XP_010504796.1, XP_010427748.1, XP_010516488.1
OG0016471	As012G284740	XP_010516494.1, XP_010427752.2, XP_010504802.1
OG0016472	As012G284810	XP_010504809.1, XP_010427758.1, XP_010516503.1
OG0016473	As012G285070	XP_010516543.1, XP_010427794.1, XP_010504848.1
OG0016474	As012G285420	XP_010413698.1, XP_010469349.1, XP_010512194.1
OG0016475	As012G285570	XP_010512217.1, XP_010413683.1, XP_010469309.1
OG0016476	As012G285740	XP_010413649.1, XP_010512249.1, XP_010469278.1
OG0016477	As012G285780	XP_010467053.1, XP_010412494.1, XP_010488739.1
OG0016478	As012G285920	XP_010469249.1, XP_010512288.1, XP_010413616.1
OG0016479	As012G285950	XP_010469246.1, XP_010512290.1, XP_010413615.1
OG0016480	As012G286100	XP_010469228.1, XP_019082507.1
OG0016481	As012G286260	XP_010413569.1, XP_010512354.1
OG0016482	As012G286610	XP_010469172.1, XP_010413548.1
OG0016483	As012G286970	XP_010469140.1, XP_010413508.1, XP_010512417.1
OG0016484	As012G287160	XP_019093193.1, XP_010512450.1, XP_010413449.1
OG0016485	As012G287410	XP_010469071.1, XP_010413407.1, XP_010512488.1
OG0016486	As012G287470	XP_010469084.1, XP_019101732.1, XP_010413390.1
OG0016487	As012G287530	XP_019101734.1, XP_010469090.1
OG0016488	As012G287650	XP_010512526.1, XP_010413371.1
OG0016489	As012G287790	XP_010413347.1
OG0016490	As012G287870	XP_010512565.1, XP_010469032.1, XP_010413336.1
OG0016491	As012G288000	XP_010497434.1, XP_010468994.1, XP_010413321.1, XP_010512583.1
OG0016492	As012G288110	XP_010512606.1, XP_010468979.1, XP_010413298.1
OG0016493	As012G288290	XP_010413284.1, XP_010468964.1, XP_010512626.1
OG0016494	As012G288300	XP_010413283.1, XP_010468963.1, XP_010512627.1
OG0016495	As012G288600	XP_010413236.1, XP_010468917.1, XP_010512677.1
OG0016496	As012G288620	XP_010413249.1, XP_010512672.1, XP_010473761.2
OG0016497	As012G288930	XP_010468892.1, XP_010512705.1, XP_010413205.1
OG0016498	As012G288960	XP_010413199.1, XP_010468888.1, XP_010512715.1
OG0016499	As012G289000	XP_010413196.1, XP_010468884.1, XP_010512719.1
OG0016500	As012G289180	XP_010413174.1, XP_010468867.1, XP_010512737.1
OG0016501	As012G289200	XP_010468864.1, XP_010512742.1, XP_010413167.1
OG0016502	As012G289210	XP_010468862.1, XP_010512745.1, XP_010413164.1
OG0016503	As012G289220	XP_010413166.1, XP_010512744.1
OG0016504	As012G289300	XP_010512756.1, XP_010468852.1, XP_010413154.1
OG0016505	As012G289330	XP_010512761.1, XP_010413149.1, XP_019092969.1, XP_019093186.1
OG0016506	As012G289410	XP_010413138.1, XP_010512774.1, XP_010468839.1
OG0016507	As012G289430	XP_010413137.1, XP_010468841.1, XP_010512776.1
OG0016508	As012G289480	XP_010512780.1, XP_010413127.1
OG0016509	As012G289490	XP_010413126.1, XP_010512784.1
OG0016657	As001G000110	XP_010438493.1, XP_010448013.1
OG0016658	As001G000300	XP_019088549.1, XP_019086092.1, XP_019088907.1
OG0016659	As001G000320	XP_010447981.1, XP_010433219.1, XP_010438456.1
OG0016660	As001G000340	XP_010447978.1, XP_010438449.1, XP_010433217.1
OG0016661	As001G000380	XP_010438445.1, XP_010433211.1, XP_010447972.1
OG0016662	As001G000710	XP_010433162.1, XP_010447915.1, XP_010438383.1
OG0016663	As001G000940	XP_010438338.1, XP_019089312.1, XP_019087780.1, XP_010433136.1
OG0016664	As001G001060	XP_010433121.1, XP_010438323.1, XP_010447879.1
OG0016665	As001G001690	XP_010433064.1, XP_010438260.1
OG0016666	As001G001910	XP_010438227.1
OG0016667	As001G002050	XP_019089314.1, XP_010438220.1
OG0016668	As001G002060	XP_010433029.1, XP_010447770.1
OG0016669	As001G003520	XP_010447586.1, XP_010447589.1, XP_010438055.1, XP_010432879.1
OG0016670	As001G003610	XP_010438051.1, XP_010432873.1
OG0016671	As001G004170	XP_010432807.1, XP_010447488.1
OG0016672	As001G004980	XP_010447383.1, XP_010432718.1
OG0016673	As001G006280	XP_010437855.1, XP_010447344.1, XP_010432667.1
OG0016675	As001G010140	XP_010447236.1, XP_010437759.1, XP_010436276.1, XP_010432556.1
OG0016676	As001G010490	XP_010447225.1, XP_010432549.1, XP_010437752.1
OG0016677	As001G010550	XP_019086775.1
OG0016679	As001G012920	XP_010437654.1, XP_010447120.1, XP_010432448.1
OG0016680	As011G246940, As001G014100	XP_010465393.1, XP_010487287.1, XP_019100704.1
OG0016681	As001G014450	XP_010432378.1, XP_010437568.1
OG0016682	As001G015800	XP_010499668.1, XP_010478561.1
OG0016683	As001G015940	XP_010478890.1, XP_010460968.1
OG0016684	As001G016000	XP_010499696.1, XP_010478897.1
OG0016685	As001G016020	XP_010478899.1, XP_019099325.1
OG0016686	As001G016760	XP_010461044.1, XP_010478649.1, XP_010501735.1
OG0016687	As001G016860	XP_010478658.1, XP_019091625.1, XP_010499779.1
OG0016688	As001G018340	XP_010440694.1, XP_010450349.1
OG0016689	As001G018470	XP_010414901.1, XP_010470348.1, XP_010511195.1
OG0016690	As001G018650	XP_010511213.1, XP_010414921.1
OG0016691	As001G018930	XP_010480228.1, XP_010414969.1, XP_010511257.1
OG0016692	As001G019010	XP_010511276.1, XP_010480242.1
OG0016693	As001G019130	XP_010511298.1, XP_010480270.1, XP_010415007.1
OG0016694	As001G019610	XP_010414769.1, XP_010511090.1
OG0016695	As001G019730	XP_010470265.1, XP_010511107.1, XP_010414744.1
OG0016696	As001G020000	XP_010470253.1, XP_010511069.1
OG0016697	As001G020100	XP_019101051.1, XP_010470225.1, XP_010414707.1
OG0016698	As001G020540	XP_010510978.1, XP_010414610.1, XP_010470159.1
OG0016699	As001G020810	XP_010510951.1, XP_010473219.1, XP_010417975.1
OG0016700	As001G020820	XP_010510949.1, XP_010417978.1
OG0016701	As001G020850	XP_019083617.1, XP_010510946.1
OG0016702	As001G021010	XP_010418023.1, XP_010473259.1, XP_010510906.1
OG0016703	As001G021430	XP_010418056.1, XP_010430096.1, XP_010473308.1
OG0016704	As001G022100	XP_010418185.1, XP_010430247.1
OG0016705	As001G022870	XP_010502161.1, XP_010502159.1, XP_010502160.1, XP_010502156.1
OG0016706	As001G023040	XP_010502185.1, XP_010497040.1, XP_010424967.1, XP_010513922.1
OG0016707	As001G023140	XP_010502208.1, XP_010513954.1, XP_010424980.1
OG0016708	As001G023560	XP_019085884.1, XP_010514025.1, XP_010502266.1
OG0016709	As001G023920	XP_010514087.1, XP_010425105.1
OG0016710	As001G023930	XP_010514090.1, XP_010502330.1, XP_010425106.1
OG0016711	As001G024160	XP_010425145.1, XP_019100041.1, XP_019101799.1
OG0016712	As001G024530	XP_010425195.1, XP_019102172.1, XP_010502425.1
OG0016714	As001G025060	XP_019085932.1, XP_010514234.1, XP_010506970.1
OG0016715	As001G025390	XP_010425371.1, XP_010502573.1
OG0016716	As001G025550	XP_010514323.1, XP_010425381.1
OG0016717	As001G026610	XP_010502773.1, XP_010514478.1
OG0016718	As001G026800	XP_010502801.1
OG0016719	As001G026890	XP_019085428.1
OG0016720	As001G027060	XP_010502847.1, XP_010514550.1
OG0016721	As001G027790	XP_010425733.1, XP_010412463.1, XP_010502960.1
OG0016722	As001G027830, As011G255950	XP_010488481.1, XP_010466770.1, XP_010513098.1
OG0016724	As001G028160	XP_010514689.1, XP_010495870.1
OG0016725	As001G028380	XP_010415261.1, XP_010511626.1, XP_010470605.1
OG0016726	As001G028460	XP_010511613.1, XP_010415245.1, XP_010470592.1
OG0016727	As001G028580	XP_010470553.1, XP_010415216.1
OG0016728	As001G028770	XP_019082625.1, XP_010470524.1, XP_010511478.1
OG0016729	As001G028910	XP_010415177.1, XP_010470506.1
OG0016730	As001G029170	XP_010511515.1, XP_010470464.1, XP_010415137.1
OG0016731	As001G029380	XP_019083191.1, XP_010511450.1
OG0016732	As001G029410	XP_019100917.1, XP_019083190.1
OG0016733	As001G029550	XP_010496214.1, XP_010415062.1
OG0016734	As001G029680	XP_010470385.1, XP_010414815.1, XP_010511390.1
OG0016735	As001G029740	XP_019083161.1, XP_019101561.1
OG0016736	As001G029860	XP_010511139.1, XP_010470327.1
OG0016737	As001G030040	XP_010415013.1, XP_010511307.1
OG0016738	As001G030070	XP_010511158.1, XP_010470339.1, XP_010414881.1
OG0016739	As001G030190	XP_010496631.1, XP_010473735.1, XP_010430619.1
OG0016740	As001G030250	XP_010430612.1, XP_010473731.1
OG0016741	As001G030530	XP_010473710.1, XP_010418509.1, XP_010430576.1
OG0016742	As001G031810	XP_010430365.1, XP_010418292.1
OG0016743	As001G031880	XP_010418276.1, XP_010473500.1, XP_010430354.1
OG0016744	As001G032150	XP_010430290.1, XP_010418230.1
OG0016745	As001G032200	XP_010430272.1, XP_010473446.1
OG0016746	As001G032240	XP_010473452.1, XP_010430282.1, XP_010418221.1
OG0016747	As002G032420	XP_010465027.1, XP_010486974.1, XP_010499127.1
OG0016748	As002G032490	XP_010448372.1, XP_010438833.1
OG0016749	As002G032780	XP_019088486.1, XP_010433556.1, XP_010451179.2
OG0016750	As002G032790	XP_010433546.1, XP_010448321.1, XP_010438798.1
OG0016751	As002G032820	XP_010433541.1, XP_010448317.1, XP_010438793.1
OG0016752	As002G033750	XP_010508817.1, XP_010507667.1, XP_010412975.1
OG0016753	As002G033990	XP_010469281.1, XP_010486474.1, XP_010464549.1
OG0016754	As002G034370	XP_010486528.1, XP_010464601.1, XP_010473998.1
OG0016755	As002G034440	XP_010474920.1, XP_010486535.1, XP_010464615.1
OG0016756	As002G034800	XP_010486552.1, XP_010476767.1
OG0016757	As002G034880	XP_010480416.1
OG0016758	As002G034920	XP_010423730.1, XP_010452211.1, XP_010490813.1
OG0016759	As002G035200	XP_010464663.1, XP_010480055.1
OG0016760	As002G035620	XP_010464711.1, XP_010486641.1
OG0016761	As002G036080	XP_010486676.1, XP_010464740.1
OG0016762	As002G036710, As002G036690	XP_010468114.2, XP_010464792.1, XP_010489870.1
OG0016763	As002G036790	XP_010422919.1, XP_010453005.1, XP_019097261.1
OG0016764	As002G037250	XP_010464856.1, XP_010486809.2
OG0016765	As002G038970	XP_010488840.1, XP_019089021.1, XP_010467179.1
OG0016766	As002G039210	XP_019095822.1, XP_019094009.1
OG0016767	As002G039380	XP_010455227.1, XP_010421731.1, XP_010438663.1
OG0016768	As002G041330	XP_010442490.1, XP_010441552.1, XP_010482314.1
OG0016769	As002G041370	XP_010442492.1, XP_010482315.1, XP_010441596.1
OG0016770	As002G042210	XP_010482349.1, XP_010442520.1, XP_010442033.1
OG0016771	As002G042270	XP_010442537.1, XP_010482361.1, XP_010442161.1
OG0016772	As002G042760	XP_019090920.1, XP_010482425.1, XP_010442579.1
OG0016773	As002G042830	XP_010442859.1, XP_010482432.1, XP_010442584.1
OG0016774	As002G043650	XP_010443668.1, XP_010442681.1, XP_010482517.1
OG0016775	As002G043660	XP_010482519.1, XP_010442682.1, XP_010443694.1
OG0016776	As002G043750	XP_010443940.1, XP_010442688.1, XP_010482525.1
OG0016777	As002G043780	XP_010443981.1, XP_010482528.1, XP_019087840.1
OG0016778	As002G044000	XP_019091174.1, XP_019095386.1, XP_019087173.1
OG0016779	As002G044060	XP_010444597.1, XP_010482572.1
OG0016780	As002G044450	XP_010445240.1, XP_010482653.1, XP_010442822.1
OG0016781	As002G044480	XP_019088763.1, XP_010445265.1, XP_010482657.1
OG0016782	As002G044930	XP_010445531.1, XP_010442863.1, XP_010482691.1
OG0016783	As002G045250	XP_010482749.1, XP_010442915.1
OG0016784	As002G047030	XP_010482954.1, XP_010443139.1
OG0016785	As002G047600	XP_019087107.1, XP_010450185.1, XP_010485148.1
OG0016786	As002G048070, As007G157400	XP_010450929.1, XP_010443282.1, XP_010483106.1
OG0016787	As002G048290	XP_010451315.1, XP_010443313.1
OG0016788	As002G048520	XP_019087220.1, XP_010451532.1, XP_010483166.1
OG0016789	As002G048790	XP_010483207.1, XP_010451800.1, XP_010443382.1
OG0016790	As002G049120	XP_010452070.1, XP_010483253.1
OG0016791	As002G049170	XP_010452150.1, XP_010483270.1, XP_010443435.1
OG0016792	As002G049630	XP_010443505.1, XP_010483352.1, XP_010452991.1
OG0016793	As002G050900	XP_010491995.1, XP_010419824.1, XP_010453301.1
OG0016794	As002G051670	XP_010491893.1, XP_010453206.1
OG0016795	As002G051830	XP_010419716.2, XP_010491876.2
OG0016796	As002G051940	XP_010491851.1, XP_010453175.1, XP_010419688.1
OG0016797	As002G052090	XP_010491809.1, XP_010419668.1, XP_010453153.1
OG0016798	As002G052240	XP_010491787.1, XP_010453131.1
OG0016799	As002G052320	XP_010453123.2, XP_010491775.1, XP_010419642.1
OG0016800	As002G052380	XP_010453115.1, XP_010491768.1
OG0016801	As002G052530	XP_010491746.1, XP_010453104.1, XP_010422819.1
OG0016802	As002G052810	XP_010422839.1, XP_010491718.1
OG0016803	As002G052980	XP_010422857.1, XP_010453058.1, XP_010491695.1
OG0016804	As002G052990	XP_010491694.1, XP_010453054.1
OG0016805	As002G053240	XP_010453027.1, XP_010422897.1, XP_010491660.1
OG0016806	As002G053390	XP_010422915.1, XP_010453010.1, XP_010491644.1
OG0016807	As002G053840	XP_010422986.1, XP_010452929.1, XP_010491567.1
OG0016808	As002G053950	XP_019084443.1, XP_010491549.1, XP_019090641.1
OG0016809	As002G054030	XP_010491541.1, XP_010452898.1
OG0016810	As002G054060	XP_010452892.1
OG0016811	As002G054070	XP_010423022.1, XP_010491537.1, XP_010452893.1
OG0016812	As002G054590	XP_010491457.1, XP_010423113.1
OG0016813	As002G054790	XP_010423139.1, XP_010491427.1, XP_019090313.1
OG0016814	As002G054850	XP_010423146.1, XP_010452773.1
OG0016815	As002G054870	XP_010491421.1, XP_010423152.1, XP_010452770.1
OG0016816	As002G055360	XP_010452699.1, XP_010491346.1
OG0016817	As003G056490	XP_010434577.1, XP_010449502.1
OG0016818	As003G056540	XP_019087395.1, XP_019089111.1, XP_019086250.1
OG0016819	As003G056680	XP_010434552.1, XP_010439870.1, XP_010517553.1
OG0016820	As003G057100	XP_010449490.1, XP_010449491.1, XP_010434508.1
OG0016821	As003G057460	XP_010439777.1, XP_010449426.1
OG0016822	As003G057650	XP_019088857.1, XP_010434435.1, XP_010439739.1
OG0016823	As003G057750	XP_010434426.1, XP_010439721.1, XP_010449360.1
OG0016824	As003G057940	XP_010449315.1, XP_010434373.1, XP_010439671.1
OG0016825	As004G087100, As003G058350	XP_010449218.1, XP_010439612.1, XP_010434316.1
OG0016826	As003G058380	XP_010434313.1, XP_010449216.1, XP_010439610.1
OG0016827	As003G058540	XP_019089634.1, XP_010439587.1
OG0016828	As003G058620	XP_010439575.1, XP_010449169.1
OG0016829	As003G058980	XP_010439527.1, XP_010449132.1
OG0016830	As003G059110	XP_010439503.1, XP_010434209.1, XP_010449100.1
OG0016831	As003G059510	XP_010449054.1, XP_010434173.1, XP_010439470.1
OG0016832	As003G059730	XP_010434142.1, XP_010439441.1, XP_010449016.1
OG0016833	As003G059950	XP_010448976.1, XP_010439410.1, XP_010434112.1
OG0016834	As003G060410	XP_010434055.1, XP_019088492.1
OG0016835	As003G062820	XP_010499901.1, XP_010461186.1
OG0016836	As003G063200	XP_019094312.1, XP_010499947.1, XP_010461233.2
OG0016837	As003G063260	XP_010463123.1, XP_010499957.2
OG0016838	As003G063490	XP_010478913.1, XP_010500004.1, XP_010461279.1
OG0016839	As003G063520	XP_010500010.1, XP_010478918.1
OG0016840	As003G064010	XP_010478961.1, XP_010500054.1, XP_010461336.1
OG0016841	As003G064360	XP_010450366.1, XP_010440706.1, XP_010435428.1
OG0016842	As003G064420	XP_010479059.1, XP_010500162.1, XP_010461454.1
OG0016843	As003G065050	XP_010500100.1, XP_010461394.1, XP_010479003.1
OG0016844	As003G065100	XP_010478987.1, XP_010501843.1
OG0016845	As003G065210	XP_010453004.2, XP_010483353.1
OG0016846	As003G065490	XP_010461557.1, XP_010500282.1, XP_010479161.1
OG0016847	As003G065600	XP_010500269.1, XP_010461542.1
OG0016848	As003G065610	XP_010461535.1, XP_010479137.1
OG0016849	As003G065640	XP_010479132.1, XP_010500255.1, XP_010461528.1, XP_019098745.1
OG0016850	As003G065890	XP_010460523.1, XP_010499250.1, XP_010478111.1
OG0016851	As003G065920	XP_010460522.1, XP_019095598.1, XP_010478109.1
OG0016852	As003G066400	XP_010479074.1, XP_010461473.1
OG0016853	As003G066840	XP_010460558.1, XP_010478141.1, XP_010499282.1
OG0016854	As003G067950	XP_010460526.1, XP_010478115.1, XP_010499252.1
OG0016855	As003G068940	XP_010478199.1, XP_010460619.1
OG0016856	As003G068960	XP_019090805.1, XP_019094459.1, XP_019099247.1
OG0016857	As003G069120, As003G069130	XP_010478221.1, XP_010499377.2
OG0016858	As003G069240	XP_010460669.1, XP_010499417.1
OG0016859	As003G070080	XP_010478324.1, XP_010460733.1, XP_010499466.1, XP_010499467.1
OG0016860	As003G070160	XP_010460739.1, XP_010478334.1, XP_010499479.1
OG0016861	As003G070180	XP_010472557.1, XP_010429555.1
OG0016862	As003G070190	XP_010423772.1, XP_010417323.1, XP_010429556.1
OG0016863	As003G070260	XP_010460753.1, XP_010499497.1, XP_010478349.1
OG0016864	As003G070310	XP_010478351.1, XP_010460754.1
OG0016865	As003G070780	XP_019094637.1, XP_019091418.1, XP_019097311.1
OG0016866	As003G071090	XP_010478464.1, XP_010460850.1
OG0016867	As003G071180	XP_019099292.1, XP_010460865.1, XP_010478484.1
OG0016868	As003G071310	XP_010478507.1, XP_010499620.1, XP_010460881.1
OG0016869	As003G071830	XP_010432264.1, XP_010446909.1
OG0016870	As003G072070	XP_010437426.1, XP_010432233.1, XP_010446881.1
OG0016871	As003G072140	XP_010437413.1, XP_010446869.1
OG0016872	As003G072500	XP_010437363.1, XP_010432188.1, XP_010446812.1
OG0016873	As003G072970	XP_010444943.1, XP_010451029.1, XP_019086373.1, XP_019086189.1
OG0016874	As003G073180	XP_010446721.1, XP_010432112.1, XP_010437286.1
OG0016875	As003G073390	XP_010446692.1, XP_010437253.1, XP_010432083.1
OG0016876	As007G180030, As003G074210	XP_010472259.1, XP_010429195.1, XP_010417025.1
OG0016877	As003G074360	XP_010446600.1, XP_010437160.2, XP_010432006.1
OG0016878	As003G074670	XP_010437128.1, XP_010446580.1
OG0016879	As003G074920	XP_010446539.1, XP_019086181.1, XP_010437101.1
OG0016880	As003G075010	XP_010431947.1, XP_010446527.1, XP_010437096.1
OG0016881	As003G075100	XP_019086979.1
OG0016882	As003G075130	XP_010446501.1, XP_010437074.1, XP_019086947.1
OG0016883	As003G075680	XP_010446445.1, XP_010437026.1
OG0016884	As003G075860	XP_010446420.1, XP_010436998.1
OG0016885	As003G076050	XP_010431832.1, XP_010446397.1, XP_010436978.1
OG0016886	As003G076130	XP_010436971.1, XP_010431816.1, XP_010446388.1
OG0016887	As003G076300	XP_010446364.1, XP_010436950.1, XP_010431793.1
OG0016888	As003G076360	XP_010446358.1, XP_010431789.1
OG0016889	As003G076450	XP_019088059.1, XP_010431767.1
OG0016890	As003G076580	XP_010446333.1, XP_010431756.1
OG0016891	As003G076600	XP_010436911.1, XP_019089541.1
OG0016892	As004G076760	XP_010440676.1, XP_010450323.1, XP_010435380.1
OG0016893	As004G076810	XP_010435476.1
OG0016894	As004G077030	XP_019086482.1, XP_019089410.1, XP_019087960.1
OG0016895	As004G077310	XP_010450521.1, XP_010440876.1, XP_010435599.1
OG0016896	As004G077340	XP_010440879.1, XP_010450525.1
OG0016897	As004G078250	XP_010436798.2, XP_010445651.1, XP_010451827.1
OG0016898	As004G078270	XP_010441049.1, XP_010450820.1, XP_010435832.1
OG0016899	As004G078330	XP_010435892.1, XP_010441060.1, XP_010450813.1
OG0016900	As004G078580	XP_010450764.2, XP_010435843.1, XP_010441095.1
OG0016901	As004G078620	XP_010441100.1, XP_010497457.1
OG0016902	As004G078630	XP_019099866.1, XP_019101040.1, XP_019102046.1
OG0016903	As004G078930	XP_010458354.1, XP_010475880.1
OG0016904	As004G079110	XP_010496314.1, XP_010435646.2
OG0016905	As004G079240	XP_010514911.1, XP_010426015.1, XP_010503196.1
OG0016906	As004G079290	XP_010499733.1, XP_010478600.1, XP_010461004.1
OG0016907	As004G080760	XP_010455241.1, XP_010496540.1, XP_010438532.1
OG0016908	As004G080880	XP_010421743.1, XP_010455255.1, XP_010436470.1, XP_010436454.1
OG0016909	As004G080930	XP_010515040.1, XP_010426169.1, XP_010503329.1
OG0016910	As004G081060	XP_010509769.1, XP_010413751.1, XP_019082514.1
OG0016911	As004G081530	XP_010469432.1, XP_010413813.1, XP_010509834.1
OG0016912	As004G081630	XP_010413834.1, XP_010469450.1
OG0016913	As004G081840	XP_010494308.1, XP_010442046.1, XP_010481879.1
OG0016914	As004G081940	XP_019097242.1, XP_019095853.1, XP_019088104.1
OG0016915	As004G082290	XP_010481940.1, XP_010494238.1
OG0016916	As004G082880	XP_010421645.1, XP_010455141.1, XP_010494029.1
OG0016917	As004G082900	XP_010442193.1, XP_010496076.1
OG0016918	As004G083250	XP_010421904.1, XP_010437768.1, XP_010455387.1
OG0016919	As004G083320	XP_010437678.1, XP_010421918.1, XP_010455398.1
OG0016920	As004G084090	XP_010436658.1, XP_010422020.1, XP_010455484.1
OG0016921	As004G084540	XP_010422099.1, XP_010434930.1, XP_010455552.1
OG0016922	As004G085150	XP_010455678.1, XP_010433519.1
OG0016923	As004G085430	XP_010455719.1, XP_010433113.1
OG0016924	As004G085510	XP_019098174.1, XP_019084094.1, XP_010468179.1
OG0016925	As004G086040	XP_010431913.1, XP_010455833.1, XP_010422368.1
OG0016926	As004G086190	XP_019084666.1
OG0016927	As004G086340	XP_010431466.1, XP_010422426.1
OG0016928	As004G086540	XP_010488746.1, XP_010475627.1
OG0016929	As004G086730	XP_010494483.1, XP_010441875.1
OG0016930	As004G088100	XP_010481548.1, XP_010441688.1, XP_010494679.1
OG0016931	As004G089800	XP_010419150.1, XP_010465324.1, XP_010487231.1
OG0016932	As004G090060	XP_010440697.1, XP_010435407.1
OG0016933	As004G090220	XP_010490744.1, XP_010423824.1, XP_010452127.1
OG0016934	As004G090310	XP_019095452.1, XP_010441433.1
OG0016935	As004G090330	XP_010484743.1, XP_010441483.1, XP_010494956.1
OG0016936	As004G090560	XP_010494925.1, XP_010441504.1, XP_010481371.1
OG0016937	As004G090790	XP_010440736.1, XP_010435440.1, XP_010450386.1
OG0016938	As004G091010	XP_010495819.2, XP_019087152.1, XP_010484730.1
OG0016939	As004G091450	XP_010440735.1, XP_010450385.1, XP_010436674.1
OG0016940	As004G091660	XP_010450362.1, XP_010435425.1, XP_010440701.1
OG0016941	As004G091720	XP_010514371.1, XP_010488672.1
OG0016942	As004G091820	XP_010514409.1, XP_010466989.1, XP_010488675.1
OG0016943	As004G091880	XP_010450379.1, XP_010435438.1, XP_010440720.1
OG0016944	As004G092110	XP_010488769.1, XP_010467093.1, XP_010412684.1
OG0016945	As004G092170	XP_010440754.1, XP_010450408.1
OG0016946	As004G092800	XP_010450355.1, XP_010435402.1
OG0016947	As004G093420	XP_010450266.1, XP_010440643.1, XP_010435315.1
OG0016948	As004G093610	XP_010495981.1, XP_010450297.1
OG0016949	As004G094450	XP_010450193.1, XP_010435249.1
OG0016950	As004G094570	XP_010450175.1, XP_010440544.1, XP_010435232.1
OG0016951	As004G095120	XP_010450128.1, XP_010435192.1
OG0016952	As004G095190	XP_010450091.1, XP_010445456.2
OG0016953	As004G095990	XP_010435060.1, XP_010449980.1, XP_010440383.1
OG0016954	As004G096010	XP_010449976.1, XP_010440378.1, XP_010435055.1
OG0016955	As004G096030	XP_010440375.1, XP_010435052.1
OG0016956	As004G096060	XP_010434999.1, XP_010449967.1, XP_010440372.1
OG0016957	As004G096180	XP_010495894.1, XP_010440340.1, XP_010435021.1
OG0016958	As004G096530	XP_019087073.1, XP_010434326.1, XP_010434981.1
OG0016959	As004G096750	XP_010441105.1, XP_010450757.1, XP_010435972.1
OG0016960	As004G096770	XP_019089236.1, XP_019087508.1, XP_019086567.1
OG0016961	As004G097130	XP_010444840.1, XP_010465957.1
OG0016962	As004G097300	XP_010450662.1, XP_010441193.1, XP_010435973.1
OG0016963	As004G097520	XP_010436003.1, XP_010441223.1
OG0016965	As004G098050	XP_010447632.1, XP_010441320.1, XP_019086047.1
OG0016966	As004G098090	XP_010436112.1, XP_010447730.1, XP_010441325.1
OG0016967	As004G098190	XP_010436126.1, XP_010447923.1, XP_010441349.1
OG0016968	As004G098240	XP_010436136.1, XP_010448070.1, XP_010441366.1
OG0016969	As004G098250	XP_019091859.1, XP_010436135.1
OG0016970	As004G098460	XP_010428292.1, XP_010422723.1
OG0016971	As005G098600, As005G103060	XP_010507814.1
OG0016972	As005G098630	XP_010506854.1, XP_010507817.1
OG0016973	As005G098950	XP_010467941.1, XP_010489103.1, XP_010416327.1
OG0016974	As005G099350	XP_010518457.1, XP_010507878.1, XP_010506790.1
OG0016975	As005G099500	XP_019102006.1, XP_010507783.1
OG0016976	As005G100110	XP_010506709.1, XP_010518380.1, XP_010512816.1
OG0016977	As005G100180	XP_010506699.1, XP_010518371.1, XP_010512817.1
OG0016978	As005G100450	XP_010506668.1, XP_010518332.1
OG0016979	As005G100850	XP_010518292.1, XP_019100651.1, XP_010508049.1
OG0016980	As005G101660	XP_019101170.1, XP_010518165.1
OG0016981	As005G102130	XP_010518109.1, XP_019099893.1
OG0016982	As005G102440, As005G102430	XP_010506406.1, XP_019101006.1, XP_010512963.1
OG0016983	As005G103120	XP_010508342.1, XP_010517993.1
OG0016984	As005G103220	XP_019100616.1, XP_010508352.1
OG0016985	As005G103290	XP_010517968.1, XP_019100615.1
OG0016986	As012G285470, As005G103980	XP_010413696.1, XP_010512201.1
OG0016987	As005G104030	XP_010506203.1, XP_010517894.1, XP_010508443.1
OG0016988	As005G104130	XP_010508460.1, XP_010515446.1
OG0016989	As005G104480	XP_010508515.1, XP_010506130.1, XP_010517831.1
OG0016990	As005G105390	XP_010508652.1, XP_010505987.1, XP_010517686.1
OG0016991	As005G105990	XP_010505939.1
OG0016992	As005G106160	XP_010508718.1, XP_019100564.1
OG0016993	As005G106290	XP_019097935.1, XP_019090643.1, XP_010424832.1, XP_019089969.1
OG0016994	As005G106300	XP_010490516.1, XP_010423987.1, XP_010451942.1
OG0016995	As005G106370	XP_010423976.1, XP_010490526.1, XP_019090442.1
OG0016996	As005G106560	XP_010424828.1, XP_010451980.1, XP_010490560.1
OG0016997	As005G106600	XP_010451987.1, XP_010423953.1, XP_010490568.1
OG0016998	As005G106630	XP_010451991.1, XP_019097979.1, XP_010423951.1
OG0016999	As005G106660	XP_010423948.1, XP_010451995.1, XP_010490573.1
OG0017000	As005G106900	XP_010490597.1, XP_010452013.1, XP_010423921.1
OG0017001	As005G106940	XP_010423916.1, XP_010452019.1, XP_010490601.1
OG0017002	As005G107150	XP_010490624.1, XP_010423904.1, XP_010452041.1
OG0017003	As005G107290	XP_010452054.1, XP_010423886.1, XP_010490636.1
OG0017004	As005G107300	XP_010423887.1, XP_010452052.1, XP_010490637.1
OG0017005	As005G107450	XP_010423869.1, XP_010490691.1
OG0017006	As005G107940	XP_010423826.1, XP_010452125.1, XP_010490740.1
OG0017007	As005G108320	XP_019090506.1, XP_019097621.1, XP_019084547.1
OG0017008	As005G109050	XP_010490900.1, XP_019090510.1, XP_010423639.1
OG0017009	As005G110420	XP_019084654.1, XP_019097381.1
OG0017010	As005G110920	XP_010454326.1, XP_010493128.1, XP_010420861.1
OG0017011	As005G111080	XP_010493141.1, XP_010454340.1
OG0017012	As005G111590	XP_010420871.1, XP_010454336.1
OG0017013	As005G112430	XP_019084756.1
OG0017014	As005G112590	XP_010454428.1, XP_010420957.1, XP_010493228.1
OG0017015	As005G113310	XP_010421021.1, XP_010493310.1
OG0017016	As005G113580	XP_010493356.1, XP_010454529.1
OG0017017	As005G113680	XP_010493512.1, XP_010493379.1
OG0017018	As005G114710	XP_010443775.1, XP_010483638.1, XP_010455727.1
OG0017019	As005G115540	XP_010483591.1, XP_010483592.1, XP_010443712.1, XP_010455125.1
OG0017020	As005G115990	XP_019088374.1, XP_010459839.1, XP_010484033.1, XP_019087686.1
OG0017021	As010G225570, As005G116530	XP_010484111.1
OG0017022	As005G116680	XP_010484125.1, XP_010444289.1, XP_019093973.1
OG0017023	As005G116960	XP_010461275.1, XP_010444322.1, XP_010484169.1
OG0017024	As005G117050	XP_010484180.1, XP_010444338.1
OG0017025	As005G117840	XP_010462676.1, XP_010484278.1
OG0017026	As005G117980	XP_010462545.1, XP_010444454.1
OG0017027	As005G118130	XP_010484306.1, XP_010462454.1, XP_010444469.1
OG0017028	As005G118240	XP_010444491.1, XP_010478494.1
OG0017029	As005G118250	XP_010444493.1, XP_010462219.1, XP_010484321.1
OG0017030	As005G118590	XP_019095959.1, XP_019094296.1, XP_019088584.1
OG0017031	As005G118640	XP_019094173.1, XP_010444509.1, XP_010484342.1
OG0017032	As005G118780	XP_010463514.1, XP_010444586.1, XP_010484413.1
OG0017033	As005G118880	XP_010484427.1, XP_010463636.1, XP_010444601.1
OG0017034	As005G118950	XP_010446278.1, XP_010484444.1, XP_010463771.1
OG0017035	As005G119050	XP_010463887.1, XP_010444627.1
OG0017036	As005G119080	XP_010463931.1, XP_010444632.1
OG0017037	As005G119460	XP_010464404.1, XP_010484535.1, XP_010444685.1
OG0017038	As005G119680	XP_019094569.1, XP_010484565.1
OG0017039	As005G119930	XP_010464966.1, XP_010484594.1, XP_010444743.1
OG0017040	As005G120160	XP_010484620.1, XP_010465229.1, XP_010444772.1
OG0017041	As005G120460	XP_010416678.1, XP_010471929.1, XP_010428817.1
OG0017042	As005G120750	XP_010444836.1, XP_010465932.1
OG0017043	As005G120810	XP_010444847.1, XP_010466071.1, XP_010484693.1
OG0017044	As006G121000	XP_010419522.1, XP_010456334.1
OG0017045	As006G121600	XP_010419571.1, XP_010426921.1
OG0017046	As006G121950	XP_010456217.1, XP_010422776.1
OG0017047	As006G122170	XP_010428048.1, XP_010422743.1, XP_010456182.1
OG0017048	As006G122190	XP_010456180.1, XP_010422740.1, XP_010428069.1
OG0017049	As006G122270, As008G198440	XP_010428170.1, XP_010456163.1
OG0017050	As006G122360	XP_010456158.1, XP_010422721.1, XP_010428305.1
OG0017051	As006G122510	XP_010460525.1, XP_010478112.1, XP_010499251.1
OG0017052	As006G122910	XP_010456082.1, XP_010422639.1, XP_010429170.1
OG0017053	As006G123320	XP_010456017.1, XP_010422577.1, XP_010429816.1
OG0017054	As006G124300	XP_010441911.1, XP_010494428.1
OG0017055	As006G124810	XP_010441987.1, XP_010494359.1, XP_010481826.1
OG0017056	As006G124870	XP_010481835.1, XP_010441994.1
OG0017057	As006G124880	XP_010441996.1, XP_010481836.1
OG0017058	As006G125020	XP_019087248.1, XP_019087575.1, XP_010494334.1
OG0017059	As006G125850	XP_010469546.1, XP_010413947.1, XP_010509968.2
OG0017060	As006G126890	XP_010469662.1, XP_010414073.1, XP_010510144.1
OG0017061	As006G126910	XP_010469670.1, XP_010414077.1, XP_010510149.1
OG0017062	As006G127170	XP_010469714.1
OG0017063	As006G127560	XP_019083020.1, XP_019093059.1, XP_019101397.1
OG0017064	As006G127800	XP_010414208.1, XP_010469787.1, XP_010510278.1
OG0017065	As006G128000	XP_019083033.1, XP_010469840.1, XP_010510341.1
OG0017066	As006G128410	XP_010469897.1, XP_010414315.1
OG0017067	As006G128920	XP_010414391.1, XP_010510497.1, XP_010469960.1
OG0017068	As006G129230	XP_010470024.1, XP_010414462.1, XP_010510559.1
OG0017069	As006G129540	XP_010510590.1, XP_010470053.1
OG0017070	As006G129580	XP_010510597.1, XP_019082861.1
OG0017071	As006G129860	XP_010414527.1, XP_010510626.1, XP_010470084.1
OG0017072	As006G130050	XP_010510681.1, XP_010470137.1, XP_010414586.1
OG0017073	As006G130090	XP_010473198.1, XP_010510692.1
OG0017074	As006G130330	XP_010473170.1, XP_010510730.1, XP_010417926.1
OG0017075	As006G130620	XP_010513318.1, XP_019093768.1, XP_010417857.1
OG0017076	As006G130960	XP_010473080.1, XP_019083585.1
OG0017077	As006G131280	XP_010417813.1, XP_010473051.1, XP_010510879.1
OG0017078	As006G131290	XP_019101502.1, XP_010417812.1, XP_010473050.1
OG0017079	As006G131300	XP_010473042.1, XP_010510888.1, XP_010417805.1
OG0017080	As006G131530	XP_010429673.1
OG0017081	As006G131570	XP_010429670.2, XP_010417441.1, XP_010472676.1
OG0017082	As006G131660	XP_010417425.1, XP_010472665.1, XP_010429659.1
OG0017083	As006G131760	XP_010429641.1, XP_010472649.1, XP_010417403.1
OG0017084	As006G131830	XP_010417398.1, XP_010472643.1, XP_010429636.1
OG0017085	As006G131880	XP_010429627.1, XP_010472639.1, XP_010417390.1
OG0017086	As006G132150	XP_010441180.1, XP_010450670.1, XP_010436814.1
OG0017087	As006G132170	XP_010429590.1, XP_010472604.1, XP_010417361.1
OG0017088	As006G132240	XP_010448124.1, XP_010433355.1
OG0017089	As006G132270	XP_010448125.1, XP_010433359.1
OG0017090	As006G132300	XP_010438612.1, XP_010448132.2, XP_010433365.1
OG0017091	As006G132390	XP_010438623.1, XP_019089728.1, XP_010433376.2
OG0017092	As006G132400	XP_010448145.1, XP_010438624.1, XP_010433377.1
OG0017093	As006G132430	XP_010438627.1, XP_010448149.1
OG0017094	As006G132940	XP_010485385.1, XP_019086322.1, XP_010496281.1
OG0017095	As006G132960	XP_010485388.1, XP_010496286.1, XP_010435647.1
OG0017096	As006G133190	XP_010435665.1
OG0017097	As006G133260	XP_010436731.2, XP_010496437.1
OG0017098	As006G133440	XP_010482176.1, XP_010442348.1, XP_010439895.1
OG0017099	As006G133580	XP_010496893.1, XP_010496405.1
OG0017100	As006G134120	XP_010436373.2, XP_010448278.1, XP_019087041.1
OG0017101	As006G134220	XP_010433495.1, XP_010438745.1, XP_010448262.1
OG0017102	As006G134340	XP_010438724.1, XP_010433467.1, XP_010448239.1
OG0017103	As006G134470	XP_010433430.1, XP_010448202.1, XP_010438687.1
OG0017104	As006G134650	XP_010448226.1, XP_010433457.1, XP_010438712.1
OG0017105	As006G135110	XP_010446376.1, XP_010489635.1, XP_010467969.1
OG0017106	As006G135210	XP_010459308.1, XP_010463618.1
OG0017107	As006G135790	XP_010501491.1, XP_010485607.1, XP_010463704.1
OG0017108	As006G135870	XP_010485617.1, XP_010502342.1, XP_010463717.1
OG0017109	As006G135900	XP_010502637.1, XP_010463720.1, XP_010485621.1
OG0017110	As006G136210	XP_010507366.1
OG0017111	As006G136350	XP_010463780.1, XP_010485671.1, XP_010509109.1
OG0017112	As006G136490	XP_010510882.1, XP_010463795.1
OG0017113	As006G136710	XP_010463821.1, XP_010512872.1
OG0017114	As006G137280	XP_010485770.1, XP_010463871.1, XP_010517383.1
OG0017115	As006G137840	XP_010417299.1, XP_010485845.1, XP_010463948.1
OG0017116	As006G137980	XP_010463963.1, XP_010485860.1, XP_010418757.1
OG0017117	As006G138060	XP_010485870.1, XP_010419273.1, XP_010463971.1
OG0017118	As006G138690	XP_010485955.1, XP_010468019.1, XP_010417739.1
OG0017119	As006G138820	XP_010427818.1, XP_010464072.1
OG0017120	As006G139210	XP_010486057.1, XP_010464135.1, XP_010432487.1
OG0017121	As006G139220	XP_019093446.1, XP_010489688.1, XP_010464136.1
OG0017122	As006G139430	XP_010464157.1, XP_010486077.1, XP_010434310.1
OG0017123	As006G139530	XP_010464167.1, XP_010486085.1, XP_010435160.1
OG0017124	As006G139550	XP_010486089.1, XP_010435363.1, XP_010464169.1
OG0017125	As006G140100	XP_010440377.1, XP_010486154.1
OG0017126	As006G140150	XP_010441142.1, XP_010486161.1
OG0017127	As006G140210	XP_019093833.1, XP_010464231.1, XP_019096332.1
OG0017128	As006G140480	XP_010486215.1, XP_010464274.1, XP_010445384.1
OG0017129	As006G140590	XP_010446592.1, XP_010464315.1, XP_010486227.1
OG0017130	As006G141020	XP_010486276.1, XP_010450727.1, XP_010464347.1
OG0017131	As006G141140	XP_010451591.1, XP_010486288.1
OG0017132	As006G141270	XP_019100530.1, XP_019096967.1
OG0017133	As006G141430	XP_010456796.1, XP_010464410.1
OG0017134	As006G141730	XP_010486379.1, XP_010464446.1, XP_010460785.1
OG0017135	As006G141780	XP_010486380.1, XP_010464449.1
OG0017136	As006G142130	XP_010486433.1, XP_010466031.1
OG0017137	As006G142600	XP_010505757.1, XP_010517449.1, XP_010508881.1
OG0017138	As006G143060	XP_010508945.1, XP_010505687.1, XP_010517369.1
OG0017139	As006G143460	XP_019102542.1, XP_010507634.1
OG0017140	As006G143480	XP_010508999.1, XP_010517312.1
OG0017141	As006G143530	XP_010505630.1
OG0017142	As006G143650	XP_010509064.1, XP_010505585.1, XP_010517255.1
OG0017143	As006G143960	XP_010517252.1, XP_010505582.1, XP_010509068.1
OG0017144	As006G144180	XP_010517214.1, XP_010505545.1, XP_010509101.1
OG0017145	As006G144200	XP_019101251.1, XP_019099772.1
OG0017146	As006G144670	XP_010509508.1, XP_010505147.1, XP_010516823.1
OG0017147	As006G145290	XP_010516898.1, XP_010505220.1, XP_010509441.1
OG0017148	As006G145620	XP_010516937.2, XP_010505252.1, XP_010509403.1
OG0017149	As006G146250	XP_010517020.1, XP_010509328.1, XP_010505339.1
OG0017150	As006G146750	XP_010509289.1, XP_010517044.1, XP_010505367.1
OG0017151	As006G146790	XP_010505370.1, XP_010509283.1, XP_010517049.1
OG0017152	As006G148310	XP_010509117.1, XP_010517137.1, XP_010505466.1
OG0017153	As007G151960	XP_010459054.1, XP_010476617.1
OG0017154	As007G152150	XP_010476642.1, XP_010459091.1, XP_010497221.1
OG0017155	As007G152450	XP_010497568.1
OG0017156	As007G152990	XP_019095104.1, XP_019097071.1, XP_019091296.1
OG0017157	As007G153060	XP_010497977.1, XP_010476772.1
OG0017158	As007G153450	XP_019091474.1
OG0017159	As007G153540	XP_010498053.1, XP_010459277.2
OG0017160	As007G153660	XP_010459295.1, XP_010498068.1, XP_010476866.1
OG0017161	As007G154060	XP_010476921.1, XP_010459365.1, XP_010498134.1
OG0017162	As007G154440	XP_010477013.1, XP_010459449.1
OG0017163	As007G154650	XP_010498192.1, XP_010459417.1, XP_010476983.1
OG0017164	As007G154900	XP_010459468.1, XP_010498242.1
OG0017165	As007G154960	XP_019098708.1, XP_010498251.1
OG0017166	As007G155020	XP_010477038.1, XP_010459484.1, XP_019099074.1
OG0017167	As007G155150	XP_010477065.1, XP_010498278.1
OG0017168	As007G155520	XP_010459568.1, XP_010498322.1
OG0017169	As007G155810	XP_010498367.1, XP_010477168.1, XP_010459621.1
OG0017170	As007G155880	XP_010477179.1, XP_010498381.1, XP_010459631.1
OG0017171	As007G156220	XP_010479543.1, XP_010500654.1, XP_010461928.1
OG0017172	As007G156980	XP_019099123.1, XP_019091651.1, XP_019094427.1
OG0017173	As007G157450	XP_010501544.1, XP_010459861.1, XP_010496340.1
OG0017174	As007G157650	XP_010496318.1, XP_010498619.1, XP_010459881.1
OG0017175	As007G157690	XP_010498624.1, XP_010477409.1
OG0017176	As007G157730	XP_010459892.1, XP_019099135.1
OG0017177	As007G157830	XP_010459901.1, XP_010498638.1
OG0017178	As007G158320	XP_010498702.1, XP_010477492.1, XP_010459980.1
OG0017179	As007G158570	XP_010477514.1, XP_010460012.1, XP_010498728.1
OG0017180	As007G158640	XP_010460018.1, XP_010498741.1, XP_010477521.1
OG0017181	As007G158790	XP_010461083.1, XP_010478708.1, XP_019098616.1
OG0017182	As007G158810	XP_010498756.1, XP_010460034.1
OG0017183	As007G158970	XP_010498774.1, XP_010460053.1, XP_010477558.1
OG0017184	As007G159180	XP_010460077.1, XP_010498793.1, XP_010477583.1
OG0017185	As007G159240	XP_010460087.1, XP_010498814.1, XP_010477595.1
OG0017186	As007G159860	XP_010477724.1, XP_010460175.1, XP_010498924.1
OG0017187	As007G159910	XP_010498930.1, XP_010496925.1, XP_010460179.1
OG0017188	As007G160220	XP_010498974.1, XP_010477776.1, XP_010460228.1
OG0017189	As007G160540	XP_010460267.1, XP_010498999.1, XP_019095348.1
OG0017190	As007G161050	XP_010460341.1, XP_010499075.1, XP_010477888.1
OG0017191	As007G161370	XP_010460391.1, XP_019095162.1
OG0017192	As007G161690	XP_010501607.1, XP_010462912.1
OG0017193	As007G162600	XP_010499237.1, XP_010478095.1, XP_010460515.1
OG0017194	As007G162610	XP_019098422.1, XP_010499231.1, XP_010478089.1, XP_010460507.1
OG0017195	As007G162620	XP_010478088.1, XP_010499228.1
OG0017196	As007G162930	XP_010439039.1, XP_010448565.1, XP_010433767.1
OG0017197	As007G164370	XP_010517593.1, XP_010508768.1, XP_010505872.1
OG0017198	As007G164650	XP_019089685.1, XP_010433660.2, XP_019088421.1
OG0017199	As007G165210	XP_010438860.1, XP_010433614.1, XP_010448411.1
OG0017200	As007G166030	XP_010433314.1, XP_010438551.1, XP_010448079.1
OG0017202	As007G177070	XP_010417248.1, XP_010472503.1
OG0017203	As007G177680	XP_010429506.1, XP_010417275.1, XP_010472515.1
OG0017204	As007G178110	XP_010472446.1, XP_010417193.1
OG0017205	As007G178390	XP_010429388.1, XP_010417171.1, XP_010472426.1
OG0017206	As007G179560	XP_010429287.1, XP_010417089.1
OG0017207	As007G179810	XP_010472303.1, XP_010417060.1, XP_010429248.1
OG0017208	As007G180050	XP_010429193.1
OG0017209	As007G180170	XP_010472242.1, XP_010429174.1
OG0017210	As007G180550	XP_019085078.1, XP_019083469.1
OG0017211	As007G180620	XP_010429114.1, XP_010416951.1
OG0017212	As007G180890	XP_010429074.1, XP_010416905.1, XP_010472149.1
OG0017213	As007G180940	XP_010472142.1, XP_010416896.1, XP_010429060.1
OG0017214	As007G181050	XP_010416882.1, XP_010472122.1, XP_010431555.1
OG0017215	As007G181870	XP_019085067.1, XP_010416862.1, XP_019094040.1
OG0017216	As007G181890	XP_010429016.1, XP_010472098.1
OG0017217	As008G182750	XP_010476534.1, XP_010496407.1
OG0017218	As008G183290	XP_010476448.1, XP_010495793.1, XP_010458896.1
OG0017219	As008G183810	XP_010458813.1, XP_010495433.1, XP_010476367.1
OG0017220	As008G184090	XP_010462690.1, XP_019094397.1, XP_019095251.1
OG0017221	As008G184430	XP_010476267.1, XP_019095241.1, XP_010458728.1
OG0017223	As008G184650	XP_010476229.1, XP_010458686.1, XP_010494372.1
OG0017224	As008G185990	XP_010412646.1, XP_010492899.1, XP_010476074.1, XP_010458547.1
OG0017225	As008G186100	XP_010458527.1, XP_010476057.1, XP_010492698.1
OG0017226	As008G186700	XP_010492025.1, XP_010475957.1, XP_010458450.1
OG0017227	As008G186760	XP_019095178.1, XP_010480421.1, XP_010458441.1
OG0017228	As008G186800	XP_010491860.1, XP_010475971.1
OG0017229	As008G187320	XP_010475892.1, XP_010458373.1, XP_010490908.1
OG0017230	As008G187530	XP_010458290.1, XP_010475835.1
OG0017231	As008G187610	XP_010458304.1, XP_010490435.1
OG0017232	As008G188360	XP_010458227.1, XP_010489999.1, XP_010475778.1
OG0017233	As008G188680	XP_010475751.1, XP_010489849.1, XP_010458201.1
OG0017234	As008G188690	XP_010414984.1, XP_010480249.1, XP_010511280.1
OG0017235	As008G188720	XP_019091586.1, XP_010475746.1, XP_010489791.1
OG0017236	As008G188860	XP_019092175.1
OG0017237	As008G188910	XP_010458181.1, XP_010489709.1
OG0017238	As008G189080	XP_010491315.1, XP_010452663.1, XP_010423251.1
OG0017239	As008G190440	XP_010475653.1, XP_010488969.1, XP_010458092.1
OG0017240	As008G192960	XP_019091692.1
OG0017241	As008G193710	XP_010475367.1, XP_010486062.1, XP_010457766.1
OG0017242	As008G193920	XP_010457750.1, XP_010485891.1
OG0017243	As008G194300	XP_010485499.1, XP_019091686.1, XP_010475311.1
OG0017244	As008G194670	XP_010485103.1, XP_010475260.1, XP_019090858.1
OG0017245	As008G194900	XP_010484941.1, XP_010457624.1, XP_010475232.1
OG0017246	As008G195450	XP_010457570.1, XP_010475176.1, XP_010484553.1
OG0017247	As008G195490	XP_010457568.1, XP_010484516.1, XP_010475172.1
OG0017248	As008G195960	XP_010457517.1, XP_010475124.1, XP_019094995.1
OG0017249	As008G196200	XP_010475090.1
OG0017250	As008G196510	XP_019098781.1, XP_010457442.1, XP_010475052.1
OG0017251	As008G196570	XP_010482990.1, XP_010457430.1, XP_010475043.1
OG0017252	As008G196860	XP_010474995.1, XP_010457377.1
OG0017253	As008G196880	XP_019094309.1, XP_010474997.1, XP_010457380.1
OG0017254	As008G196890	XP_010457381.1, XP_010482422.1, XP_010474998.1
OG0017255	As008G196930	XP_010457390.1, XP_010475003.1, XP_010482486.1
OG0017256	As008G196980	XP_010475010.1, XP_010482539.1, XP_010457397.1
OG0017257	As008G197170	XP_010480330.1, XP_010462547.1
OG0017258	As008G197310	XP_010481683.1, XP_010457324.1, XP_010474937.1
OG0017259	As008G197940	XP_010474650.1, XP_010480914.1
OG0017260	As008G198140	XP_010474647.1, XP_010457206.1, XP_010480887.1
OG0017261	As008G199140	XP_010479851.1, XP_010457086.1, XP_010474794.1
OG0017262	As008G199230	XP_010479691.1, XP_010457071.1, XP_010474814.1
OG0017263	As008G199590	XP_010474841.1, XP_010479373.1
OG0017264	As008G199640	XP_010479321.1, XP_019098226.1
OG0017265	As009G199890	XP_010420098.1, XP_010453583.1, XP_010492265.1
OG0017266	As009G199920	XP_010420093.1, XP_010492260.1, XP_010453576.1
OG0017267	As009G199950	XP_010453574.1, XP_010420091.1, XP_010492258.1
OG0017268	As009G199980	XP_010420084.1, XP_010492254.1
OG0017269	As009G200720	XP_010420143.1, XP_010492319.1, XP_019090050.1
OG0017270	As009G200730	XP_010420144.1, XP_010453628.1, XP_010492321.1
OG0017271	As009G200740	XP_010420146.1, XP_010453630.1, XP_010492325.1
OG0017272	As009G201210	XP_010420190.1, XP_010492367.1, XP_010453670.1
OG0017273	As009G201340	XP_010492352.1, XP_010453654.1, XP_010420182.1
OG0017274	As009G202090	XP_010420305.1, XP_010453776.1, XP_019099684.1, XP_010492501.1
OG0017275	As009G202380	XP_010420333.1, XP_010492540.1, XP_010453800.1
OG0017276	As009G202690	XP_010424130.1, XP_010492597.1
OG0017277	As009G203580	XP_010453962.1, XP_010420492.1, XP_010492724.1
OG0017278	As009G203620	XP_010420498.1, XP_010492728.1, XP_010453968.1
OG0017279	As009G203730	XP_010492744.1, XP_010420506.1
OG0017280	As009G203930	XP_010511817.1
OG0017281	As009G204720	XP_010492931.1, XP_010454142.1
OG0017282	As009G204850	XP_010420686.1, XP_019097197.1, XP_010454163.1
OG0017283	As009G204870	XP_010492940.1, XP_010454165.2, XP_010420688.1
OG0017284	As009G205140	XP_010454202.1, XP_010420729.1, XP_010492986.1
OG0017285	As009G206520	XP_010494013.1
OG0017286	As009G206880	XP_010494052.1, XP_010455157.1
OG0017287	As009G207120	XP_010494108.1, XP_010455192.1
OG0017288	As009G207250	XP_010482239.1, XP_010440804.1, XP_010442425.1
OG0017289	As009G207400	XP_010440633.1, XP_010442416.1, XP_010482224.1
OG0017290	As009G207980	XP_019088481.1, XP_010484973.2, XP_010440290.1
OG0017291	As009G209130	XP_010493651.1
OG0017292	As009G210070	XP_010482102.1, XP_010442278.1
OG0017293	As009G210230	XP_010492139.1, XP_010424086.1
OG0017294	As009G210260	XP_010492130.1, XP_010453451.1
OG0017295	As009G210700	XP_010423293.1, XP_010452623.1
OG0017296	As009G211790	XP_010502333.1, XP_010425113.1
OG0017297	As009G211880	XP_010462472.1
OG0017298	As009G212130	XP_010442212.1, XP_010439146.1, XP_010482045.1
OG0017299	As009G213680	XP_010491066.1, XP_010423482.1, XP_010452433.1
OG0017300	As009G213800	XP_010452430.1, XP_010491062.1, XP_010423485.1
OG0017301	As009G213840	XP_010452428.1, XP_010423487.1, XP_010491058.1
OG0017302	As009G213950	XP_010456403.1, XP_010424771.1
OG0017303	As009G214100	XP_010452392.1, XP_010491019.1, XP_010423519.1
OG0017304	As009G215040	XP_010454880.1, XP_010421399.1, XP_010493804.1
OG0017305	As009G215250	XP_010454895.1, XP_010493816.1, XP_010424321.1
OG0017306	As009G215290	XP_010495500.1, XP_010421393.1, XP_010454873.1
OG0017307	As009G215540	XP_019095071.1, XP_010498169.1
OG0017308	As009G215770	XP_010454812.1, XP_010421331.1, XP_010493727.1
OG0017309	As009G215860	XP_010495463.1
OG0017310	As009G216090	XP_010493578.1, XP_010421258.1
OG0017311	As009G216180	XP_010493592.1, XP_010454747.1
OG0017312	As009G216360	XP_010495430.1, XP_010456669.2, XP_010421251.1
OG0017313	As009G216550	XP_010421217.1, XP_010493539.1
OG0017314	As009G216620	XP_010421209.1, XP_010493531.1, XP_010454692.1
OG0017315	As009G216630	XP_010493529.1, XP_010454686.1, XP_010421208.1
OG0017316	As009G217330	XP_010454599.1, XP_010493429.1
OG0017317	As009G217380	XP_010421109.1, XP_019090088.1
OG0017318	As009G217920	XP_010457120.1, XP_010443945.1, XP_010483793.1
OG0017319	As009G218100	XP_010443063.1, XP_010448683.1
OG0017320	As009G218130	XP_010457409.1, XP_010483823.1, XP_010443971.1
OG0017321	As009G218420	XP_010457906.1, XP_010444023.1, XP_019095675.1
OG0017322	As009G218470	XP_010483880.1, XP_010457964.1, XP_010444026.1
OG0017323	As009G218520	XP_010483892.1, XP_010444037.1, XP_010477917.1
OG0017324	As009G218580	XP_010483944.1, XP_010458204.1
OG0017325	As009G218650	XP_010483925.1, XP_010444064.1
OG0017326	As009G219430	XP_010444168.1, XP_010459722.1, XP_010484023.1
OG0017327	As009G219790	XP_010443596.1, XP_010483457.1, XP_010453920.1
OG0017328	As009G219850	XP_010453810.1
OG0017329	As009G219880	XP_010453772.1, XP_010483446.1, XP_010443586.1
OG0017330	As010G220330	XP_019100262.1, XP_019085846.1, XP_019082484.1
OG0017331	As010G220570	XP_010426639.1, XP_010515479.1, XP_010503772.1
OG0017332	As010G220660	XP_010424890.1, XP_010503762.1, XP_010515466.1
OG0017333	As010G220760	XP_010503743.1, XP_010426618.1
OG0017334	As010G220880	XP_010515434.1, XP_010503730.1, XP_010426605.1
OG0017335	As010G221220	XP_010503692.2, XP_010515384.2, XP_010426566.2
OG0017336	As010G221300	XP_010412685.1, XP_010503669.1, XP_010426539.1
OG0017337	As010G221680	XP_010420760.1, XP_010454236.1, XP_010493026.1
OG0017338	As010G222310	XP_010426395.1, XP_010515231.1, XP_010518528.1, XP_010503538.1
OG0017339	As010G222380	XP_010515212.1, XP_010503526.1
OG0017340	As010G222650	XP_010503479.1, XP_010515168.1
OG0017341	As010G222870	XP_010503456.1, XP_010426314.1, XP_010515141.1
OG0017342	As010G222970	XP_010515131.1, XP_010503442.1
OG0017343	As010G223300	XP_010503403.1, XP_010426254.1
OG0017344	As010G223390	XP_010426230.1, XP_010515084.1
OG0017345	As010G223590	XP_010515057.1, XP_010503351.1, XP_010426193.1
OG0017346	As010G224100	XP_010515019.1, XP_010503310.1
OG0017347	As010G224250	XP_010503297.1, XP_010515005.1, XP_010426124.1
OG0017348	As010G224520	XP_010503264.1, XP_010514975.2
OG0017349	As010G224840	XP_010440520.1, XP_010450093.1
OG0017350	As010G225360	XP_010425946.1, XP_010503171.1, XP_010514863.1
OG0017351	As010G226160	XP_019085979.1, XP_019100162.1, XP_019102243.1
OG0017352	As010G226190	XP_019102244.1, XP_010425867.1, XP_019100163.1
OG0017353	As010G226300	XP_010514768.1, XP_019099646.1
OG0017354	As010G226990	XP_019085972.1, XP_010507152.1
OG0017355	As010G227400	XP_010454317.1, XP_010420851.1, XP_010493119.1
OG0017356	As010G227670	XP_010415364.1, XP_010470703.1, XP_010511735.1
OG0017357	As010G227870	XP_010415352.1, XP_010511724.1
OG0017358	As010G229080	XP_010492155.1, XP_010453475.1, XP_019083802.1
OG0017359	As010G229700	XP_010511757.1, XP_010415388.1, XP_010470722.1
OG0017360	As010G230590	XP_010415377.1, XP_010511748.1
OG0017361	As010G231350	XP_010415514.1, XP_010511903.1
OG0017362	As010G232110	XP_010511942.1, XP_010415547.1, XP_010470890.1
OG0017363	As010G232210	XP_010511944.2, XP_010415553.1
OG0017364	As010G232530	XP_010440964.1, XP_010484990.1
OG0017365	As010G232580	XP_010470934.1, XP_010511978.1
OG0017366	As010G232600	XP_010511987.1, XP_010415594.1, XP_010470937.1
OG0017367	As010G232780	XP_010470972.1, XP_010415626.1, XP_010512024.1
OG0017368	As010G233550	XP_010427841.1, XP_010471059.1
OG0017369	As010G233560	XP_010415749.1, XP_010471063.1, XP_010427842.1
OG0017370	As010G233670	XP_019094141.1, XP_010415762.1, XP_010427864.1
OG0017371	As010G233870	XP_010471102.1, XP_010427908.1
OG0017372	As010G233990	XP_010471113.1, XP_010415802.1, XP_010427923.1
OG0017373	As010G234010	XP_010415804.1, XP_010471114.1, XP_010427924.1
OG0017374	As010G234330	XP_010415861.1
OG0017375	As010G235480	XP_019082857.1, XP_010471996.1
OG0017376	As010G235520	XP_010471993.1, XP_010428880.1, XP_010416759.1
OG0017377	As010G235990	XP_010416692.1, XP_010428827.1
OG0017378	As010G236020	XP_010474379.1, XP_019083419.1
OG0017379	As010G236110	XP_010416673.1, XP_010428811.1
OG0017380	As010G236440	XP_019082686.1, XP_010471867.1, XP_019085034.1
OG0017381	As010G236720	XP_010428737.1, XP_010474371.2, XP_010416599.1
OG0017382	As010G236820	XP_010416588.1, XP_010471821.1
OG0017383	As010G236840	XP_010471816.1, XP_010416581.1, XP_010428725.1
OG0017384	As010G237310	XP_010428673.1, XP_010471771.1, XP_010416531.1
OG0017385	As010G237630	XP_010419219.1, XP_010428636.1
OG0017386	As010G237700	XP_019093912.1, XP_019085785.1
OG0017387	As010G238070	XP_010498395.1, XP_010459650.1
OG0017388	As010G238560	XP_010428499.1, XP_010416358.1, XP_010471598.1
OG0017389	As010G238860	XP_010428457.1, XP_010416324.1, XP_010471557.1
OG0017390	As010G239180	XP_019084999.1, XP_019083359.1
OG0017391	As010G239320	XP_010493002.1, XP_010454213.1, XP_010420742.1
OG0017392	As010G239420	XP_010416241.1, XP_010471500.1, XP_010428374.1
OG0017393	As010G239520	XP_019086742.1, XP_019088425.1, XP_019089717.1
OG0017394	As010G239810	XP_010428310.1, XP_010471441.1, XP_010416193.1
OG0017395	As010G239930	XP_010428302.1, XP_010471434.1, XP_010416184.1
OG0017396	As010G240210	XP_010471402.1, XP_010416150.1
OG0017397	As010G240300	XP_010416130.1, XP_010428252.1, XP_010471390.1
OG0017398	As010G240530	XP_019083330.1, XP_019094125.1
OG0017399	As010G240810	XP_010419174.1, XP_010431502.1, XP_010471346.1
OG0017400	As010G241210	XP_010471283.1, XP_010416011.1
OG0017401	As010G241910	XP_010429681.1, XP_010417451.1
OG0017402	As010G242120	XP_010417487.1, XP_010472715.1
OG0017403	As010G242500	XP_019093859.1, XP_019085907.1, XP_010417530.1
OG0017404	As010G242890	XP_010472806.1, XP_019085166.1, XP_010417611.1
OG0017405	As010G242950	XP_010429847.1, XP_010472813.1, XP_010417620.1
OG0017406	As010G243120	XP_010417640.1, XP_010472844.1, XP_010429874.1
OG0017407	As010G243240	XP_010417652.1, XP_010472854.1
OG0017408	As010G243360	XP_010429898.1, XP_010472869.1
OG0017409	As010G244090	XP_019093528.1, XP_019082732.1, XP_019085663.1
OG0017410	As010G244270	XP_019082491.1, XP_019082737.1, XP_010417762.1, XP_019082492.1, XP_010473000.1, XP_010430031.1
OG0017411	As010G244440	XP_010473018.1, XP_010430050.1
OG0017412	As010G244460	XP_010430051.1, XP_019082493.1, XP_010473021.1
OG0017413	As010G244580	XP_010417787.1, XP_019085195.1, XP_010473024.1
OG0017414	As011G244800	XP_019092206.1, XP_019096576.1, XP_019101598.1
OG0017415	As011G245010	XP_010465120.1, XP_010500053.1
OG0017416	As011G245220	XP_010500345.1
OG0017417	As011G245530	XP_010465199.1, XP_010500722.1
OG0017418	As011G245660	XP_010465227.1, XP_010501059.1, XP_010487138.1
OG0017419	As011G245740	XP_010487152.1, XP_010465244.1, XP_010501173.1
OG0017420	As011G246720	XP_010501957.1, XP_010465349.1, XP_010487256.1
OG0017421	As011G246730	XP_010501973.1, XP_010465348.1, XP_010487257.1
OG0017422	As011G247160	XP_019092605.1, XP_010487320.1
OG0017423	As011G247250	XP_010487331.1, XP_010502538.1, XP_010465458.1
OG0017424	As011G247270	XP_010487334.1, XP_010465465.1
OG0017425	As011G247530	XP_010502861.1, XP_010487360.1, XP_010465498.1
OG0017426	As011G247820	XP_010503247.1, XP_010487390.1, XP_010465535.1
OG0017427	As011G248460	XP_010487483.1, XP_010504084.1
OG0017428	As011G248670	XP_010504344.1, XP_010465669.1
OG0017429	As011G248990	XP_010419414.1, XP_010487545.1, XP_010465702.1
OG0017430	As011G249950	XP_010487689.1, XP_010465851.1, XP_010506085.1
OG0017431	As011G250500	XP_010465944.1, XP_019102540.1, XP_010487770.1
OG0017432	As011G250530	XP_010506925.1, XP_010487772.1, XP_010487773.1
OG0017433	As011G251100	XP_010466028.1, XP_010487825.1
OG0017434	As011G251320, As011G257260	XP_010466053.1, XP_010487850.1
OG0017435	As011G251690	XP_010466113.1, XP_010507856.1
OG0017436	As011G251730	XP_019092418.1, XP_019096597.1, XP_019096669.1
OG0017437	As011G251800	XP_010507919.1, XP_010468301.1, XP_010489949.1
OG0017438	As011G251830	XP_010507938.1, XP_019092411.1
OG0017439	As011G251850	XP_010466131.1, XP_010507957.1
OG0017440	As011G253410	XP_010466394.1, XP_010510300.1
OG0017441	As011G253620	XP_010466366.1, XP_010510082.1
OG0017442	As011G253630	XP_019096698.1, XP_019092632.1, XP_019082852.1
OG0017443	As011G253740	XP_010510410.1, XP_010488175.1, XP_019092714.1
OG0017444	As011G253750	XP_010466411.1, XP_010488182.1, XP_010510430.1
OG0017445	As011G254470	XP_010466528.1, XP_010488276.1, XP_010511365.1
OG0017446	As011G254660	XP_019087906.1, XP_019095721.1
OG0017447	As011G254670	XP_010466561.1, XP_010466565.1
OG0017448	As011G255200	XP_010488369.1, XP_010421448.1, XP_010468409.1
OG0017449	As011G255660	XP_010466728.1, XP_010512803.1, XP_010488448.1
OG0017451	As011G256600	XP_010466859.1
OG0017452	As011G256900	XP_010488579.1, XP_010466898.1, XP_010468479.1, XP_010422370.1
OG0017453	As011G257510	XP_010488597.1, XP_019091996.1
OG0017454	As011G258860	XP_010417336.1, XP_010429566.1
OG0017455	As011G259390	XP_010412524.1, XP_010467058.1
OG0017456	As011G259850	XP_010467144.1, XP_010490187.1, XP_010413110.1
OG0017457	As011G260710	XP_010467174.1, XP_010518547.1, XP_010488835.1
OG0017458	As011G260920	XP_019098489.1, XP_019088932.1, XP_010467188.1, XP_019097132.1
OG0017459	As011G261410	XP_010467110.1, XP_010412820.1, XP_010488786.1
OG0017460	As011G262020	XP_019096476.1, XP_010467198.1, XP_010518373.1
OG0017461	As011G262190	XP_010488877.1, XP_010517438.1, XP_019092332.1
OG0017462	As011G263070	XP_010489188.1, XP_010467342.1, XP_010517022.1
OG0017463	As011G263370	XP_010489213.1, XP_010516766.1, XP_010467364.1
OG0017464	As011G264230	XP_010489336.1, XP_010423189.2, XP_010467478.1
OG0017465	As011G264420	XP_010467513.1, XP_010489369.1
OG0017466	As011G264660	XP_010514738.1, XP_010489395.1, XP_010467543.1
OG0017467	As011G264750	XP_010413454.1, XP_010467577.1
OG0017468	As011G265270	XP_010414332.1, XP_010489550.1
OG0017469	As011G265620	XP_010414798.1, XP_010467724.1
OG0017470	As011G266090	XP_010489481.1, XP_010467890.1, XP_010415332.1
OG0017471	As011G266720	XP_019096721.1, XP_010416299.1, XP_010467937.1
OG0017472	As011G267000	XP_010432846.1, XP_010489058.1
OG0017473	As011G267080	XP_010467832.1, XP_010415835.1, XP_010489046.1
OG0017474	As011G267310	XP_010438469.1, XP_010433228.1, XP_010447988.1
OG0017475	As011G267470	XP_010467766.1, XP_010490262.1
OG0017476	As011G267490	XP_010489160.1, XP_010467906.1
OG0017477	As011G267540	XP_010467771.1, XP_010488999.2
OG0017478	As011G267600	XP_010488979.1, XP_010497796.2
OG0017479	As011G267610	XP_010467756.1, XP_010488976.2
OG0017480	As012G267760	XP_010462484.1, XP_010501261.1
OG0017481	As012G267990	XP_010501213.1, XP_010462450.1
OG0017482	As012G268170	XP_010501192.1, XP_010462433.1, XP_010480118.1
OG0017483	As012G268300	XP_010480099.1, XP_010502027.1
OG0017484	As012G268760	XP_010480056.1, XP_010462372.1, XP_010501138.1
OG0017485	As012G268860	XP_019095323.1, XP_010462362.1
OG0017486	As012G268880	XP_010480028.1, XP_010501121.1, XP_010462358.1
OG0017487	As012G268890	XP_010462355.1, XP_010502021.1, XP_010480031.1
OG0017488	As012G269090	XP_010501093.1, XP_010462330.1
OG0017489	As012G269340	XP_010462301.1, XP_010479975.1
OG0017490	As012G269510	XP_010501028.2, XP_010462274.1, XP_010479945.2
OG0017491	As012G270000	XP_010500941.1, XP_010479855.1, XP_010462171.1
OG0017492	As012G270020	XP_010500938.1, XP_010479846.1, XP_010462169.1
OG0017493	As012G270550	XP_010479775.1
OG0017494	As012G270610	XP_010500860.1, XP_010462098.1, XP_010479767.1
OG0017495	As012G272020	XP_010500640.1, XP_010479527.1
OG0017496	As012G272070	XP_010500632.1, XP_010479521.1, XP_019091384.1
OG0017497	As012G272300	XP_010461874.1, XP_010500584.1, XP_010479482.1
OG0017498	As012G272490	XP_010461848.1, XP_010500550.1, XP_010479406.1
OG0017499	As012G273340	XP_010479326.1, XP_010500439.1, XP_010461722.1
OG0017500	As012G273400	XP_010461734.1, XP_010500429.1
OG0017501	As012G273420	XP_010461743.1, XP_010500424.1, XP_010479314.1
OG0017502	As012G273520	XP_010461694.1, XP_010479291.1
OG0017503	As012G273580	XP_019090659.1, XP_010422543.1, XP_010430241.1
OG0017504	As012G273840	XP_010479253.1, XP_010461649.1
OG0017505	As012G274210	XP_010440183.1, XP_010449815.1, XP_010434852.1
OG0017506	As012G274240	XP_010434859.1, XP_010440187.1, XP_010449819.1
OG0017507	As012G274740	XP_010434918.1, XP_019087115.1, XP_010449888.1
OG0017508	As012G274840	XP_010434925.1, XP_010440255.1, XP_010449898.1
OG0017509	As012G274850	XP_010449902.1, XP_010434928.1, XP_010440256.1
OG0017510	As012G275060	XP_010478453.1
OG0017511	As012G275330	XP_010509742.1, XP_010504912.1, XP_010516598.1
OG0017512	As012G275390	XP_010509750.1, XP_010412865.1, XP_019099743.1, XP_019099742.1, XP_010504899.1
OG0017513	As012G275720	XP_010515666.1, XP_010503942.1, XP_010426820.1
OG0017514	As012G275730	XP_010503943.1, XP_010515667.1, XP_010426822.1
OG0017515	As012G276220	XP_010504017.1, XP_010426891.1, XP_010515745.1
OG0017516	As012G276290	XP_010515752.1, XP_010504024.1, XP_010426901.1
OG0017517	As012G276550	XP_019100303.1, XP_019102067.1, XP_010431310.1
OG0017518	As012G276570	XP_010504055.1, XP_010426931.1
OG0017519	As012G277530	XP_019098441.1, XP_010504140.1, XP_010412757.2, XP_010427028.1
OG0017520	As012G277590	XP_010504147.1, XP_010515878.1
OG0017521	As012G277600	XP_010507430.1, XP_010412759.1, XP_010427036.1
OG0017522	As012G277660	XP_019085589.1, XP_019102339.1, XP_019100319.1
OG0017523	As012G278100	XP_010427068.1, XP_010504192.1, XP_010515916.1
OG0017524	As012G279520	XP_010427143.1, XP_010515970.1
OG0017525	As012G279810	XP_010504222.1, XP_010427096.1, XP_010515943.1
OG0017526	As012G280000	XP_019101917.1, XP_019099716.1
OG0017527	As012G281010	XP_010504326.1, XP_019102362.1
OG0017528	As012G281300	XP_010504340.1, XP_010427244.1
OG0017529	As012G281340	XP_010504350.1, XP_010516064.1, XP_010427254.1
OG0017530	As012G281740	XP_010427305.1, XP_010516103.1
OG0017531	As012G281930	XP_010504401.1, XP_010427318.1, XP_010516116.1
OG0017532	As012G281950	XP_010516119.1, XP_010427319.1
OG0017533	As012G282090	XP_019102375.1, XP_010504422.1, XP_010427348.1
OG0017534	As012G282370	XP_010427392.1
OG0017535	As012G282420	XP_010516171.1, XP_010504452.1, XP_010427382.1
OG0017536	As012G282570	XP_010516207.1, XP_010427415.1
OG0017537	As012G282840	XP_010504540.1, XP_010516243.1, XP_010427452.1
OG0017538	As012G283060	XP_010504568.1, XP_010427494.1, XP_010516268.1
OG0017539	As012G283850	XP_010427600.1, XP_010516344.1
OG0017540	As012G284040	XP_010504681.1, XP_010427631.1, XP_010516367.1
OG0017541	As012G284930	XP_010504820.1, XP_010516514.1
OG0017542	As012G285060	XP_010516539.1, XP_010504845.1
OG0017543	As012G285160	XP_010504879.1, XP_010504878.1
OG0017544	As012G285820	XP_010413637.1, XP_010469266.1, XP_010512266.1
OG0017545	As012G285830	XP_010413628.1, XP_019101714.1, XP_019093764.1
OG0017546	As012G286320	XP_010413562.1, XP_010469188.1, XP_010469190.1, XP_010512363.1
OG0017547	As012G286730	XP_010503916.1, XP_010515648.1
OG0017548	As012G286890	XP_010469145.1
OG0017549	As012G286940	XP_010469143.1
OG0017550	As012G287820	XP_019093568.1, XP_019082787.1
OG0017551	As012G288120	XP_010512605.1, XP_010413299.1
OG0017552	As012G288460	XP_010468934.1, XP_010413260.1, XP_010512660.1
OG0017553	As012G288680	XP_010468925.1, XP_010512669.1, XP_010413251.1
OG0017554	As012G289260	XP_010468856.1, XP_010413157.1, XP_010512752.1
OG0017555	As012G289360	XP_019082494.1, XP_010513802.1, XP_010468848.1
OG0017556	As012G289400	XP_010512425.1, XP_010413503.1, XP_010469131.1
OG0017751	As001G000580	XP_019089446.1, XP_019086453.1
OG0017752	As001G000610	XP_010447933.1, XP_010438403.1, XP_010433177.1
OG0017753	As001G001420	XP_010447827.1, XP_010433077.1, XP_010438282.2, XP_010447275.1
OG0017754	As001G003390	XP_019089327.1, XP_010438075.1
OG0017755	As001G004160	XP_010447486.1, XP_010437985.1, XP_010432808.1
OG0017756	As001G004690	XP_010447419.1, XP_010432751.1, XP_010437935.1
OG0017758	As001G013660	XP_010479557.1, XP_010500669.1
OG0017759	As001G014550	XP_019089575.1
OG0017760	As001G015100	XP_010437515.1, XP_010432322.1, XP_010446974.1
OG0017761	As001G016170	XP_010437817.1, XP_010447299.1, XP_010432627.1
OG0017762	As001G016780	XP_010499774.1, XP_010461046.1
OG0017763	As001G016950	XP_010499791.1, XP_010463076.1
OG0017764	As001G017030	XP_019087991.1
OG0017765	As001G017220	XP_019089430.1
OG0017766	As001G018460	XP_010511194.1, XP_010470347.1, XP_010414899.1
OG0017767	As001G019040	XP_010414986.1, XP_010480251.1
OG0017768	As001G020500	XP_010470163.1, XP_010510981.1
OG0017769	As001G020560	XP_010470157.1, XP_010414608.1, XP_010510974.1
OG0017770	As001G020980	XP_010417995.1, XP_010473240.1, XP_010510934.1
OG0017771	As001G022000	XP_010473407.1, XP_010430213.1, XP_010418163.1
OG0017772	As001G022330	XP_010502082.1, XP_010513828.1
OG0017773	As001G022390	XP_010502093.1, XP_010513844.1, XP_010424866.1
OG0017774	As001G022440	XP_010424874.1, XP_010502107.1, XP_010513849.1
OG0017775	As001G022510	XP_010513862.1, XP_010424909.1
OG0017776	As001G022640	XP_019085887.1, XP_019099971.1, XP_010513875.1
OG0017777	As001G022880	XP_010424946.1, XP_019102126.1, XP_019099977.1, XP_019099567.1, XP_019099568.1
OG0017778	As001G023820	XP_010514068.1, XP_010506928.1, XP_010425074.1
OG0017779	As001G023890	XP_010502318.1, XP_010425092.1, XP_010514075.1
OG0017781	As001G024030	XP_010425126.1, XP_010514107.1
OG0017782	As001G025500	XP_010502593.1, XP_010425372.1
OG0017783	As001G025670	XP_010425401.1, XP_010514341.1, XP_010502621.1
OG0017785	As001G026220	XP_019084827.1, XP_010502699.1, XP_010412395.1
OG0017786	As001G026760	XP_010425567.1, XP_010502792.1
OG0017787	As001G027160	XP_019100116.1
OG0017788	As001G027740	XP_010514638.1, XP_010502875.1
OG0017789	As001G028890	XP_010511563.1, XP_010470511.1, XP_010415179.1
OG0017790	As001G028930	XP_010513932.1, XP_010502191.1
OG0017791	As001G029180	XP_010415135.1, XP_010470462.1, XP_010511513.1
OG0017792	As001G029340	XP_010496067.1, XP_010415102.1
OG0017793	As001G029350	XP_010496066.1, XP_010415100.1
OG0017794	As001G030080	XP_010443100.1, XP_010448918.1, XP_010482916.1
OG0017795	As001G030620	XP_010418499.1, XP_010430565.1
OG0017796	As001G031410	XP_019083671.1, XP_010430417.1, XP_010473569.1
OG0017797	As002G034690	XP_019096122.1
OG0017798	As002G035490	XP_010433310.1, XP_010448077.1
OG0017799	As002G037590	XP_010464892.1
OG0017800	As002G039270	XP_010438639.1, XP_010421733.1
OG0017801	As002G041910	XP_010441769.1, XP_010442505.1
OG0017802	As002G042770	XP_010482426.1, XP_010442580.1, XP_010442918.1
OG0017803	As002G043470	XP_010443421.1, XP_010442661.1, XP_010482492.1
OG0017804	As002G044490	XP_010442823.1, XP_010482656.1, XP_010445268.1
OG0017805	As002G044580	XP_010482662.1, XP_010442831.1, XP_010474041.1
OG0017806	As003G057210, As002G045270	XP_010439814.1
OG0017807	As002G045440	XP_019091612.1, XP_019095976.1, XP_019088434.1
OG0017808	As002G045720	XP_010442959.1, XP_010482791.1, XP_010446138.1
OG0017809	As002G048870	XP_010451850.1, XP_010483217.1
OG0017810	As002G049360	XP_010443474.1, XP_010483300.1
OG0017811	As002G050380	XP_010419898.1, XP_010453386.1, XP_010492073.1
OG0017812	As002G050620	XP_010419867.1
OG0017814	As002G053060	XP_010422868.1, XP_010491684.1
OG0017815	As002G053360, As002G053380	XP_010491645.1
OG0017816	As002G053910	XP_010495121.1, XP_019090370.1
OG0017817	As002G054300	XP_010452857.1, XP_019084447.1
OG0017818	As002G054350	XP_010452841.2, XP_010491482.1
OG0017819	As002G054370	XP_019084451.1, XP_019084449.1, XP_019097308.1, XP_019089853.1, XP_019098052.1
OG0017820	As002G054830	XP_019090605.1, XP_019084464.1, XP_010491423.1
OG0017821	As002G055250	XP_010452718.1, XP_010423197.1, XP_010491369.2
OG0017822	As002G055270	XP_010456433.1
OG0017823	As003G056020	XP_010434633.1, XP_010439968.1, XP_010449579.1
OG0017824	As003G056300	XP_010434603.1, XP_010449540.1, XP_010439926.1
OG0017825	As003G056940	XP_010488389.1, XP_010512381.1, XP_019092113.1
OG0017826	As003G057310	XP_010451379.1, XP_010439805.2
OG0017827	As003G057790	XP_010434414.1, XP_010439713.1, XP_010449354.1
OG0017828	As003G059180	XP_010449089.1, XP_010434196.1
OG0017829	As003G060560	XP_010439312.1, XP_010448869.1, XP_010434017.1
OG0017830	As003G061150	XP_010509721.1, XP_010516625.1, XP_010504941.1
OG0017831	As003G061670	XP_010439154.2, XP_019087355.1, XP_010433884.2, XP_010509306.1
OG0017832	As003G062790	XP_010499893.1, XP_010478766.1
OG0017833	As003G063560	XP_010480904.1, XP_010478921.1, XP_010500012.1, XP_010461288.1
OG0017834	As003G063980	XP_019099374.1
OG0017835	As003G064210	XP_010500078.1, XP_010461362.1, XP_010511132.1
OG0017836	As003G064280	XP_010461369.1, XP_010478968.1
OG0017837	As003G064570	XP_010479047.1, XP_010500142.1, XP_010461443.1
OG0017838	As003G064660	XP_010480962.2, XP_010463201.2
OG0017839	As003G064880	XP_010500112.1, XP_010461410.1, XP_010479016.1
OG0017840	As003G069280	XP_010499398.1, XP_010478245.1, XP_010460661.1
OG0017841	As003G070390	XP_010478372.1, XP_010499516.1, XP_010460776.1
OG0017843	As003G071100	XP_010478466.1, XP_010499587.1, XP_010460852.1
OG0017844	As003G071150	XP_019099291.1, XP_010460861.1, XP_010478479.1
OG0017845	As003G071800	XP_010432268.1, XP_010446913.1
OG0017846	As003G071980	XP_010446897.1, XP_010437441.1
OG0017847	As003G073350	XP_010437259.1, XP_010446697.1, XP_010432088.1
OG0017848	As003G073450	XP_010432077.1, XP_010446686.1, XP_010437248.1
OG0017849	As003G073610	XP_010446667.1, XP_010437236.1, XP_010436224.1
OG0017850	As003G073750	XP_010446654.1
OG0017851	As003G074080	XP_010437186.1, XP_010432031.1, XP_010446625.1
OG0017852	As003G074370	XP_010432005.1, XP_010437157.1, XP_010451008.1
OG0017853	As003G074740	XP_019088994.1, XP_010437121.1
OG0017854	As003G075140	XP_010431925.1, XP_010446500.1
OG0017855	As004G077270	XP_010440869.1, XP_010450514.1
OG0017856	As004G077320	XP_010440877.1, XP_010435601.1, XP_010436722.2
OG0017857	As004G077760	XP_010435747.1
OG0017858	As004G078410	XP_010441074.1, XP_010450795.1, XP_010435876.1
OG0017859	As004G078680	XP_010509683.1, XP_010504987.1, XP_010516664.1
OG0017860	As004G079810	XP_010516691.1, XP_010505020.1, XP_010509640.1
OG0017861	As004G080340	XP_010455322.1, XP_010421831.1, XP_010435983.1
OG0017862	As004G080510	XP_010455294.1, XP_010436301.1, XP_010421793.1
OG0017863	As004G081010	XP_019100432.1
OG0017864	As004G081610	XP_019101327.1, XP_019093162.1
OG0017865	As004G082460	XP_010481970.1, XP_010494204.1, XP_010442140.1
OG0017866	As004G082620	XP_019097782.1, XP_019087583.1, XP_019095870.1
OG0017867	As004G082640	XP_010481988.1, XP_010494179.1, XP_010442168.1
OG0017868	As004G083290	XP_010421912.1, XP_010455391.1, XP_010437719.1
OG0017869	As004G083560	XP_010421943.1, XP_010455425.1
OG0017870	As004G083580	XP_010456837.1, XP_010421945.1, XP_010455423.1, XP_010437381.1
OG0017871	As004G083910	XP_010436848.1, XP_010455458.1
OG0017872	As004G084070	XP_019089968.1, XP_010455482.1, XP_010422012.1
OG0017873	As004G084110	XP_010436626.1, XP_010455488.1
OG0017874	As004G084470	XP_010455541.1, XP_010435007.1, XP_010422090.1
OG0017875	As004G084840	XP_010455612.1
OG0017876	As004G085320	XP_010422230.1, XP_010455706.1, XP_010433276.1
OG0017877	As004G087610	XP_010441780.1, XP_010481644.1, XP_010494584.1
OG0017878	As004G088030	XP_010494665.1, XP_010441702.1
OG0017879	As004G088280	XP_010481527.1, XP_010494732.1, XP_010441666.1
OG0017880	As004G088820	XP_010441594.1, XP_019095556.1
OG0017881	As004G089080	XP_010481434.1, XP_010494840.1, XP_010441565.1
OG0017882	As004G089160	XP_010441554.1, XP_010494853.1, XP_010481422.1
OG0017883	As004G089540	XP_010481395.1, XP_019097173.1
OG0017884	As004G090170	XP_010450389.1, XP_010435442.1, XP_010440738.1
OG0017885	As004G090570	XP_019087547.1, XP_019097529.1, XP_010481372.1
OG0017886	As007G161930, As004G093870, As004G093880, As004G091090, As007G161910, As007G161890	XP_019094941.1, XP_019090922.1, XP_019091056.1, XP_010499177.1
OG0017887	As004G092010	XP_019089691.1, XP_010435403.1, XP_019087454.1
OG0017888	As004G092540	XP_010440774.1, XP_010435472.1, XP_010450425.1
OG0017889	As004G092760	XP_019089611.1
OG0017891	As004G093400	XP_010440642.1, XP_010435317.1, XP_010450265.2
OG0017892	As004G093470	XP_010450273.1, XP_010435312.1, XP_010440646.1
OG0017893	As004G093760	XP_019087974.1, XP_019086512.1, XP_019089439.1
OG0017894	As004G094490	XP_010436634.1
OG0017895	As004G094830	XP_019089470.1, XP_019098108.1, XP_019086557.1, XP_019098786.1
OG0017896	As004G095090	XP_010435197.1, XP_019089563.1, XP_010450112.1
OG0017897	As004G095100	XP_010450111.1, XP_010435195.1
OG0017898	As004G095250	XP_010435161.1, XP_010450075.1, XP_010440500.1
OG0017899	As004G095310	XP_010440495.1, XP_010435153.1, XP_010450065.1
OG0017900	As004G095630	XP_010435115.1, XP_010450030.1, XP_019088262.1
OG0017901	As004G096650	XP_010440283.1, XP_010434946.1, XP_010449927.1
OG0017902	As004G096840	XP_010516475.1, XP_010431451.1, XP_010504787.1
OG0017903	As004G097370	XP_010450657.1, XP_010435976.1, XP_010441194.1
OG0017904	As004G097740	XP_010441269.1, XP_010450572.1, XP_010436047.1
OG0017905	As005G099870	XP_010518401.1, XP_010506740.1, XP_010507928.2
OG0017906	As005G100150	XP_010518375.1, XP_010506705.1, XP_010507958.1
OG0017907	As005G100470	XP_019082428.1
OG0017908	As005G101690	XP_010512838.1
OG0017909	As005G101780	XP_010508181.1, XP_010518149.1
OG0017910	As005G102410	XP_010507738.1, XP_019101014.1, XP_019082400.1
OG0017911	As005G102970	XP_010506336.1, XP_010518017.1, XP_010508320.1
OG0017912	As005G104210	XP_010508471.1, XP_010506168.1, XP_010517863.1
OG0017913	As005G104340	XP_010508488.1, XP_019100590.1
OG0017914	As005G104420	XP_010508502.1, XP_010517841.1, XP_010506136.1
OG0017915	As005G104570	XP_010508527.1, XP_010517821.1, XP_010506119.1
OG0017916	As005G105090	XP_019099791.1, XP_010517713.1
OG0017917	As005G105220	XP_019082328.1, XP_010508599.1, XP_010506035.1
OG0017918	As005G106330	XP_010423983.2, XP_019090332.1, XP_019097285.1
OG0017919	As005G106350	XP_010423981.1, XP_010490521.1, XP_010451949.1
OG0017920	As005G106360	XP_010423978.1, XP_010490523.1
OG0017921	As005G106510	XP_010423960.1, XP_010490546.1
OG0017922	As005G106910	XP_010452014.1, XP_010423919.1, XP_010490598.1
OG0017923	As005G108240	XP_010512365.1, XP_010469187.1, XP_010413564.1
OG0017924	As005G108460	XP_010495056.1
OG0017925	As005G110150	XP_010493042.1, XP_010454251.1
OG0017926	As005G112220	XP_019084753.1
OG0017927	As005G114540	XP_010483654.1, XP_010455952.1
OG0017928	As005G115480	XP_019095501.1, XP_010455197.1
OG0017929	As005G115920	XP_010454388.1, XP_010443638.1, XP_010483502.1
OG0017930	As005G117490	XP_010461860.1, XP_010444383.1, XP_010484232.1
OG0017931	As005G117740	XP_010462833.1, XP_010484263.1
OG0017932	As005G120290	XP_010446297.1, XP_010485333.1, XP_010478714.1
OG0017933	As005G120430	XP_010484657.1, XP_010465622.1
OG0017934	As005G120600	XP_010444822.1, XP_010484672.1
OG0017935	As005G120760, As010G220320	XP_010484684.1, XP_010446307.1, XP_010465945.1
OG0017936	As006G121040	XP_010426511.1, XP_010456328.1
OG0017937	As006G121050	XP_019088493.1, XP_010456329.1
OG0017938	As006G121160	XP_010456311.1, XP_019084645.1, XP_010426692.1
OG0017939	As006G121500	XP_019084708.1, XP_019088452.1, XP_019090383.1
OG0017940	As006G121930	XP_010456220.1, XP_010427687.1, XP_010422779.1
OG0017941	As006G121960	XP_010427723.1
OG0017942	As006G122340	XP_010428258.1, XP_010422726.1, XP_010424684.1
OG0017943	As006G123210	XP_010429595.1, XP_010456040.1
OG0017944	As006G125580	XP_010469497.1, XP_010413894.1, XP_010509908.1
OG0017945	As006G126920	XP_010469666.1
OG0017946	As006G128580	XP_010469913.1
OG0017947	As006G128660	XP_010414345.1, XP_019101426.1, XP_010469929.1
OG0017948	As006G129660	XP_019095168.1, XP_019091605.1
OG0017949	As006G130630	XP_010510810.1, XP_010417860.1, XP_010473103.1
OG0017950	As006G131380	XP_010479742.1, XP_010500833.1
OG0017951	As006G131640	XP_010429664.1, XP_010474473.1
OG0017952	As006G132110	XP_010429585.1, XP_010417346.1, XP_010472587.1
OG0017953	As006G132850	XP_019098251.1, XP_010496308.1
OG0017954	As006G133060	XP_010485401.1, XP_010496297.1, XP_010435633.1
OG0017955	As006G133140, As006G139910	XP_019100251.1, XP_010486141.1, XP_019092941.1
OG0017956	As006G133160	XP_010435663.1
OG0017957	As006G133450	XP_019086110.1, XP_010496419.1
OG0017958	As006G133510	XP_010496410.1
OG0017959	As006G133620	XP_010424023.1, XP_010496821.1
OG0017960	As006G133770	XP_010462459.1, XP_010464464.1, XP_010486394.1
OG0017961	As006G133800	XP_010424013.1, XP_010490493.1, XP_010496812.1
OG0017962	As006G133940	XP_010490500.1, XP_010424001.1, XP_019089924.1
OG0017963	As006G134390	XP_010438678.1, XP_010448192.1, XP_010433423.1
OG0017964	As006G134440	XP_010451165.1, XP_010445108.1, XP_010436369.1
OG0017965	As006G134540	XP_010448213.1, XP_010433440.1, XP_010438698.1
OG0017966	As006G135860	XP_010485615.1, XP_010463714.1, XP_010502138.1
OG0017967	As006G136360	XP_010485672.1, XP_010463783.1
OG0017968	As006G136520	XP_010485688.1, XP_010511136.1, XP_010463797.1
OG0017970	As006G136640	XP_010467983.1, XP_010489658.1, XP_010417482.1
OG0017971	As006G136650	XP_010485702.1, XP_010463811.1, XP_010512159.1
OG0017972	As006G137710	XP_010463932.1, XP_010485831.1
OG0017973	As006G137800	XP_010463942.1, XP_010416605.1, XP_010485840.1
OG0017974	As006G137970	XP_010485859.1, XP_010468012.1, XP_019099888.1, XP_019099885.1
OG0017975	As006G138490	XP_010482078.1, XP_010493645.1
OG0017976	As006G138570	XP_010464062.1, XP_010485977.1, XP_010426338.2
OG0017978	As006G138980	XP_010486018.1, XP_010464091.1
OG0017979	As006G139130	XP_010431614.1, XP_010486050.1, XP_010464123.1
OG0017980	As006G139930	XP_010486144.1, XP_010439081.1, XP_010464207.1
OG0017981	As006G141210	XP_010453092.1, XP_010464375.1
OG0017982	As006G141370	XP_019100543.1, XP_019092639.1, XP_010489710.1
OG0017983	As006G141650	XP_010459424.1, XP_010486367.1, XP_010464437.1
OG0017984	As006G142070	XP_010486426.1
OG0017985	As006G142090	XP_019096336.1, XP_010464495.1, XP_019096337.1, XP_010465362.1
OG0017986	As006G143810	XP_010509028.1, XP_019099774.1, XP_010517278.1
OG0017987	As006G144840	XP_019101945.1
OG0017988	As006G144910, As006G144920	XP_010509486.1, XP_010505168.1, XP_010412897.1
OG0017989	As006G144960	XP_010505164.1, XP_010509483.1
OG0017990	As006G145960	XP_010516998.1, XP_010505311.1
OG0017991	As006G147540	XP_010509227.1, XP_019102514.1, XP_010505421.1
OG0017993	As007G151950	XP_010497020.1, XP_010476616.1, XP_010459053.1
OG0017994	As007G152140	XP_019091739.1, XP_010497213.1, XP_010480488.1
OG0017995	As007G152170	XP_019091972.1, XP_010497232.1, XP_010476644.1
OG0017996	As007G153340	XP_010459249.1, XP_010476827.1, XP_010498031.1
OG0017997	As007G154090	XP_010476924.1, XP_010498138.1
OG0017998	As007G154470	XP_010477008.1
OG0017999	As007G154980	XP_010477036.1, XP_019090921.1
OG0018000	As007G155450	XP_010459559.1
OG0018001	As007G156340	XP_010477247.1, XP_010498448.1
OG0018002	As007G156420	XP_010477256.1, XP_010459706.1
OG0018003	As007G156430	XP_019094656.1, XP_010462800.1, XP_010498459.1
OG0018004	As007G156470	XP_010459712.1, XP_010477262.1, XP_010498464.1
OG0018005	As007G157500	XP_019091472.1, XP_019098202.1
OG0018006	As007G158510	XP_010460002.1, XP_010498719.1, XP_010477506.1
OG0018007	As007G158780	XP_010439310.1, XP_010442226.1
OG0018008	As007G158940	XP_010477553.1, XP_010460048.1
OG0018009	As007G159340	XP_010460102.1, XP_010498826.1, XP_010477609.1
OG0018010	As007G159680	XP_010460144.1, XP_010498873.1, XP_010477667.1
OG0018011	As007G160230	XP_010498975.1, XP_010477777.1
OG0018012	As007G160750	XP_010460302.1, XP_010499030.1, XP_010477848.1
OG0018013	As007G161410	XP_010477942.1, XP_010499119.1
OG0018014	As007G162210	XP_010499188.1, XP_019091626.1
OG0018015	As007G162950	XP_010448563.1
OG0018016	As007G164020	XP_010438946.1, XP_010433702.1, XP_010448494.1
OG0018017	As007G164800	XP_010433647.1, XP_010448441.1
OG0018018	As007G176790	XP_010429499.1, XP_010417263.1, XP_019093384.1
OG0018019	As007G176910	XP_010429490.1, XP_010472508.1
OG0018020	As007G177340	XP_010429473.1, XP_010429472.1, XP_010472497.1, XP_010417237.1
OG0018021	As007G178230	XP_010429409.1, XP_010472438.1, XP_010417187.1
OG0018022	As007G178520	XP_010429370.1, XP_010417159.1, XP_010472416.1
OG0018023	As007G179040	XP_010429349.2, XP_010472390.1, XP_010417134.1
OG0018024	As007G179270	XP_010417108.1, XP_010472358.1, XP_010429314.1
OG0018025	As007G179410	XP_010417100.1, XP_010429304.1, XP_010472348.1
OG0018026	As007G179640	XP_010429278.1, XP_010472330.1, XP_010417083.1
OG0018027	As007G180020	XP_010417026.1, XP_010472260.1, XP_010429196.1
OG0018028	As007G180350	XP_010429156.1
OG0018029	As007G181000, As007G181010	XP_010429051.1, XP_010472130.1, XP_010416889.1
OG0018030	As008G183940	XP_010476320.1, XP_010495147.1
OG0018031	As008G186130	XP_010476046.1, XP_019098944.1
OG0018032	As008G186990	XP_010458415.1, XP_010491558.1, XP_010475935.1
OG0018033	As008G188140	XP_010458259.1
OG0018034	As008G189190	XP_010458160.1, XP_010475712.1, XP_010489549.1
OG0018035	As008G192070	XP_010475546.1, XP_010487936.1
OG0018036	As008G192850	XP_010475491.1, XP_010487367.1, XP_010457907.1
OG0018037	As008G194020	XP_010457734.1, XP_010501338.1, XP_010480363.1
OG0018038	As008G194150	XP_010485776.1, XP_010457719.1
OG0018039	As008G194710	XP_010485095.1, XP_010475265.1
OG0018040	As008G194840	XP_010484988.1
OG0018041	As008G195610	XP_010475163.1, XP_019091893.1
OG0018042	As008G195700	XP_010475151.1, XP_010484317.1
OG0018043	As008G196480	XP_010457446.1, XP_010475057.1
OG0018044	As008G196500	XP_010475053.1, XP_010483084.1, XP_010457444.1
OG0018045	As008G196780	XP_010474980.1, XP_019091682.1, XP_010482199.1
OG0018046	As008G197700	XP_010481246.1
OG0018047	As008G198540	XP_010474710.2, XP_019091919.1
OG0018048	As008G198840	XP_010480277.1, XP_019091486.1, XP_010474744.1
OG0018049	As008G199330	XP_010479553.1, XP_010474826.1
OG0018050	As008G199350	XP_010479586.1
OG0018051	As008G199390	XP_010474830.1
OG0018053	As009G200250	XP_010492212.1, XP_010420041.1
OG0018054	As009G200390	XP_010492279.1, XP_010420111.1, XP_010453593.1
OG0018055	As009G200710	XP_010492318.1, XP_010453627.1
OG0018056	As009G201270	XP_010453665.1, XP_010495199.1, XP_010424104.2
OG0018058	As009G203980	XP_010420550.1, XP_010454032.1, XP_010492805.1
OG0018059	As009G204180	XP_010424164.1, XP_010492831.1, XP_010454057.1
OG0018060	As009G204760	XP_010420668.1, XP_010492934.1, XP_010454152.1
OG0018061	As009G205810	XP_019097897.1, XP_010424366.1
OG0018062	As009G206300	XP_010485888.1, XP_010421074.1, XP_010478877.1
OG0018063	As009G207000	XP_010455172.1, XP_010421688.1, XP_010494090.1
OG0018064	As009G207090	XP_010494103.1, XP_010421700.1, XP_010455184.1, XP_010424406.1
OG0018065	As009G207770	XP_010442354.1, XP_010512516.1
OG0018066	As009G210250	XP_010419961.1, XP_019097322.1, XP_010453455.1
OG0018067	As009G212080	XP_010482053.2, XP_019087785.1, XP_010439267.2
OG0018068	As009G212550	XP_010452536.1, XP_010491170.1
OG0018069	As009G212930	XP_010452494.1, XP_010491131.1, XP_010423416.1
OG0018070	As009G213970	XP_010423499.1, XP_010452415.1, XP_010491041.1
OG0018071	As009G214310	XP_010495072.1, XP_010456398.1, XP_010424778.1
OG0018072	As009G216120	XP_010493584.1, XP_010421262.1, XP_010454740.1
OG0018073	As009G216330	XP_019097777.1, XP_019084694.1, XP_019090348.1
OG0018074	As009G217960	XP_010457250.1, XP_019095859.1, XP_010443955.1
OG0018075	As009G218000	XP_010443961.1, XP_010457312.1
OG0018077	As009G218160	XP_010483828.1, XP_010457441.1
OG0018078	As009G218390	XP_010483869.1, XP_010457835.1
OG0018079	As009G219730	XP_010443605.1, XP_010483463.1, XP_010453982.1
OG0018080	As010G221500	XP_019100244.1, XP_010515337.1, XP_010426500.1
OG0018081	As010G222210	XP_010431162.1, XP_010515249.1
OG0018082	As010G222290	XP_019085775.1, XP_010412645.1, XP_010503539.1
OG0018083	As010G224160	XP_010426139.1
OG0018084	As010G226600	XP_010412490.1, XP_010503054.1, XP_019085705.1
OG0018085	As010G226980	XP_010514718.1, XP_010425814.1
OG0018086	As010G227230	XP_010460083.1
OG0018088	As010G227610	XP_010514701.1, XP_010425790.1
OG0018089	As010G228620	XP_010415374.1, XP_010470713.1, XP_010511746.1
OG0018090	As010G231490	XP_010470852.1, XP_010511897.1
OG0018091	As010G231730	XP_010511911.1, XP_010470834.1
OG0018092	As010G232060	XP_019083024.1, XP_010511934.1, XP_010470884.1
OG0018093	As010G232300	XP_010511953.1, XP_010470903.1, XP_010415563.1
OG0018094	As010G234130	XP_010427949.1
OG0018095	As010G234520	XP_010471181.1, XP_010415883.1, XP_010428005.1
OG0018096	As010G236140	XP_019083414.1, XP_019085042.1, XP_010471922.1
OG0018097	As010G236260	XP_010416650.1, XP_019085906.1, XP_010471908.1
OG0018098	As010G236310	XP_010416638.1, XP_019093781.1, XP_010428780.1
OG0018099	As010G237120	XP_010428695.1, XP_010416554.1, XP_010471788.1
OG0018100	As010G237670	XP_010416487.1, XP_010428620.1, XP_010471716.1
OG0018102	As010G238410	XP_010416382.1, XP_010471620.1, XP_010428523.1
OG0018103	As010G238450	XP_010471615.1, XP_010428518.1, XP_010416376.1
OG0018104	As010G238810	XP_010471563.1
OG0018105	As010G238830	XP_010416325.1, XP_010428461.1, XP_010471561.1
OG0018106	As010G238930	XP_010471551.1, XP_010416316.1
OG0018107	As010G239440	XP_010471498.1, XP_010428372.1, XP_010416239.1
OG0018108	As010G240700	XP_010428208.1, XP_010471351.1
OG0018109	As010G240760	XP_010507813.1
OG0018110	As010G241180	XP_010471289.1, XP_010428149.2, XP_010419167.1
OG0018111	As010G242560	XP_010417539.1, XP_010429789.1, XP_010472760.1
OG0018112	As010G242690	XP_010417594.1, XP_010472785.1, XP_010429812.1
OG0018113	As010G242790	XP_010429823.1
OG0018114	As010G244420	XP_010430046.1, XP_010473015.1, XP_010417778.1
OG0018115	As011G244670	XP_010487003.1, XP_010499449.1, XP_019092892.1
OG0018116	As011G244790	XP_019100057.1, XP_019101592.1, XP_010487032.1, XP_010465079.1
OG0018117	As011G245030	XP_010500113.1
OG0018118	As011G245110	XP_010465148.1, XP_010487074.1, XP_010500239.1
OG0018119	As011G245120	XP_010465151.1, XP_010487076.1, XP_010500251.1
OG0018120	As011G245130	XP_010425890.1, XP_010503121.1, XP_010514796.1
OG0018121	As011G245710	XP_010465240.2, XP_010501153.1, XP_019097016.1
OG0018122	As011G247240	XP_010465454.1
OG0018123	As011G247500	XP_019096219.1, XP_019092619.1, XP_019101997.1
OG0018124	As011G250080	XP_010465878.1, XP_010506292.1, XP_010487717.1
OG0018125	As011G250520	XP_010489915.2, XP_010506915.1, XP_010465946.1
OG0018126	As011G254150	XP_010488228.1, XP_010510975.1, XP_010466482.1
OG0018127	As011G254250	XP_010468373.1, XP_010511127.1, XP_010488244.1
OG0018128	As011G254920	XP_010466595.1
OG0018129	As011G255840	XP_010512973.1, XP_010466752.1
OG0018130	As011G255930	XP_010466767.1, XP_010513064.1, XP_010488477.1
OG0018131	As011G255970	XP_010440707.1, XP_010450367.1, XP_019086877.1
OG0018132	As011G258240	XP_010422716.1, XP_010466985.1
OG0018133	As011G259010	XP_010412423.1, XP_010488733.1, XP_010467042.1
OG0018134	As011G259190	XP_010488838.1
OG0018135	As011G260510	XP_019092458.1, XP_010413816.1
OG0018136	As011G261360	XP_010488788.1, XP_010467112.1
OG0018137	As011G261390	XP_010467111.1, XP_010412839.1, XP_019096468.1
OG0018138	As011G261810	XP_010413755.2, XP_010496032.1, XP_010467168.1
OG0018139	As011G261980	XP_010424295.1
OG0018140	As011G262530	XP_010467277.1, XP_010488935.1, XP_010517936.1
OG0018141	As011G262840	XP_010467310.1, XP_010517324.1, XP_010488974.1
OG0018142	As011G263060	XP_010467341.1, XP_010517042.1, XP_019096521.1
OG0018143	As011G263490	XP_010489229.1, XP_010467389.1
OG0018144	As011G264490	XP_010489384.1, XP_010467527.1
OG0018145	As011G265210	XP_010414388.1, XP_010467671.1
OG0018146	As011G266010	XP_010415246.1, XP_010467878.1
OG0018147	As011G267300	XP_010467786.1
OG0018148	As011G267390	XP_010467774.1, XP_010489001.1
OG0018149	As012G269630	XP_010501015.1, XP_010479933.1, XP_019091176.1
OG0018150	As012G270410	XP_010479801.1, XP_010462133.1
OG0018151	As012G270870	XP_010479723.1, XP_010500817.1, XP_010462060.1
OG0018152	As012G271030	XP_010479700.1, XP_010500791.1, XP_010462036.1
OG0018154	As012G273460	XP_019091136.1, XP_019096301.1, XP_019094265.1
OG0018155	As012G273710	XP_010479274.1, XP_010500379.1, XP_010461669.1
OG0018156	As012G273720	XP_010480193.1, XP_010462492.1
OG0018157	As012G275200	XP_019090952.1, XP_010475127.1, XP_019090951.1
OG0018158	As012G276280	XP_010504023.1, XP_019085724.1
OG0018159	As012G276620	XP_010426939.1
OG0018160	As012G276830	XP_010515814.1
OG0018161	As012G281120	XP_010516043.1
OG0018162	As012G282860	XP_019084898.1, XP_010504542.1, XP_019102384.1
OG0018163	As012G282880	XP_010504543.1, XP_010516245.1, XP_019085601.1
OG0018164	As012G282940	XP_010516252.1, XP_010504552.1, XP_010427472.1
OG0018165	As012G282980	XP_019100367.1, XP_010427484.1, XP_010516263.1
OG0018166	As012G283960	XP_010427622.1, XP_010516360.1, XP_010504673.1
OG0018168	As012G284800	XP_010504807.1
OG0018169	As012G285210	XP_010512138.1, XP_010516577.1, XP_010504886.1
OG0018170	As012G286280	XP_010512356.1, XP_010469194.1, XP_010413566.1
OG0018171	As012G287480	XP_010413389.1, XP_019082812.1, XP_010469085.1
OG0018172	As012G288410	XP_010512645.1, XP_010413272.1, XP_010468944.1
OG0018337	As001G017620	XP_019086516.1, XP_019087142.1
OG0018338	As001G018130	XP_010488508.1, XP_010466803.1
OG0018339	As001G018720	XP_019100895.1, XP_019094818.1
OG0018340	As001G018730	XP_010481213.1
OG0018341	As001G019210	XP_010511316.1, XP_010415021.1
OG0018342	As001G020230	XP_010414665.1, XP_010511029.1
OG0018343	As001G023050	XP_010513924.1
OG0018344	As001G024240	XP_010425161.1, XP_010514131.1, XP_019100045.1
OG0018345	As001G024670	XP_019099912.1, XP_019102079.1, XP_019085813.1
OG0018347	As001G028690	XP_019098207.1
OG0018348	As001G028980	XP_010511551.1, XP_010474190.1, XP_010415165.1, XP_010470497.1
OG0018349	As001G029330	XP_010415103.1, XP_010470440.1, XP_019101526.1
OG0018350	As001G029690	XP_010511389.1, XP_010470383.1, XP_010418895.2
OG0018351	As001G031790	XP_019093583.1, XP_010418295.2, XP_010430367.2
OG0018352	As002G033900, As005G106840	XP_019090396.1, XP_010490589.1, XP_019090397.1, XP_010423927.1
OG0018354	As002G036440	XP_010501263.1
OG0018355	As002G036970	XP_010423453.1, XP_010491090.1, XP_010452463.1
OG0018356	As002G040870	XP_010441391.1, XP_010482303.1, XP_010442480.1
OG0018357	As002G041380	XP_019095606.1, XP_019087977.1, XP_010441606.1
OG0018358	As002G041600	XP_010441624.1, XP_010442493.1
OG0018359	As002G042080	XP_019095791.1, XP_019087522.1, XP_019087982.1
OG0018360	As002G042330	XP_019095985.1, XP_019087532.1, XP_019088041.1
OG0018361	As002G042810	XP_010482430.1, XP_010442583.1
OG0018362	As002G043240	XP_010442605.1, XP_010442776.1, XP_010482455.1
OG0018363	As002G043670	XP_010442683.1, XP_010443703.1, XP_010482520.1
OG0018364	As002G043820	XP_010482537.1, XP_010444076.1, XP_010442701.1
OG0018365	As002G044390	XP_010442802.1, XP_010482631.1, XP_010445110.1
OG0018366	As002G047620	XP_019088435.1, XP_019088294.1, XP_010483055.1, XP_010446134.1, XP_010485149.1, XP_019086724.1
OG0018367	As002G048570	XP_010443349.1, XP_010451583.1
OG0018368	As002G050180	XP_010482027.1, XP_010442194.1, XP_010438879.1
OG0018369	As002G050420	XP_010492068.1, XP_010453383.1
OG0018370	As002G054530	XP_010452820.1, XP_010423103.1, XP_010491467.1
OG0018371	As002G055380	XP_019084473.1
OG0018372	As003G056460	XP_010449507.1, XP_010439907.1, XP_010434582.1
OG0018373	As003G056630	XP_019086411.1, XP_019087213.1, XP_019082299.1
OG0018374	As003G057660	XP_010449376.1, XP_010439738.2
OG0018375	As003G058100	XP_010449283.1, XP_010434354.1, XP_010439648.1
OG0018376	As003G058990	XP_019088561.1, XP_010449129.1
OG0018378	As003G062740	XP_010499883.1, XP_010499882.1, XP_010478759.1, XP_010461162.1
OG0018379	As003G065080	XP_010500093.1, XP_010461392.1, XP_010478996.1
OG0018381	As003G073100	XP_010437293.1, XP_010446729.1, XP_010432118.1
OG0018382	As003G074010	XP_010446633.1, XP_019087931.1, XP_019086185.1
OG0018383	As003G075850	XP_010450987.1, XP_019087262.1, XP_010436199.1
OG0018385	As004G077700	XP_010450934.1, XP_010440931.1
OG0018386	As004G078170	XP_010451834.1, XP_010436794.1, XP_010441038.1
OG0018387	As004G081270	XP_010509800.1
OG0018388	As004G081280	XP_010509801.1, XP_010413784.1, XP_010469405.1
OG0018389	As004G082320	XP_010494235.1, XP_010442118.1
OG0018390	As004G083040	XP_010506943.1, XP_010518590.2, XP_010430700.1
OG0018391	As004G083510	XP_010461171.1, XP_010499890.1, XP_010478770.1
OG0018392	As004G084040	XP_010436676.1, XP_010422013.1, XP_010455480.1
OG0018393	As004G084200	XP_010455506.1, XP_010422045.1, XP_010435570.1
OG0018394	As004G085940	XP_010455805.1, XP_010432044.1, XP_010422332.1
OG0018395	As004G085970	XP_010422336.1
OG0018396	As004G086820, As004G086860	XP_010481696.1, XP_010481695.1
OG0018397	As004G087420	XP_010481661.1, XP_010441798.1, XP_010494563.1
OG0018398	As004G087930	XP_010441726.1, XP_010494645.1, XP_010481586.1
OG0018399	As004G090840	XP_010441441.1, XP_010481308.1, XP_010494992.1
OG0018400	As004G091510	XP_010466996.1, XP_010488692.1, XP_010514487.1
OG0018401	As004G092510	XP_010435471.1, XP_019089820.1
OG0018402	As004G094190	XP_010471688.1, XP_010471683.1, XP_010471686.1, XP_010428593.1
OG0018403	As004G094610	XP_010435227.1, XP_010440532.1, XP_010450165.1
OG0018404	As004G096040	XP_019088853.1, XP_019087806.1
OG0018405	As004G096850	XP_010435956.1, XP_010441116.1, XP_010450736.1
OG0018406	As004G097250	XP_019088792.1, XP_019089222.1, XP_010435900.1
OG0018407	As004G097480	XP_010450636.1, XP_010435998.1, XP_010441215.1
OG0018408	As004G097570	XP_019086483.1, XP_019087983.1
OG0018409	As004G097630	XP_010441237.1, XP_010450617.1
OG0018410	As004G097910	XP_010436078.1, XP_010447324.1
OG0018411	As004G098080	XP_010447690.1, XP_010436109.1, XP_010441323.1
OG0018412	As004G098360	XP_010474612.1, XP_010436891.1
OG0018413	As005G098890, As005G098900	XP_010452758.1, XP_010491409.1, XP_010423158.1
OG0018414	As005G099070	XP_010507858.2, XP_019082451.1
OG0018415	As005G100200	XP_010507962.1, XP_010518363.1
OG0018416	As005G102340	XP_010518086.1, XP_010508249.1
OG0018417	As005G102470	XP_019100629.1, XP_010508263.1
OG0018418	As005G104540	XP_010435237.1
OG0018419	As005G105480	XP_010497091.1, XP_010505969.1, XP_010508672.1
OG0018420	As005G106760	XP_019089882.1, XP_010495035.1, XP_019084662.1
OG0018421	As005G107730	XP_019084403.1
OG0018422	As005G112200	XP_010513202.1, XP_010495283.1, XP_019087500.1, XP_010484898.1, XP_010501718.1, XP_010480635.1, XP_019085378.1, XP_010423683.1, XP_010421775.1, XP_010430894.1, XP_010424607.1, XP_010451701.1, XP_010496070.1, XP_010468714.1, XP_010501734.1, XP_010480814.1, XP_010474093.1
OG0018423	As005G112770	XP_010451747.1, XP_010445704.1, XP_019086358.1, XP_010436845.1
OG0018424	As005G114210	XP_010456517.1, XP_010443848.1, XP_010483700.1
OG0018426	As005G120570	XP_010484670.1, XP_010444819.1, XP_019094714.1
OG0018427	As005G120680	XP_010478748.1, XP_010444832.1
OG0018428	As006G121140	XP_019088541.1
OG0018429	As006G123460	XP_010422560.1
OG0018430	As006G124770	XP_010445879.1
OG0018431	As006G127920	XP_010414237.1, XP_010510324.1, XP_010469820.1
OG0018432	As006G129040	XP_019083077.1
OG0018433	As006G129110	XP_010414447.1, XP_010470000.1, XP_010510542.1
OG0018434	As006G130180	XP_010510703.1, XP_010414594.1, XP_010470146.1
OG0018435	As006G131060	XP_010417829.1, XP_010473068.1, XP_010510851.1
OG0018436	As006G131090	XP_010510856.1, XP_010473065.1, XP_010417826.1
OG0018437	As006G133030	XP_010435636.1, XP_010485399.1, XP_019098193.1
OG0018438	As006G133390	XP_019098221.1, XP_019096856.1, XP_019096855.1
OG0018439	As006G133470	XP_010435685.1, XP_010496418.1
OG0018440	As006G133600	XP_010496403.1
OG0018441	As006G133780	XP_019087920.1, XP_019089364.1
OG0018442	As006G134730	XP_010485511.1, XP_019092137.1
OG0018443	As006G135080	XP_010442178.1, XP_010485444.1, XP_010463598.2
OG0018444	As006G135330	XP_010463633.1
OG0018445	As006G135500	XP_010463659.1, XP_010485558.1, XP_010417294.1, XP_010485543.1
OG0018446	As006G136340	XP_010485666.1, XP_010508629.1
OG0018447	As006G137580	XP_010463920.1, XP_010467999.1, XP_010485818.1, XP_010414952.1
OG0018448	As006G138680	XP_010455124.1, XP_010421610.1, XP_010494009.1
OG0018449	As006G139710	XP_010436434.1, XP_010486105.1, XP_010464181.1
OG0018450	As007G160390	XP_010477797.1, XP_019090881.1
OG0018451	As007G160810	XP_019094229.1, XP_010477855.1, XP_010499041.1, XP_010460310.1
OG0018452	As007G161270	XP_010460372.1, XP_010499105.1, XP_010477921.1
OG0018453	As007G162990	XP_010433760.1, XP_010439020.1, XP_010448555.1
OG0018454	As007G163580	XP_010433721.1
OG0018455	As007G164820	XP_010448440.1
OG0018456	As007G177260	XP_010472495.1, XP_010419322.2
OG0018457	As007G178880	XP_010463478.1
OG0018458	As007G179520	XP_010472339.1, XP_010417095.1
OG0018459	As007G180970	XP_010472140.1, XP_010429057.1
OG0018460	As007G181960	XP_010472250.1, XP_010429185.1, XP_010429184.1, XP_019083476.1
OG0018461	As008G185690	XP_010501431.1, XP_010462640.1, XP_010480437.1
OG0018462	As008G186190	XP_010458520.1, XP_010492602.1, XP_010476047.1
OG0018463	As008G188790	XP_010458190.1, XP_010489762.1, XP_010475743.1
OG0018464	As008G188930	XP_010458176.1, XP_010475731.1
OG0018465	As008G188940	XP_010481764.1, XP_010494426.1
OG0018466	As008G192210	XP_010487714.1
OG0018467	As008G194450	XP_010485300.1, XP_010475295.1
OG0018468	As008G196520	XP_010483068.1, XP_010457440.1, XP_010475050.1
OG0018469	As008G196760	XP_010457359.1, XP_010474976.1
OG0018470	As008G199430	XP_010474834.1
OG0018471	As008G199470	XP_010496447.1, XP_010479434.1, XP_010474837.1
OG0018472	As009G199770	XP_010492177.1, XP_010420006.1
OG0018473	As009G200620	XP_019090647.1
OG0018474	As009G201370	XP_010453650.1, XP_010492347.1, XP_010420179.1
OG0018475	As009G202810	XP_019095981.1, XP_019091101.1, XP_019091520.1, XP_019097913.1
OG0018476	As009G202940	XP_010453870.1
OG0018477	As009G204670	XP_010492923.1, XP_010454138.1
OG0018478	As009G205650	XP_019084704.1, XP_019090040.1, XP_019097649.1
OG0018479	As009G206110	XP_010455100.1
OG0018480	As009G207630	XP_010482213.1, XP_010442399.1
OG0018481	As009G209590	XP_010482107.1, XP_010493687.1
OG0018482	As009G212400	XP_010452553.1, XP_010423361.1, XP_010491182.1
OG0018483	As009G215280	XP_010493807.1
OG0018484	As009G216310, As009G216060, As009G216070	XP_010493577.1, XP_010454737.1, XP_019084682.1, XP_010421257.1
OG0018485	As009G218360	XP_010483860.1, XP_010444007.1, XP_010457745.1
OG0018486	As010G220560	XP_010515480.1, XP_019099706.1, XP_010503773.1, XP_010426640.1
OG0018487	As010G220770	XP_010412705.1, XP_010412706.1, XP_010503740.1, XP_010426615.1
OG0018488	As010G222120	XP_010503566.1, XP_019084817.1, XP_010515261.1
OG0018489	As010G222640	XP_010503482.1, XP_010515169.1, XP_010503483.1, XP_010426347.1
OG0018490	As010G222680	XP_010503480.1, XP_010515167.1, XP_010426345.1
OG0018491	As010G222800	XP_010426323.1, XP_010503463.1, XP_010515154.1
OG0018492	As010G222810	XP_010426325.1, XP_010515153.1
OG0018493	As010G223140	XP_010503425.1, XP_010426272.1, XP_010515113.1
OG0018494	As010G223790	XP_010431071.1
OG0018495	As010G225150	XP_010503180.1, XP_010425987.1
OG0018496	As010G225380, As010G225390	XP_010513656.1, XP_010431079.1
OG0018497	As010G226310	XP_010458031.1, XP_010475598.1
OG0018498	As010G228360	XP_010470658.1, XP_010415324.1, XP_010511694.1
OG0018499	As010G231720	XP_010415508.1, XP_010511910.1, XP_010470838.1
OG0018500	As010G233810	XP_010415786.1, XP_010427897.1, XP_010471094.1
OG0018501	As010G236390	XP_010416631.1, XP_010428772.1
OG0018502	As010G237180	XP_010428686.1, XP_010416546.1, XP_010471782.2
OG0018503	As010G240090	XP_019092993.1, XP_010416168.1, XP_010428284.1
OG0018504	As010G240980	XP_010416048.1, XP_010471318.1, XP_010428180.1
OG0018505	As010G241070	XP_019084979.1, XP_019083316.1, XP_019093668.1
OG0018506	As010G241890	XP_010416832.1, XP_019093552.1, XP_010428983.1
OG0018507	As010G242580	XP_010472765.1, XP_010417542.1, XP_010429793.1
OG0018508	As010G243750	XP_010429956.1, XP_010417707.1
OG0018509	As011G245070	XP_010465140.1, XP_010500212.1, XP_010487071.1
OG0018510	As011G245750	XP_010465245.1, XP_010487151.1, XP_010501163.1
OG0018511	As011G246490	XP_010487237.1, XP_010501875.1, XP_010465330.1
OG0018512	As011G256750	XP_019096638.1, XP_019083492.1, XP_019092719.1
OG0018513	As011G259580	XP_010488818.1, XP_010467154.1
OG0018514	As011G260960	XP_010518477.1
OG0018515	As011G263230	XP_010489196.1, XP_010516888.1, XP_010467350.1
OG0018516	As011G265600	XP_010467721.1, XP_010489601.1
OG0018517	As011G265630, As012G281660	XP_010489609.1, XP_010467727.1, XP_010414807.1
OG0018518	As011G267400	XP_010467760.1, XP_010488983.1
OG0018519	As012G270800	XP_010462066.1, XP_010500823.1, XP_010479734.1
OG0018520	As012G271770	XP_010500688.1, XP_010461949.1, XP_010479576.1
OG0018521	As012G284670	XP_010427736.1
OG0018522	As012G286830	XP_010413524.1, XP_010469150.1
OG0018523	As012G288280	XP_010512623.1, XP_010418567.1, XP_010468965.1
OG0018524	As012G288520	XP_010468910.1, XP_010418560.1, XP_010513795.1
OG0018525	As012G289270	XP_019082817.1, XP_010418550.1, XP_010512750.1, XP_010468855.1
OG0018526	As012G289420	XP_019093753.1, XP_010413139.1
OG0018673	As001G006530	XP_010432677.1, XP_010437870.1
OG0018675	As001G012080	XP_019086619.1, XP_019088874.1, XP_019088616.1
OG0018676	As001G015820	XP_019094493.1
OG0018677	As001G017190	XP_010478694.1, XP_010501741.1, XP_019091267.1
OG0018679	As001G018830	XP_010511243.1, XP_010480216.1, XP_010414953.1
OG0018680	As001G023010	XP_010513917.1, XP_010502181.1, XP_010424962.1
OG0018681	As001G025680	XP_010502622.1, XP_010514342.1
OG0018682	As001G027690	XP_010450336.1
OG0018683	As001G029930	XP_010470323.1, XP_010511124.1
OG0018684	As001G031950	XP_010418270.1, XP_010430340.1, XP_010473492.1
OG0018685	As002G032500	XP_010433592.1, XP_010438832.1, XP_010448371.1
OG0018686	As002G033710	XP_019101228.1, XP_019102569.1, XP_019100552.1
OG0018687	As002G040380	XP_010442432.1, XP_010482246.1, XP_010440928.1
OG0018688	As002G040990	XP_010445482.1, XP_019085513.1, XP_010424427.1, XP_010445609.1, XP_019097509.1
OG0018689	As002G041010	XP_010442483.1, XP_010441440.1
OG0018690	As002G041780	XP_010482319.1, XP_010442495.1
OG0018691	As002G043970	XP_010442735.1, XP_010482560.1, XP_010444466.1
OG0018692	As002G044080	XP_010442746.1, XP_010482576.1, XP_010444626.1
OG0018693	As002G044540	XP_019088796.1, XP_010485089.1, XP_010474025.1
OG0018694	As002G047430	XP_010450025.1, XP_010443206.1, XP_010483022.1
OG0018695	As002G047590	XP_010483054.1, XP_010450176.1
OG0018696	As002G050120	XP_019087590.1
OG0018697	As003G055650	XP_010434696.1, XP_010440034.1, XP_010449645.1
OG0018698	As003G059190	XP_019086476.1, XP_010449086.1, XP_019088741.1
OG0018699	As003G059440	XP_019086928.1
OG0018700	As003G060460	XP_010448891.1
OG0018701	As003G060820	XP_010448442.1, XP_010433648.1
OG0018702	As003G064540	XP_010500151.1, XP_010479052.1
OG0018703	As003G065000	XP_010479005.1, XP_010461395.1, XP_010500105.1
OG0018705	As003G070750	XP_010499548.1, XP_010478403.1, XP_010460813.1
OG0018706	As003G072490	XP_010436240.1
OG0018707	As004G077220	XP_010450507.1, XP_010440861.1, XP_010445563.1, XP_010435581.1
OG0018708	As004G080220	XP_010424458.1, XP_010455343.1, XP_010438367.1
OG0018709	As004G081240	XP_010469400.1, XP_010413781.1, XP_010509797.1
OG0018710	As004G081920	XP_010494293.1, XP_010481892.1
OG0018711	As004G082020	XP_010481904.1, XP_010442068.1
OG0018712	As004G082060, As004G082050, As007G162680	XP_019087897.1, XP_010494275.1
OG0018713	As004G082840	XP_010442153.2, XP_019095921.1, XP_010494164.2
OG0018715	As004G083820	XP_010455450.1, XP_010421967.1, XP_010436935.1, XP_010436973.1
OG0018716	As004G087740	XP_010494630.1, XP_010441752.1, XP_010481605.1
OG0018717	As004G092740	XP_010450328.1
OG0018718	As004G092750	XP_010451620.2
OG0018719	As004G095290	XP_010435156.1, XP_010450068.1, XP_019087447.1
OG0018720	As004G095970	XP_010449983.1, XP_019086139.1
OG0018721	As004G097210	XP_010450675.1, XP_010441173.1, XP_010435908.1
OG0018722	As004G098230	XP_010448011.1, XP_010441359.1, XP_010436884.1
OG0018723	As004G098260	XP_010441363.1, XP_010448059.1
OG0018724	As005G100130	XP_010506708.1, XP_010518379.1, XP_010507954.1
OG0018725	As005G102140	XP_010506437.1, XP_010508224.1
OG0018727	As005G103950	XP_010508449.1, XP_010506193.1, XP_010517884.1
OG0018728	As005G104330	XP_010508487.1, XP_010517851.1
OG0018729	As005G106280	XP_010423988.1, XP_010490513.1
OG0018730	As005G106540	XP_010451979.1, XP_010490557.1, XP_010423958.1
OG0018731	As005G107160	XP_010424819.2, XP_010490623.1, XP_010452039.1
OG0018732	As005G109460	XP_010456392.1, XP_010490942.1, XP_010423591.1
OG0018733	As005G119580	XP_010484555.1, XP_010464539.1
OG0018734	As005G120270	XP_010484632.1, XP_010465344.1, XP_010444784.1
OG0018735	As005G120300	XP_010465407.1, XP_010484636.1, XP_010444789.1
OG0018736	As006G120950	XP_010419521.1, XP_010426436.1, XP_010456343.1
OG0018737	As006G123030	XP_019088902.1, XP_010456063.1, XP_010422617.1
OG0018738	As006G123500	XP_010455991.1, XP_010430049.1, XP_010424653.1
OG0018739	As006G126200	XP_019095004.1, XP_019090957.1, XP_019094864.1
OG0018740	As006G131110	XP_010473062.2, XP_019083600.1, XP_010510862.1
OG0018741	As006G131330	XP_019093769.1, XP_019083599.1, XP_010510885.1
OG0018742	As006G132410	XP_010433378.1, XP_019087046.1, XP_010448146.1
OG0018743	As006G133340	XP_019096305.1, XP_010436732.1, XP_010496429.1
OG0018744	As006G133430	XP_010442347.1, XP_010439878.1, XP_010482175.1
OG0018745	As006G135050	XP_010463596.1, XP_010485438.1, XP_010440188.1
OG0018746	As006G136560	XP_010463799.1, XP_010485691.1, XP_010511330.1
OG0018747	As006G137490	XP_010463916.1, XP_010485811.1, XP_010414257.1
OG0018748	As006G138090	XP_010485875.1, XP_010497404.2, XP_010419623.1
OG0018749	As006G142120	XP_010465917.1, XP_010464504.1
OG0018750	As006G147300	XP_010489024.1, XP_010467800.1
OG0018752	As007G160710	XP_010477845.1, XP_010460294.1, XP_010499027.1
OG0018753	As007G178100	XP_010417194.1, XP_010417195.1, XP_010472448.1
OG0018754	As007G179240	XP_010417114.1, XP_019085283.1, XP_010472364.1
OG0018755	As008G185920	XP_010492974.1, XP_010458556.2
OG0018756	As008G187040	XP_010475925.1, XP_010501413.1, XP_010458406.1
OG0018757	As008G187960	XP_010490327.1, XP_010475827.1, XP_019091615.1
OG0018758	As008G198110	XP_010480909.1, XP_010474649.1
OG0018759	As008G198200	XP_010480859.1, XP_010474641.1, XP_010457202.1
OG0018761	As009G202820	XP_010492619.1
OG0018762	As009G218680	XP_010458405.1, XP_010444060.1, XP_010483918.1
OG0018763	As009G218870	XP_010458879.1, XP_010444087.1
OG0018764	As009G219720	XP_010453992.1
OG0018765	As009G219800	XP_019088735.1, XP_019092781.1, XP_019096014.1
OG0018766	As010G223560	XP_019085903.1, XP_010503353.1
OG0018767	As010G224330	XP_010507252.1
OG0018768	As010G224990	XP_019098299.1, XP_019102030.1, XP_019085770.1
OG0018769	As010G225020	XP_010508235.1, XP_010506425.1, XP_019082402.1
OG0018770	As010G225580	XP_019102043.1, XP_019098109.1
OG0018771	As010G227070	XP_010425808.1, XP_010514710.1, XP_010503025.1
OG0018773	As010G233130	XP_010512091.2
OG0018774	As010G233500	XP_010427838.1, XP_010415744.1, XP_019093690.1
OG0018775	As010G235260	XP_019083437.1, XP_019085059.1, XP_019093071.1
OG0018776	As010G238100	XP_010459646.1
OG0018777	As010G239130	XP_019083363.1, XP_010471530.1
OG0018778	As010G241200	XP_010471287.1
OG0018779	As010G244180	XP_010417751.1, XP_010430009.1
OG0018780	As011G245610	XP_010487128.1, XP_010465213.1
OG0018781	As011G246850	XP_010465373.2
OG0018782	As011G246910	XP_010487284.1, XP_019092576.1, XP_010502139.1
OG0018783	As011G248910	XP_019102239.1
OG0018785	As011G252660	XP_010466225.1, XP_010508862.1, XP_010488013.1
OG0018787	As011G255110	XP_010451111.1, XP_010436332.1, XP_010445059.1
OG0018788	As011G261250	XP_010467119.1, XP_010488793.1, XP_010412907.1
OG0018789	As011G264190	XP_010489330.1
OG0018790	As011G264690	XP_019092514.1, XP_019096625.1, XP_019100974.1
OG0018791	As011G266020	XP_019098953.1, XP_019092456.1, XP_019096296.1
OG0018792	As012G267710	XP_019091864.1, XP_010480188.1
OG0018794	As012G272350	XP_019099453.1, XP_010479467.1
OG0018796	As012G273530	XP_010479290.1, XP_010500403.1
OG0018797	As012G283370	XP_010516296.1, XP_010427543.1
OG0018798	As012G284230	XP_010504719.2
OG0018799	As012G285340	XP_010512177.1, XP_019082926.1, XP_010469337.1
OG0018801	As012G289040	XP_019093663.1, XP_019101033.1
OG0018802	As012G289280	XP_010413156.1, XP_019100993.1, XP_010468854.1
OG0018940	As001G000440	XP_010470977.1, XP_010415636.1
OG0018942	As001G015780	XP_019094492.1
OG0018943	As001G016320	XP_010499727.1, XP_019094673.1
OG0018944	As001G018660	XP_010480197.1, XP_010414924.1, XP_010511217.1
OG0018945	As001G018950	XP_010511262.1, XP_010414974.1
OG0018946	As001G019230	XP_010511326.1, XP_010480290.1, XP_010511323.1, XP_010480288.1, XP_010415029.1, XP_010418950.1
OG0018947	As001G023800	XP_010514065.1, XP_010502308.1, XP_010425071.1
OG0018948	As001G024370	XP_010430710.1, XP_010514147.1, XP_019100046.1
OG0018949	As001G024460	XP_010425189.1, XP_010502417.1, XP_010514160.1
OG0018950	As001G025810	XP_010514367.1, XP_010502645.1, XP_010425427.1
OG0018951	As001G027030	XP_019102211.1, XP_010425623.1, XP_010502836.1
OG0018952	As002G033060	XP_019087338.1, XP_010436376.1, XP_019086220.1
OG0018953	As002G039580	XP_010442428.1, XP_010440833.1, XP_010482241.1
OG0018954	As002G041110	XP_010441531.2, XP_010482311.1, XP_019095605.1, XP_010442488.1
OG0018955	As002G044230	XP_010442767.1, XP_010482601.1
OG0018957	As002G052550	XP_019098994.1, XP_019084429.1, XP_010491748.1, XP_019090696.1
OG0018958	As002G053460	XP_010452990.1, XP_010491631.1
OG0018959	As002G054470	XP_010491477.1, XP_010423094.1, XP_010452830.1
OG0018961	As003G062410	XP_019095350.1, XP_010499845.1, XP_010461118.1
OG0018963	As003G064680	XP_010463199.1, XP_010500127.1, XP_010479034.1
OG0018964	As003G074000	XP_010446634.1, XP_010432038.1, XP_010437191.1
OG0018966	As003G076230	XP_010431800.1, XP_010446366.1, XP_010436953.1
OG0018967	As004G079360	XP_010516733.1
OG0018968	As004G079830	XP_010499827.1, XP_010461100.1, XP_010480841.1
OG0018969	As004G081760	XP_010509872.1, XP_019082955.1
OG0018970	As004G082970	XP_010482021.1
OG0018971	As004G084190	XP_010455500.1, XP_010435611.1, XP_010424526.2
OG0018972	As004G086650	XP_010441889.1, XP_010481682.1, XP_010494469.1
OG0018973	As004G093840	XP_010435296.1, XP_010450315.1, XP_010440609.1
OG0018974	As005G102840	XP_019099890.1, XP_019102029.1
OG0018975	As005G119320	XP_019088819.1, XP_019089059.1
OG0018976	As005G120140	XP_019095832.1
OG0018977	As006G121190	XP_010419560.1, XP_010426771.1, XP_010496903.1
OG0018978	As006G129510	XP_010490717.1, XP_010452100.1
OG0018979	As006G129600	XP_010414496.1, XP_010470060.1, XP_019101463.1
OG0018980	As006G130970	XP_010473082.1, XP_019083581.1, XP_010510838.1
OG0018981	As006G132890	XP_010435626.1, XP_010489627.1, XP_010485412.1, XP_010496303.1
OG0018982	As006G143980	XP_010505577.1, XP_010517245.1
OG0018983	As006G144230	XP_010437735.1, XP_010432530.1
OG0018984	As007G152370	XP_010459125.1, XP_010497485.1, XP_010476689.1
OG0018985	As007G158840	XP_010460470.1, XP_010478034.1
OG0018986	As007G161570	XP_010499139.1, XP_010460408.1, XP_010477978.1
OG0018988	As008G185560	XP_010476123.1, XP_010493376.1, XP_010458593.1
OG0018989	As008G187150	XP_010491268.1, XP_010458392.1, XP_010475908.1
OG0018990	As008G195510	XP_010484503.1, XP_010475171.1
OG0018991	As008G197360	XP_010481583.1, XP_010474918.1, XP_010474927.1
OG0018992	As008G197800	XP_019098346.1, XP_010480326.1, XP_010462537.1
OG0018993	As009G204630	XP_010454129.1, XP_010492914.1, XP_010420654.1
OG0018995	As009G218300	XP_010483855.1, XP_010443996.1, XP_010457673.1
OG0018997	As010G223580	XP_010426194.1
OG0018998	As010G225770	XP_010412547.1, XP_010425926.1, XP_010503145.1
OG0018999	As010G226020	XP_010425891.1, XP_019102246.1, XP_010503123.1
OG0019000	As010G232570	XP_010513682.1, XP_010470933.1, XP_010419098.1
OG0019001	As010G234640	XP_019093710.1
OG0019002	As010G241590	XP_010428955.1, XP_010416815.1, XP_010472049.1
OG0019003	As011G248120	XP_019102113.1, XP_019092580.1, XP_019092579.1, XP_019097005.1
OG0019004	As011G249120	XP_010504812.1, XP_010487564.1, XP_010465717.1
OG0019005	As011G251150	XP_019096406.1
OG0019006	As011G255080	XP_010490064.1, XP_010466625.1
OG0019007	As011G255570	XP_010468552.1, XP_010490205.1, XP_010421064.1, XP_010488443.1
OG0019008	As011G265070	XP_010467617.1, XP_010413933.2, XP_010490432.1
OG0019009	As012G268060	XP_010462442.1, XP_019099544.1
OG0019012	As012G273220	XP_010501904.1, XP_010463300.1, XP_010481039.1
OG0019013	As012G274530	XP_010449865.1, XP_010434896.1, XP_010440222.1, XP_010440223.1, XP_010440220.1, XP_010440221.1
OG0019014	As012G277120	XP_010515830.1, XP_010426988.1
OG0019015	As012G286160	XP_010413590.1, XP_019101043.1, XP_010469214.1
OG0019130	As001G016370	XP_010461007.1, XP_010478604.1, XP_010499732.1
OG0019131	As001G019100	XP_010480267.1, XP_010415002.1
OG0019132	As001G021400	XP_019093047.1, XP_010418053.1, XP_019085202.1
OG0019133	As001G031160	XP_010430476.1, XP_010418406.1, XP_010473620.1
OG0019134	As002G044350	XP_010442791.1, XP_010482622.2, XP_010445031.1
OG0019135	As002G046770	XP_010482925.1, XP_010443102.1, XP_010448939.1
OG0019136	As002G047090	XP_010482957.1, XP_010449309.1, XP_019088582.1
OG0019138	As003G058070	XP_019089745.1, XP_019087830.1, XP_019086863.1
OG0019139	As003G059500	XP_010449055.1, XP_010439471.1, XP_010434176.1
OG0019140	As003G062660	XP_010499870.1, XP_010478746.1, XP_010461150.1
OG0019142	As003G064020	XP_010461340.1, XP_010496061.1, XP_010500055.1
OG0019143	As003G064070	XP_010496062.1, XP_010500057.1, XP_010461341.1, XP_010463168.1
OG0019144	As003G064260	XP_010500089.1, XP_010478966.1, XP_010461368.1
OG0019145	As003G065540	XP_019097762.1, XP_019094897.1, XP_019091506.1
OG0019147	As004G080600	XP_010421776.1
OG0019148	As004G082420	XP_010495620.1, XP_019087899.1, XP_010481961.1
OG0019149	As004G086560	XP_010494448.1, XP_010481748.1
OG0019150	As004G087080	XP_010484834.1, XP_010445857.1, XP_010495679.1
OG0019151	As004G087720	XP_010494627.1
OG0019153	As004G092290	XP_010450301.1, XP_010440661.1, XP_010436648.1
OG0019154	As005G101320	XP_010508114.1, XP_010507760.1, XP_010413073.1
OG0019155	As005G102270	XP_019101174.1, XP_010518097.1, XP_010506424.1
OG0019156	As005G104660	XP_010413021.1, XP_010512889.1, XP_010507708.1
OG0019157	As005G106340	XP_010490522.1, XP_010423980.1
OG0019158	As005G108660	XP_010490861.1, XP_010452267.1
OG0019159	As011G252240	XP_010507118.2
OG0019160	As005G115160	XP_010483564.1, XP_010454966.1, XP_010443695.1
OG0019161	As006G127580	XP_019101092.1, XP_019083249.1, XP_019093789.1
OG0019162	As006G131930	XP_010417380.1, XP_010429616.1, XP_019093387.1, XP_019093743.1
OG0019163	As006G133680	XP_010490487.1, XP_010496813.1, XP_010424019.1
OG0019164	As006G135890	XP_010467977.1, XP_010502522.1
OG0019165	As006G138970	XP_010464090.1, XP_010486017.1, XP_019100125.1
OG0019166	As006G142650	XP_010512931.1
OG0019167	As006G143180	XP_010505680.1, XP_010508956.1, XP_019101961.1
OG0019168	As007G155360	XP_010498299.1
OG0019169	As007G157460	XP_019097149.1, XP_019098201.1, XP_019091412.1
OG0019170	As007G158800	XP_010461085.1, XP_010499806.1, XP_010478705.1
OG0019172	As007G181880	XP_019083445.1, XP_010472096.1, XP_010429013.1
OG0019173	As008G192610	XP_019094755.1
OG0019174	As008G199190	XP_010457074.1, XP_010474808.1
OG0019175	As009G218450	XP_019096016.1
OG0019177	As010G224450, As010G224440	XP_010475755.1, XP_010462604.1
OG0019178	As010G224470, As010G224460	XP_019084775.1, XP_010514982.1, XP_019100185.1
OG0019179	As010G226080	XP_010514785.1, XP_019098771.1, XP_010503106.1, XP_010425874.1
OG0019180	As010G226170	XP_010514778.2, XP_010425861.1, XP_010503097.1
OG0019182	As010G237220	XP_010428683.1, XP_019083714.1, XP_010471779.1
OG0019183	As010G237820	XP_010416458.1, XP_010428598.1
OG0019184	As010G242670	XP_010417593.1, XP_010472783.1, XP_010429811.1
OG0019186	As011G246800	XP_010465356.1, XP_010501999.1
OG0019187	As011G246820	XP_010502047.1
OG0019188	As011G252480	XP_019092431.1, XP_019097122.1, XP_019082623.1
OG0019189	As011G267170	XP_010489030.1, XP_010467811.1
OG0019191	As012G287680	XP_010413366.1, XP_010469112.1, XP_010512532.1
OG0019305	As001G004020	XP_010437998.1, XP_019088882.1
OG0019306	As001G006950	XP_019089646.1
OG0019307	As012G281450, As004G089900	XP_019092279.1, XP_010468572.1
OG0019308	As001G017440	XP_010440076.1, XP_010434738.1
OG0019309	As001G018670	XP_010480198.1, XP_010414925.1, XP_010511221.1
OG0019311	As002G043350	XP_010442619.1
OG0019314	As002G053980	XP_010452906.1, XP_010491547.2
OG0019316	As003G063930	XP_010500041.1, XP_010461322.1
OG0019317	As003G065690	XP_010450139.1
OG0019317	As003G065700	XP_010451552.1
OG0019318	As003G069410, As003G069420	XP_010478236.1, XP_010460655.1, XP_019099250.1
OG0019319	As003G075840	XP_010437002.1, XP_010446423.1
OG0019320	As004G077600	XP_010450961.1
OG0019323	As004G096310	XP_010449956.1, XP_010496104.1, XP_010436581.1
OG0019324	As004G097990	XP_010436093.1, XP_010436092.1, XP_010436094.1, XP_010441305.1, XP_010447478.1
OG0019325	As005G099360	XP_010506788.1, XP_010507879.1, XP_019102008.1
OG0019326	As005G100730	XP_019082426.1, XP_019100657.1, XP_019101151.1
OG0019327	As005G105150	XP_010517724.1, XP_010506019.1
OG0019328	As006G128810	XP_010414368.1, XP_010469944.1
OG0019329	As006G132000	XP_010429604.1, XP_010417368.1, XP_010472617.1
OG0019330	As006G134670	XP_010448229.1, XP_010433456.1
OG0019332	As006G141450	XP_010456860.1, XP_010464407.1, XP_010486340.1
OG0019333	As007G154890	XP_010498238.1
OG0019334	As007G156210	XP_010459682.1, XP_010498432.1, XP_010477228.1
OG0019335	As007G179510	XP_019093698.1, XP_019085808.1
OG0019337	As008G196460	XP_010475058.1, XP_010483147.1
OG0019339	As009G206870	XP_010494046.2, XP_010456757.1
OG0019340	As010G223530	XP_010503364.1, XP_010426206.1
OG0019341	As010G228450	XP_010469664.1, XP_019101383.1
OG0019342	As010G243290	XP_010429890.1, XP_010472858.1
OG0019343	As010G244120	XP_019093762.1, XP_010417745.1, XP_010430004.1
OG0019345	As011G255160, As011G255170	XP_010466635.1, XP_010466634.1, XP_010488366.1
OG0019348	As012G269370	XP_010462296.1, XP_010479968.1
OG0019349	As012G269890	XP_010479875.1, XP_010500959.1, XP_010462201.1
OG0019350	As012G288430	XP_010512649.1, XP_010473770.1, XP_010413268.1
OG0019447	As001G002590	XP_010438165.1, XP_010432975.1, XP_010447701.1
OG0019449	As001G017350	XP_010449682.1, XP_010434728.1, XP_010440066.1
OG0019450	As001G018620	XP_010511205.1, XP_010470369.1
OG0019451	As001G018740	XP_010480204.1, XP_010414932.1, XP_010511228.1
OG0019452	As001G021840	XP_019083713.1
OG0019453	As001G028000	XP_010514670.1, XP_010502994.1
OG0019454	As001G028080	XP_010450861.1, XP_010441014.1, XP_010435794.1
OG0019455	As002G038050	XP_010498352.1
OG0019457	As002G054650	XP_010452805.1, XP_010423121.1, XP_010491450.1
OG0019458	As003G065130	XP_010478991.1, XP_010496804.1, XP_010461390.1
OG0019459	As003G071380, As003G071300	XP_019094486.1
OG0019461	As004G092670	XP_010496389.1, XP_010435365.1, XP_010496359.1
OG0019464	As005G113220	XP_010454486.1, XP_010421011.1
OG0019465	As005G116520	XP_010441926.1
OG0019466	As006G124010	XP_010422485.1, XP_019089127.1, XP_019090172.1, XP_019090171.1
OG0019467	As006G134690	XP_010433461.1, XP_010448231.1
OG0019469	As006G140730	XP_010486234.1
OG0019470	As006G144510	XP_010516802.1, XP_010509531.1
OG0019471	As006G148710	XP_010438746.2
OG0019473	As008G185950	XP_010476082.1, XP_010458554.1, XP_010492953.1
OG0019474	As009G206790	XP_010455149.1
OG0019477	As010G221770	XP_010515301.1, XP_010503604.1, XP_010426464.1
OG0019478	As010G225140	XP_010503181.1, XP_010514889.1, XP_010425989.1
OG0019479	As010G225160	XP_010514888.1, XP_010503179.1, XP_010425985.1
OG0019480	As010G226270	XP_010514773.1, XP_010503085.1, XP_010425850.1
OG0019481	As010G240290	XP_019082878.1
OG0019483	As010G244210	XP_010430016.1, XP_010472991.1, XP_019083576.1
OG0019484	As011G246830	XP_010465367.1, XP_010487269.1, XP_010502045.1
OG0019485	As011G249630	XP_019094765.1, XP_019091127.1
OG0019487	As011G261880	XP_010488824.1, XP_019084572.1, XP_010467160.1
OG0019489	As011G265170	XP_010489558.1, XP_010467682.1
OG0019490	As011G265840	XP_010467747.1, XP_010489459.1, XP_010467749.1
OG0019491	As012G267670	XP_010501255.1, XP_010480190.1
OG0019494	As012G273440	XP_019099441.1, XP_010479347.1
OG0019495	As012G288900	XP_010497171.1, XP_010506855.1
OG0019617	As001G004350	XP_010416355.1
OG0019618	As001G017120	XP_010499833.1, XP_010461106.1
OG0019619	As001G019240	XP_010415030.1, XP_010511327.1, XP_010480292.1
OG0019620	As002G035140	XP_019096342.1, XP_019098908.1, XP_010464659.1
OG0019621	As002G043690	XP_019095782.1, XP_010443724.1, XP_010442686.1
OG0019622	As002G049640	XP_010443507.1, XP_010453026.1, XP_010483356.1
OG0019623	As002G050030	XP_010438807.1, XP_010496490.1, XP_019098240.1, XP_010421523.1
OG0019625	As003G073670	XP_010446661.1
OG0019626	As003G076010	XP_019098578.1
OG0019627	As004G077740	XP_010450915.1, XP_010435741.2, XP_010440944.2
OG0019628	As004G089500	XP_019097742.1, XP_019095818.1, XP_019087062.1
OG0019629	As005G117440	XP_010422965.1, XP_010456459.1
OG0019630	As006G122210	XP_010422737.1, XP_010456175.2, XP_010428091.1
OG0019631	As006G130650	XP_010419409.1, XP_010513316.1
OG0019632	As006G131520	XP_010417445.1, XP_010472679.1, XP_010429675.1
OG0019633	As007G154940	XP_010498249.1, XP_010459475.1
OG0019634	As007G179730	XP_019085100.1, XP_019083744.1, XP_019093101.1
OG0019635	As008G187060	XP_010442980.1, XP_010482813.1, XP_010446368.1, XP_019091513.1
OG0019636	As008G194320	XP_010517883.1
OG0019637	As009G206080, As012G284490	XP_010493984.1
OG0019638	As010G221510	XP_010503641.1, XP_010426498.1, XP_010515334.1
OG0019642	As010G234900	XP_010471229.1, XP_010415934.1, XP_019084969.1
OG0019644	As010G237030	XP_010474364.1, XP_010416566.1, XP_010428706.1
OG0019645	As011G247970	XP_010487414.1, XP_010503415.1, XP_010465565.1
OG0019648	As011G263220	XP_010472509.1, XP_010429491.1, XP_010417257.1
OG0019649	As012G267790	XP_010479787.1, XP_010462120.1, XP_010500886.1
OG0019650	As012G274090	XP_010461601.1, XP_010500311.1
OG0019651	As012G276060	XP_010426869.1, XP_010515718.1, XP_010503995.1
OG0019652	As012G285120	XP_010516557.1, XP_010512123.1, XP_010504874.1
OG0019653	As012G289370	XP_010413147.1, XP_010512765.1, XP_010468845.1
OG0019776	As001G018500	XP_010414905.1, XP_010470360.1, XP_010511203.1
OG0019777	As001G018630	XP_010470373.1, XP_010414916.1, XP_010511208.1
OG0019778	As001G025740	XP_010478198.1, XP_010499348.1, XP_010498644.1, XP_010459905.1, XP_010477434.1
OG0019779	As002G033560	XP_010463033.1, XP_010424469.1
OG0019783	As003G071120	XP_010499591.1, XP_010478470.1, XP_010460859.1
OG0019786	As004G087450	XP_010481659.1, XP_010441794.1, XP_010445824.1
OG0019788	As004G093770	XP_019088001.1, XP_010450310.1
OG0019789	As005G101440, As005G101460, As005G101450	XP_010508134.1, XP_010518184.1, XP_010506545.1
OG0019790	As005G102720, As005G102700	XP_010506374.1, XP_010508291.1
OG0019793	As007G152310	XP_010462727.1
OG0019794	As007G158350	XP_019091383.1, XP_010477499.2
OG0019797	As010G225900	XP_010514811.1, XP_010503132.1
OG0019798	As010G239650	XP_010416209.1, XP_010471465.1, XP_010428333.1
OG0019799	As010G241370	XP_010428120.1, XP_010471265.1, XP_010415986.1
OG0019800	As011G247720	XP_019094811.1, XP_019091517.1, XP_019099514.1
OG0019801	As011G255550	XP_019096617.1, XP_019092452.1, XP_019099061.1
OG0019803	As011G259550	XP_010426142.1, XP_010503304.1, XP_010515013.1, XP_010474498.1
OG0019804	As012G285980	XP_019082923.1, XP_010454774.1, XP_010469241.1
OG0019931	As001G016160	XP_010465129.1
OG0019932	As001G026260	XP_010507047.1
OG0019934	As002G039950	XP_010441128.1, XP_010442451.1, XP_010482275.1
OG0019938	As002G047810, As002G048140	XP_019086774.1, XP_019095841.1
OG0019939	As002G049240	XP_010452486.1, XP_010443443.1, XP_010483279.1
OG0019940	As003G073110	XP_010432119.1, XP_010446730.1
OG0019941	As004G077450	XP_010440894.1, XP_010435694.1, XP_010450546.1
OG0019942	As004G080120	XP_010455355.1, XP_010438237.1, XP_010421870.1
OG0019943	As004G083360	XP_010421922.1, XP_010437602.1
OG0019946	As004G085130	XP_010433580.1, XP_010456892.1
OG0019947	As004G086840, As004G086900	XP_019087896.1
OG0019948	As004G094070	XP_019092215.1
OG0019949	As004G098530	XP_010432258.1, XP_010446907.1, XP_019087030.1
OG0019950	As005G099580	XP_010518435.1, XP_010507900.1
OG0019951	As005G107560	XP_010490712.1, XP_010423851.1, XP_010452096.1
OG0019956	As007G153330	XP_010459246.1, XP_010498022.1
OG0019957	As007G160260	XP_019091254.1, XP_019095492.1
OG0019959	As008G184250, As008G184240	XP_010462686.1, XP_010494953.1, XP_010476298.1, XP_010480460.1, XP_010462687.1, XP_010480461.1, XP_010476297.1
OG0019961	As009G213500, As009G213410	XP_019084614.1
OG0019963	As010G243990	XP_010472959.1, XP_010429992.1, XP_010417735.1
OG0019964	As011G246670, As011G246620, As011G246590	XP_010468169.1, XP_010419155.1
OG0020095	As001G021740	XP_010430170.1, XP_019085220.1
OG0020097	As002G045990	XP_019087648.1, XP_019088473.1
OG0020103	As004G081780	XP_010469461.1, XP_010413851.1, XP_010509874.1
OG0020107	As006G133640	XP_010496817.1, XP_010490479.2, XP_010497311.1
OG0020108	As006G139370	XP_019092503.1, XP_010486069.1
OG0020109	As006G146720	XP_019085869.1
OG0020110	As007G152590	XP_019091007.1
OG0020110	As010G243100, As007G152640	XP_019096525.1
OG0020111	As007G181230, As007G181540	XP_019089639.1
OG0020112	As008G198880	XP_019084181.1
OG0020114	As009G206700	XP_019092917.1, XP_010418864.2, XP_010486913.1
OG0020115	As009G212690	XP_010495226.1, XP_019097297.1
OG0020116	As010G224790	XP_010426039.1, XP_010503224.1, XP_010514936.1
OG0020118	As011G253530	XP_010510167.1, XP_010488151.1, XP_010466378.1
OG0020269	As001G026370	XP_019100102.1
OG0020270	As001G027820	XP_010425735.1, XP_010514649.1, XP_010502962.1
OG0020272	As001G028810	XP_019101106.1, XP_019093686.1, XP_019100922.1
OG0020276	As002G040930	XP_010482304.1, XP_010442481.1, XP_010441402.1
OG0020281	As004G097550	XP_010436840.1
OG0020283	As005G109380	XP_010501799.1, XP_019096425.1, XP_010419288.1
OG0020285	As006G133900	XP_019097608.1
OG0020288	As007G158700	XP_010480601.1
OG0020295	As009G200240, As009G200230	XP_019090644.1
OG0020299	As010G224490	XP_019102073.1, XP_019085851.1
OG0020303	As011G246300	XP_010487220.2, XP_010465311.1, XP_010501769.1
OG0020304	As011G260950	XP_010490234.2, XP_010496777.2
OG0020471	As001G029420	XP_010511445.2
OG0020472	As001G030020	XP_019093862.1
OG0020473	As002G041890	XP_010482334.1, XP_010442501.1, XP_010441738.1
OG0020474	As003G073570	XP_010436226.1, XP_010451020.2
OG0020476	As004G084830	XP_010445642.1
OG0020477	As004G087170	XP_010494532.1, XP_010481708.1
OG0020480	As005G098700	XP_010413114.1, XP_010507825.1
OG0020481	As005G115690, As005G115220	XP_010485230.1
OG0020484	As006G135910	XP_010485620.1, XP_010503115.1, XP_010463722.1
OG0020486	As007G177110	XP_019098912.1
OG0020489	As311G297880	XP_010421234.2
OG0020669	As001G018390	XP_010511189.1, XP_010414890.1
OG0020670	As001G025270	XP_019100080.1
OG0020671	As002G035050	XP_010486576.1, XP_010479113.1, XP_010468089.1
OG0020673	As003G069620	XP_019094491.1, XP_019095775.1
OG0020681	As008G190390	XP_010495784.1
OG0020682	As008G199530	XP_010496460.1, XP_010474839.1
OG0020689	As012G284000	XP_010501354.1, XP_019099732.1
OG0020881	As001G004850	XP_010446265.1, XP_010478476.1, XP_010485314.1
OG0020888	As003G073650, As003G073640	XP_010446664.1, XP_010437232.1
OG0020890	As005G099910	XP_010446301.1
OG0020892	As008G192760	XP_019099787.1, XP_019099644.1
OG0020895	As010G227290	XP_010514694.1
OG0020896	As010G239850	XP_010471437.1, XP_010428307.1, XP_010416186.1
OG0021218	As003G057480	XP_010439776.1, XP_010436487.1
OG0021220	As003G065200	XP_019100954.1, XP_019085882.1
OG0021221	As004G085450, As006G146100	XP_010518140.1, XP_010467294.1
OG0021222	As004G086620	XP_019100443.1
OG0021223	As004G087680	XP_010484814.1, XP_010445820.1
OG0021225	As005G115300	XP_010443670.1
OG0021234	As009G205710	XP_010429533.1, XP_010451472.1
OG0021238	As011G247330	XP_010468181.1, XP_019096374.1
OG0021565	As003G064320	XP_019092531.1
OG0021572	As005G112800	XP_010445708.1
OG0021582	As008G199290	XP_019094816.1, XP_019097042.1
OG0021583	As009G213560	XP_019092235.1
OG0021584	As010G229880	XP_010412429.1
OG0022062	As001G007150	XP_010455381.1, XP_010470388.1, XP_010421896.1
OG0022064	As001G017670	XP_019086260.1
OG0022069	As005G112180	XP_019093379.1
OG0022074	As006G147760	XP_010445590.1, XP_019087478.1, XP_010424767.1
OG0022077	As007G158250	XP_010492702.2
OG0022085	As011G261350	XP_010495405.1
OG0022677	As001G011790	XP_010456620.2
OG0022679	As001G015260	XP_010446191.1, XP_010446193.1
OG0022691	As004G091590, As003G071340, As011G257440, As005G110170, As011G261900	XP_019098656.1
OG0022692	As003G073070	XP_010451025.1
OG0022708	As009G204640	XP_010420655.1, XP_010454130.1
OG0022712	As011G252420	XP_010488442.1
OG0023566	As002G039760	XP_010451404.1
OG0023571	As003G069360	XP_019099251.1
OG0023591	As010G223410	XP_010483853.1
OG0024901	As001G017660	XP_019101813.1
OG0024925	As005G111550	XP_019098501.1
OG0024926	As005G113500	XP_010495366.1
OG0024930	As006G146910	XP_010412918.1, XP_010507602.1
OG0024931	As006G148540	XP_019094285.1, XP_010475399.1, XP_010475398.1
OG0024941	As009G209670	XP_010494234.1
OG0026945	As001G003120	XP_010425558.1
OG0026982	As005G103750	XP_010469331.1
OG0026992	As007G165130, As007G165110	XP_010429073.1
OG0026999	As008G186080	XP_010421227.1
OG0027000	As008G187180	XP_010480401.1
OG0027001	As010G227830, As008G190840	XP_019092365.1
OG0027013	As010G241400	XP_019095630.1
OG0027022	As012G270270	XP_010497307.2
OG0030408	As001G013300	XP_010513558.1
OG0030427	As002G043630	XP_010482429.1
OG0030442	As003G066910	XP_010462592.2
OG0030450	As004G083530	XP_019090681.1
OG0030474	As006G136900	XP_010507562.1
OG0030493	As007G177600	XP_019098709.1
OG0030494	As007G178060	XP_010452588.1
OG0030513	As008G192260	XP_010501362.1
OG0030524	As009G210860	XP_010512509.1
OG0030537	As010G241700	XP_010431496.1
OG0030548	As012G269330	XP_019096647.1
OG0030553	As012G279170	XP_019082479.1
