Orthogroup	Aethionema_saxatile	Cardamine_amara
OG0000000	As006G148660, As007G164610, As002G036700, As010G230770	evm.model.RL_6.1375
OG0000000	As002G040030	evm.model.RL_6.904, evm.model.RL_8.1136
OG0000000	As001G006630, As006G147610	evm.model.RL_2.738, evm.model.RL_4.733, evm.model.RL_1.3301
OG0000000	As011G257780	evm.model.RL_2.1335, evm.model.RL_5.2579, evm.model.RL_3.1102, evm.model.RL_6.1374
OG0000002	As004G091160	evm.model.RL_1.3300, evm.model.RL_1.3293
OG0000003	As003G066710	evm.model.RL_5.2494
OG0000003	As007G166420, As003G066750, As007G166460	evm.model.RL_3.768
OG0000003	As012G280070	evm.model.RL_6.671, evm.model.RL_8.1012, evm.model.RL_2.708
OG0000003	As012G279580	evm.model.RL_5.2504
OG0000003	As007G166450, As007G166410, As003G066730, As003G066690, As007G166480	evm.model.RL_7.2059, evm.model.RL_6.676
OG0000004	As007G177100	evm.model.RL_2.303
OG0000005	As007G177090, As005G111430	evm.model.RL_2.1096
OG0000006	As011G261190	evm.model.RL_6.444
OG0000006	As010G228090	evm.model.RL_1.2522, evm.model.RL_2.3087, evm.model.RL_5.3322, evm.model.RL_1.817, evm.model.RL_2.785, evm.model.RL_7.1936, evm.model.RL_4.552, evm.model.RL_3.2052, evm.model.RL_4.553, evm.model.RL_5.578, evm.model.RL_5.2330
OG0000008	As001G006420	evm.model.RL_7.2148, evm.model.RL_2.761
OG0000010	As012G279130	evm.model.RL_5.2592
OG0000010	As012G280540, As003G067340	evm.model.RL_2.396
OG0000010	As010G231140	evm.model.RL_2.723
OG0000010	As004G091500	evm.model.RL_5.2484
OG0000010	As010G230410	evm.model.RL_4.113
OG0000010	As011G259140, As002G039560, As002G039570	evm.model.RL_2.395
OG0000011	As012G276770, As007G163680, As002G041220, As004G093340	evm.model.RL_1.2267
OG0000013	As010G228550, As010G230420, As010G230620, As001G011830, As003G066230, As001G010630, As007G166800, As001G010860, As002G040060, As006G147900, As012G279880, As010G230200	evm.model.RL_2.759, evm.model.RL_7.1969, evm.model.RL_3.1358
OG0000013	As003G066310	evm.model.RL_5.2591
OG0000013	As007G165470, As003G067330, As002G039360, As005G111230, As002G039700, As011G257240, As010G228560, As003G066630, As002G039780, As001G012770, As007G167080, As012G280310, As007G176700, As002G039000, As012G279120	evm.model.RL_7.2034, evm.model.RL_2.725, evm.model.RL_2.397
OG0000015	As007G163280, As004G091800, As011G257210, As008G195330, As004G086610	evm.model.RL_4.1006
OG0000015	As010G225860	evm.model.RL_1.3215, evm.model.RL_7.2535, evm.model.RL_1.2713, evm.model.RL_1.2714
OG0000015	As011G260400	evm.model.RL_4.1007
OG0000017	As006G147350	evm.model.RL_2.1821
OG0000017	As006G144790, As012G280790	evm.model.RL_6.717
OG0000017	As011G261070, As010G227380	evm.model.RL_7.1516
OG0000017	As003G065780	evm.model.RL_3.2130
OG0000020	As002G039920, As009G211220	evm.model.RL_7.2129
OG0000021	As001G004280	evm.model.RL_6.438
OG0000021	As011G259540, As001G012170	evm.model.RL_2.653
OG0000021	As003G071480, As010G232120	evm.model.RL_4.3275, evm.model.RL_5.2792
OG0000023	As003G061360	evm.model.RL_2.1848, evm.model.RL_2.1849
OG0000023	As003G061290	evm.model.RL_2.1831
OG0000023	As004G084560, As004G084580, As004G084570	evm.model.RL_8.624, evm.model.RL_8.626, evm.model.RL_8.623, evm.model.RL_8.630
OG0000023	As003G061270	evm.model.RL_2.1825.3.687c86e4
OG0000023	As003G061350	evm.model.RL_2.1826
OG0000026	As001G006500, As007G166710	evm.model.RL_5.679
OG0000026	As007G165250	evm.model.RL_7.315
OG0000029	As001G005440	evm.model.RL_8.656
OG0000029	As009G211080	evm.model.RL_5.2382
OG0000031	As001G032000	evm.model.RL_3.758
OG0000033	As003G061230, As003G061200, As003G061190, As003G061240	evm.model.RL_2.1834, evm.model.RL_2.1824
OG0000033	As003G061210, As003G061160	evm.model.RL_2.1847, evm.model.RL_2.1846, evm.model.RL_2.1820_evm.model.RL_2.1823, evm.model.RL_3.424, evm.model.RL_3.1278
OG0000033	As004G086230	evm.model.RL_8.413
OG0000036	As012G279790, As002G038510, As005G109970, As010G231320, As003G065720, As012G280900, As008G192160	evm.model.RL_2.742, evm.model.RL_2.665
OG0000043	As011G260020	evm.model.RL_3.1062, evm.model.RL_4.636, evm.model.RL_5.2585
OG0000044	As011G256610, As008G193400, As002G039990, As001G010200, As007G166870, As011G258960, As005G108690, As002G051140, As011G259700, As009G206660, As011G259030, As002G039110	evm.model.RL_2.659
OG0000054	As007G163390, As001G010300	evm.model.RL_8.912, evm.model.RL_7.2126
OG0000054	As004G090600, As007G163400, As011G258570, As001G015330, As001G010290, As001G006440	evm.model.RL_1.2395
OG0000056	As007G178620	evm.model.RL_2.634
OG0000059	As001G005030	evm.model.RL_2.445
OG0000060	As009G209930, As010G227950, As004G090090, As010G230600, As010G228570, As005G110370, As003G065870, As001G010980	evm.model.RL_4.110
OG0000063	As006G129610	evm.model.RL_7.1014
OG0000063	As006G129470	evm.model.RL_6.1828
OG0000063	As012G277450	evm.model.RL_5.633
OG0000065	As012G279540, As012G279660	evm.model.RL_2.692, evm.model.RL_1.2797
OG0000066	As002G052230	evm.model.RL_4.2487, evm.model.RL_3.1975
OG0000066	As003G074640	evm.model.RL_2.3331
OG0000066	As007G156090	evm.model.RL_5.1818
OG0000066	As002G052910	evm.model.RL_4.2541, evm.model.RL_5.781, evm.model.RL_8.2623
OG0000066	As005G118450	evm.model.RL_4.2540, evm.model.RL_8.2622
OG0000067	As011G256020	evm.model.RL_3.1500, evm.model.RL_3.1537
OG0000070	As006G149230, As011G259300	evm.model.RL_2.838
OG0000070	As010G229730	evm.model.RL_2.703, evm.model.RL_3.747, evm.model.RL_3.813, evm.model.RL_8.1022
OG0000070	As011G257970	evm.model.RL_2.731
OG0000073	As006G137430	evm.model.RL_2.1159
OG0000073	As002G034500, As002G034570, As002G034640	evm.model.RL_6.501
OG0000078	As004G095030	evm.model.RL_3.798
OG0000079	As012G285110	evm.model.RL_7.465, evm.model.RL_2.379, evm.model.RL_1.227, evm.model.RL_7.464
OG0000082	As012G278670	evm.model.RL_7.1932
OG0000083	As006G138550	evm.model.RL_1.2207, evm.model.RL_1.2208
OG0000086	As009G216030, As009G216300, As009G216040	evm.model.RL_3.615, evm.model.RL_4.2411, evm.model.RL_4.2410
OG0000087	As010G222260	evm.model.RL_4.1345
OG0000087	As006G128780	evm.model.RL_6.1057
OG0000087	As002G051000	evm.model.RL_4.2360
OG0000087	As012G274980	evm.model.RL_6.1567
OG0000087	As004G086530	evm.model.RL_4.428
OG0000087	As003G058850	evm.model.RL_2.1599
OG0000087	As010G237710	evm.model.RL_3.1990
OG0000088	As010G225400, As010G225450, As010G225490, As010G225520, As010G223920	evm.model.RL_7.1629
OG0000089	As002G053510	evm.model.RL_4.2603
OG0000089	As012G277570	evm.model.RL_6.1820
OG0000089	As010G224530, As005G115200	evm.model.RL_7.1725, evm.model.RL_8.2019
OG0000090	As004G082910	evm.model.RL_4.706
OG0000090	As003G065330	evm.model.RL_3.2006
OG0000090	As012G273080	evm.model.RL_2.2972, evm.model.RL_7.2545, evm.model.RL_7.2013, evm.model.RL_7.2546, evm.model.RL_5.885
OG0000093	As012G284680, As012G284700, As012G284660	evm.model.RL_7.523, evm.model.RL_7.525
OG0000096	As004G087370, As004G087300, As004G087270, As004G087380, As004G087360	evm.model.RL_4.362
OG0000097	As004G086430, As004G086420, As004G086450, As004G086440	evm.model.RL_8.394
OG0000098	As001G018420, As001G018430, As001G018440	evm.model.RL_3.199
OG0000102	As010G228120	evm.model.RL_2.452
OG0000104	As006G129180, As006G129160	evm.model.RL_6.1005
OG0000104	As012G271240, As012G271230	evm.model.RL_8.1054
OG0000104	As012G271190, As012G271200	evm.model.RL_5.1892_evm.model.RL_5.1893, evm.model.RL_1.2425
OG0000104	As006G129190	evm.model.RL_6.1000
OG0000106	As002G041170, As002G041390, As002G041440	evm.model.RL_7.1075, evm.model.RL_1.1887, evm.model.RL_1.1895, evm.model.RL_1.1845, evm.model.RL_7.1393, evm.model.RL_1.1896
OG0000107	As011G252340	evm.model.RL_1.1928, evm.model.RL_1.2019, evm.model.RL_1.2021, evm.model.RL_1.1929
OG0000108	As007G178740, As007G178690, As007G178710, As007G178650, As007G179450, As007G178680, As007G178630, As007G178700, As007G178760, As007G178720, As006G126350	evm.model.RL_4.1209, evm.model.RL_8.499, evm.model.RL_4.164, evm.model.RL_4.166, evm.model.RL_3.231, evm.model.RL_1.3010
OG0000111	As002G048150	evm.model.RL_8.2409
OG0000112	As011G262130, As011G262140, As009G217680, As009G217690	evm.model.RL_5.3726, evm.model.RL_8.2168, evm.model.RL_8.2167
OG0000114	As006G137050, As006G137080	evm.model.RL_1.340, evm.model.RL_3.2232, evm.model.RL_3.2202, evm.model.RL_4.605, evm.model.RL_4.611, evm.model.RL_4.609, evm.model.RL_3.630, evm.model.RL_1.339, evm.model.RL_3.757
OG0000116	As011G258760, As005G110110, As002G038220, As005G111020, As012G280150, As012G276960, As008G190300, As008G190470, As008G191770, As004G091900, As005G109310, As010G228680, As010G228670, As010G228700, As011G260000, As007G165280, As007G163410	evm.model.RL_5.1553
OG0000123	As008G183790, As008G183770	evm.model.RL_5.1209
OG0000123	As008G183730, As008G183740	evm.model.RL_5.1211
OG0000125	As005G107620	evm.model.RL_4.3281
OG0000125	As005G113770	evm.model.RL_4.1435
OG0000125	As005G114700, As010G224880	evm.model.RL_8.2069
OG0000125	As006G129500	evm.model.RL_6.979
OG0000130	As002G040800	evm.model.RL_4.724, evm.model.RL_5.2503, evm.model.RL_6.691, evm.model.RL_6.707
OG0000130	As008G191110, As010G226920	evm.model.RL_2.726
OG0000135	As002G042510, As003G066190, As008G191880, As005G111990, As004G096380, As007G164280, As003G056190, As005G109510, As001G016500, As009G209990, As009G209980, As002G040350, As002G033550, As003G063030, As006G148760, As009G206440	evm.model.RL_8.884, evm.model.RL_8.165, evm.model.RL_8.1813, evm.model.RL_2.446, evm.model.RL_5.3235, evm.model.RL_2.3041
OG0000135	As008G186340	evm.model.RL_4.225
OG0000136	As001G028730	evm.model.RL_3.1028
OG0000139	As006G149220, As004G090290	evm.model.RL_6.1684
OG0000140	As005G115280, As005G115270, As005G115260, As005G115240, As008G190370	evm.model.RL_8.2003, evm.model.RL_7.1796
OG0000142	As003G060670	evm.model.RL_6.1035
OG0000143	As007G177750	evm.model.RL_8.1036
OG0000147	As011G265720	evm.model.RL_1.3091
OG0000147	As001G002190	evm.model.RL_2.2536
OG0000147	As002G049060	evm.model.RL_8.1812
OG0000147	As010G243490	evm.model.RL_3.2406
OG0000147	As010G227330	evm.model.RL_7.1930
OG0000147	As011G259420	evm.model.RL_2.664, evm.model.RL_1.2583
OG0000149	As010G224590	evm.model.RL_7.1738
OG0000149	As010G224610	evm.model.RL_7.1739
OG0000150	As010G225180, As010G225220, As010G225210	evm.model.RL_7.1807, evm.model.RL_7.1810
OG0000151	As007G166070	evm.model.RL_2.2307
OG0000151	As006G141980, As006G133740	evm.model.RL_1.777
OG0000151	As011G263600	evm.model.RL_1.2853
OG0000151	As002G047900	evm.model.RL_8.1691
OG0000151	As001G030700	evm.model.RL_3.61
OG0000154	As007G152520	evm.model.RL_6.951, evm.model.RL_5.1456
OG0000154	As009G210600, As007G163150, As009G210630	evm.model.RL_1.849
OG0000154	As002G034300	evm.model.RL_1.853
OG0000155	As003G059350	evm.model.RL_2.2243
OG0000155	As003G059230, As003G059200	evm.model.RL_3.1179
OG0000156	As005G101590, As008G189910, As005G101570, As005G101560, As005G101580	evm.model.RL_6.2692
OG0000161	As001G013550, As001G029600, As001G029610	evm.model.RL_3.891
OG0000162	As005G102210	evm.model.RL_6.2628
OG0000167	As003G057890	evm.model.RL_8.1410, evm.model.RL_8.842, evm.model.RL_2.1517
OG0000171	As005G099780	evm.model.RL_6.2869
OG0000171	As001G020870	evm.model.RL_3.461
OG0000171	As009G200410	evm.model.RL_4.2162.1.687c86d7
OG0000175	As010G220360	evm.model.RL_7.1254
OG0000175	As007G156270	evm.model.RL_5.1839
OG0000175	As011G263590	evm.model.RL_2.3025
OG0000175	As011G264780, As003G072250	evm.model.RL_1.2964
OG0000184	As004G089570	evm.model.RL_8.999, evm.model.RL_1.2918
OG0000187	As001G003940	evm.model.RL_2.2676, evm.model.RL_2.2677
OG0000189	As003G074800	evm.model.RL_1.2758
OG0000190	As004G085680	evm.model.RL_8.476, evm.model.RL_8.475, evm.model.RL_8.473, evm.model.RL_8.474.1.687c8557, evm.model.RL_8.472, evm.model.RL_8.916
OG0000191	As007G152760	evm.model.RL_1.1587
OG0000192	As007G157190	evm.model.RL_3.2103
OG0000195	As001G028840	evm.model.RL_2.437, evm.model.RL_3.1018
OG0000195	As002G033300	evm.model.RL_4.1537, evm.model.RL_7.1974
OG0000204	As011G253820, As011G254650, As011G254640, As011G254620, As011G254600, As011G254610, As011G254630, As011G254590	evm.model.RL_1.2062
OG0000207	As003G061070	evm.model.RL_3.2270, evm.model.RL_3.2271
OG0000208	As003G075160	evm.model.RL_2.3387
OG0000213	As002G038840	evm.model.RL_6.203, evm.model.RL_6.204
OG0000217	As001G019850	evm.model.RL_7.1931, evm.model.RL_3.548
OG0000218	As001G022650	evm.model.RL_5.1346, evm.model.RL_5.1347, evm.model.RL_5.1349, evm.model.RL_7.2697_evm.model.RL_7.2698
OG0000219	As001G028500, As001G028480	evm.model.RL_3.1053
OG0000219	As003G064990	evm.model.RL_8.2397
OG0000224	As010G235950, As010G235920, As010G235890, As010G235940, As010G235900, As010G235880	evm.model.RL_3.2157, evm.model.RL_3.2156
OG0000225	As003G069680, As003G070050	evm.model.RL_5.2978, evm.model.RL_5.2982, evm.model.RL_5.2983, evm.model.RL_5.2977, evm.model.RL_5.2984, evm.model.RL_5.2981, evm.model.RL_5.2975, evm.model.RL_5.2976, evm.model.RL_5.2985
OG0000228	As007G159250	evm.model.RL_4.998
OG0000228	As010G233770, As011G262150, As010G233790, As010G233800	evm.model.RL_3.1487, evm.model.RL_3.1489, evm.model.RL_3.1484, evm.model.RL_3.1485, evm.model.RL_3.1490, evm.model.RL_3.1486
OG0000231	As004G077900	evm.model.RL_2.361
OG0000231	As001G028220	evm.model.RL_3.874, evm.model.RL_3.1104
OG0000232	As002G036540, As006G139020	evm.model.RL_1.493, evm.model.RL_5.1311
OG0000234	As012G281460	evm.model.RL_7.861
OG0000234	As006G143800	evm.model.RL_7.862, evm.model.RL_6.2046
OG0000234	As009G210340	evm.model.RL_4.2267
OG0000237	As010G229740, As008G190240, As008G190220, As008G190230, As003G067900, As006G149240	evm.model.RL_2.732
OG0000237	As011G257810	evm.model.RL_6.1682
OG0000238	As006G143840	evm.model.RL_5.2232
OG0000242	As008G183340, As008G183330	evm.model.RL_7.2542, evm.model.RL_1.2752, evm.model.RL_1.2751
OG0000244	As003G059930	evm.model.RL_2.1690
OG0000249	As006G145310	evm.model.RL_6.1769
OG0000249	As006G145330, As008G193990, As006G145350, As006G145320	evm.model.RL_6.1770
OG0000253	As003G066460	evm.model.RL_6.612, evm.model.RL_1.2600, evm.model.RL_3.948
OG0000264	As004G086270, As010G229170	evm.model.RL_8.323
OG0000268	As001G023230	evm.model.RL_7.2613
OG0000268	As001G023220, As001G023200	evm.model.RL_3.272
OG0000268	As005G106920	evm.model.RL_4.3350
OG0000268	As012G278370	evm.model.RL_7.967
OG0000270	As001G014420	evm.model.RL_2.3440
OG0000271	As004G086280	evm.model.RL_4.3212
OG0000272	As003G064910	evm.model.RL_5.2235, evm.model.RL_5.3642
OG0000273	As007G156970, As012G273500, As012G273510, As012G273490, As005G107410, As004G078260, As012G273480	evm.model.RL_5.2635
OG0000274	As005G114920	evm.model.RL_8.2049
OG0000274	As006G128840, As006G128830	evm.model.RL_6.1051
OG0000279	As007G165600	evm.model.RL_2.847
OG0000279	As007G178830	evm.model.RL_6.745
OG0000280	As002G035770	evm.model.RL_2.600, evm.model.RL_3.729, evm.model.RL_2.3128
OG0000284	As006G139300	evm.model.RL_4.1106, evm.model.RL_4.1105
OG0000284	As006G139290	evm.model.RL_4.572
OG0000291	As008G188960	evm.model.RL_5.2580, evm.model.RL_4.862
OG0000293	As010G230080, As008G189890, As003G062500, As011G259530	evm.model.RL_3.1488, evm.model.RL_6.4, evm.model.RL_4.950
OG0000293	As008G183660, As010G232130, As005G108620, As004G086880, As002G041480, As001G006100, As010G228040, As012G281040, As007G178790, As004G092500, As002G035750, As012G280660, As001G012420, As008G183780, As010G226290, As003G071470, As002G038540, As007G178480, As009G209600, As001G010260, As008G190530, As004G096370, As001G004210, As008G187190, As010G221940, As003G075280	evm.model.RL_1.1303, evm.model.RL_6.763
OG0000294	As011G249490	evm.model.RL_1.1662
OG0000294	As006G145420	evm.model.RL_6.1779
OG0000294	As006G122700	evm.model.RL_8.188
OG0000294	As008G198060	evm.model.RL_5.103
OG0000295	As011G246810	evm.model.RL_3.944
OG0000297	As008G198730	evm.model.RL_4.356
OG0000297	As005G114280	evm.model.RL_8.2112, evm.model.RL_1.1874
OG0000299	As010G241860, As009G207860	evm.model.RL_3.177
OG0000299	As012G267900	evm.model.RL_5.3976
OG0000303	As003G069740	evm.model.RL_5.1701
OG0000308	As010G240850, As010G240840, As010G240940, As010G240920	evm.model.RL_6.451, evm.model.RL_3.1685, evm.model.RL_3.1683, evm.model.RL_3.1679, evm.model.RL_3.1680, evm.model.RL_2.215, evm.model.RL_1.2756.3.687c87f0
OG0000311	As009G202530	evm.model.RL_4.1982
OG0000311	As012G273730	evm.model.RL_5.2161
OG0000311	As004G077290	evm.model.RL_2.463
OG0000311	As001G029000	evm.model.RL_3.998
OG0000313	As003G058420	evm.model.RL_2.1568
OG0000314	As008G195840	evm.model.RL_5.327
OG0000314	As006G125760	evm.model.RL_5.328
OG0000315	As006G137990, As006G137760	evm.model.RL_1.1077
OG0000316	As008G187440, As008G187910	evm.model.RL_6.434
OG0000319	As006G129730, As005G114310, As008G191530	evm.model.RL_8.2110
OG0000320	As012G280390	evm.model.RL_6.586, evm.model.RL_6.585, evm.model.RL_1.2852
OG0000321	As001G010170	evm.model.RL_2.498
OG0000322	As009G214030	evm.model.RL_3.2239, evm.model.RL_3.2238
OG0000323	As002G045490	evm.model.RL_8.1505
OG0000323	As005G112480	evm.model.RL_2.2280
OG0000328	As004G078040, As004G078080, As004G078060, As004G078050, As004G078070	evm.model.RL_2.315
OG0000329	As007G180560	evm.model.RL_6.2598, evm.model.RL_2.90, evm.model.RL_1.1997
OG0000332	As002G033230	evm.model.RL_4.1671_evm.model.RL_4.1672.2.687c999a
OG0000334	As012G277630	evm.model.RL_7.998
OG0000334	As006G146780	evm.model.RL_4.686, evm.model.RL_8.264
OG0000339	As003G061400	evm.model.RL_2.1855.1.687c86e4
OG0000339	As006G121550	evm.model.RL_8.60
OG0000339	As005G101130, As012G287430	evm.model.RL_6.2741, evm.model.RL_7.229
OG0000344	As005G110100	evm.model.RL_2.1173
OG0000344	As009G215190, As009G215530	evm.model.RL_4.946, evm.model.RL_4.994, evm.model.RL_4.995
OG0000348	As002G041810	evm.model.RL_8.988
OG0000350	As003G070220, As003G070200	evm.model.RL_5.2955
OG0000358	As006G124930, As008G196330	evm.model.RL_4.2634, evm.model.RL_5.756, evm.model.RL_5.280
OG0000358	As008G196390	evm.model.RL_4.512, evm.model.RL_4.2635, evm.model.RL_4.2636
OG0000359	As012G275420	evm.model.RL_6.1531
OG0000360	As005G119730	evm.model.RL_8.2764_evm.model.RL_8.2765, evm.model.RL_8.2767, evm.model.RL_8.2766
OG0000362	As009G205230	evm.model.RL_3.917
OG0000362	As006G134970	evm.model.RL_5.2675
OG0000363	As009G209420	evm.model.RL_4.583, evm.model.RL_5.2689
OG0000368	As003G073560, As003G073580	evm.model.RL_2.3252, evm.model.RL_2.3251.1.687c86e8
OG0000368	As003G073600, As003G073590	evm.model.RL_3.1025, evm.model.RL_2.3253, evm.model.RL_2.3254
OG0000370	As007G153440	evm.model.RL_5.1545, evm.model.RL_5.1544, evm.model.RL_5.1542, evm.model.RL_2.604, evm.model.RL_2.2043
OG0000371	As005G099710, As005G099720	evm.model.RL_5.3286, evm.model.RL_6.2874, evm.model.RL_5.191, evm.model.RL_5.1007, evm.model.RL_6.2873, evm.model.RL_6.2875
OG0000372	As006G132540, As006G132550	evm.model.RL_2.2230, evm.model.RL_2.2229, evm.model.RL_7.2224, evm.model.RL_7.2208, evm.model.RL_2.2232, evm.model.RL_2.2231, evm.model.RL_2.490, evm.model.RL_2.491
OG0000373	As006G149560	evm.model.RL_1.3310
OG0000374	As012G273470, As012G273550	evm.model.RL_8.878
OG0000377	As001G021080	evm.model.RL_3.381
OG0000377	As001G021090	evm.model.RL_5.946
OG0000382	As006G122900	evm.model.RL_5.113, evm.model.RL_8.159
OG0000382	As008G188710	evm.model.RL_5.778
OG0000383	As003G069230	evm.model.RL_5.3041, evm.model.RL_5.3040
OG0000383	As003G069340, As003G069370, As003G069310, As003G069390, As003G069380	evm.model.RL_5.3045, evm.model.RL_5.3042
OG0000386	As012G276900, As012G276880	evm.model.RL_7.1059, evm.model.RL_7.2020
OG0000389	As001G003830	evm.model.RL_7.524
OG0000390	As001G012620	evm.model.RL_4.1377
OG0000390	As011G251840	evm.model.RL_1.1863, evm.model.RL_1.1673, evm.model.RL_7.1867
OG0000391	As007G158340, As007G158380, As007G158390, As007G158370, As007G158360	evm.model.RL_5.3528
OG0000392	As010G221170	evm.model.RL_7.1361
OG0000392	As010G221200, As010G221190, As010G221180	evm.model.RL_2.417, evm.model.RL_2.416
OG0000396	As001G026970	evm.model.RL_7.2206
OG0000397	As003G066740	evm.model.RL_2.735, evm.model.RL_6.651, evm.model.RL_6.634, evm.model.RL_3.767
OG0000398	As012G268810	evm.model.RL_5.3907, evm.model.RL_5.3908
OG0000403	As001G020780, As001G020790	evm.model.RL_3.475, evm.model.RL_3.476
OG0000404	As006G144680, As002G037330	evm.model.RL_7.1127.1.687c84b8, evm.model.RL_6.1709, evm.model.RL_4.2932, evm.model.RL_1.1057
OG0000405	As002G037720	evm.model.RL_7.1865
OG0000405	As002G037730	evm.model.RL_6.867
OG0000405	As004G093310, As004G097610	evm.model.RL_2.871
OG0000406	As006G136090	evm.model.RL_4.1943, evm.model.RL_7.379, evm.model.RL_1.230
OG0000409	As001G002920	evm.model.RL_1.3251
OG0000410	As001G021670, As001G021680	evm.model.RL_5.1950
OG0000411	As011G261620	evm.model.RL_1.2526
OG0000411	As004G085710	evm.model.RL_8.468
OG0000411	As003G060010	evm.model.RL_2.1704
OG0000412	As002G046400	evm.model.RL_8.1550
OG0000412	As012G271680	evm.model.RL_5.1961
OG0000413	As011G245460	evm.model.RL_1.1261
OG0000413	As002G048240	evm.model.RL_8.1728
OG0000413	As012G268650	evm.model.RL_5.3918
OG0000414	As003G058750, As003G058770, As003G058760	evm.model.RL_5.3277
OG0000415	As005G104640	evm.model.RL_4.2375, evm.model.RL_4.2377, evm.model.RL_4.1043, evm.model.RL_6.2381
OG0000416	As006G125710	evm.model.RL_6.1277
OG0000416	As006G127220, As008G194210	evm.model.RL_5.417
OG0000420	As010G222670	evm.model.RL_1.3253, evm.model.RL_1.3252
OG0000421	As004G078160, As004G078150	evm.model.RL_2.302
OG0000422	As008G188280, As008G188290, As008G188300	evm.model.RL_5.809, evm.model.RL_5.810, evm.model.RL_5.808.1.687c88af
OG0000423	As010G241040	evm.model.RL_3.1665
OG0000423	As012G269020	evm.model.RL_5.3889
OG0000423	As011G245910	evm.model.RL_1.1311
OG0000429	As009G215310	evm.model.RL_4.1204
OG0000429	As002G052030	evm.model.RL_4.2465
OG0000429	As001G004910	evm.model.RL_2.2744, evm.model.RL_6.461
OG0000430	As011G263500	evm.model.RL_1.2834
OG0000430	As007G181940	evm.model.RL_6.22
OG0000431	As001G019780	evm.model.RL_3.561
OG0000431	As008G187750	evm.model.RL_5.862_evm.model.RL_5.863
OG0000432	As002G044400	evm.model.RL_8.1360, evm.model.RL_8.1364
OG0000432	As006G134280	evm.model.RL_2.2173
OG0000432	As002G047750	evm.model.RL_8.1680
OG0000436	As011G266430, As002G048360	evm.model.RL_2.2141, evm.model.RL_8.1743, evm.model.RL_2.2461, evm.model.RL_1.3151
OG0000437	As003G062850	evm.model.RL_5.2608
OG0000438	As004G085300	evm.model.RL_8.525
OG0000439	As008G194170	evm.model.RL_5.461_evm.model.RL_5.462.2.687c9b4b
OG0000439	As012G285510	evm.model.RL_7.411
OG0000439	As006G127290	evm.model.RL_6.1235
OG0000440	As006G136440	evm.model.RL_4.1896, evm.model.RL_1.259
OG0000441	As011G248660	evm.model.RL_1.1577
OG0000441	As011G248650	evm.model.RL_1.1576
OG0000446	As009G219000	evm.model.RL_8.2324
OG0000446	As001G023650	evm.model.RL_7.2573
OG0000446	As008G183010	evm.model.RL_5.1283
OG0000447	As011G247170	evm.model.RL_1.1423
OG0000447	As004G081330	evm.model.RL_6.1484
OG0000448	As004G089550	evm.model.RL_4.100, evm.model.RL_4.101, evm.model.RL_4.102
OG0000449	As010G224860	evm.model.RL_7.1766
OG0000449	As005G114720	evm.model.RL_8.2067
OG0000449	As010G224870	evm.model.RL_7.1767
OG0000449	As005G114730	evm.model.RL_8.2066
OG0000454	As002G044440, As002G044430, As002G043530, As002G043510, As002G043520	evm.model.RL_8.1369
OG0000460	As005G099100	evm.model.RL_3.473
OG0000461	As008G199680	evm.model.RL_8.2929, evm.model.RL_5.2910
OG0000463	As010G224360, As010G224370	evm.model.RL_7.360
OG0000466	As002G032990, As003G058720, As003G058680, As007G181090, As007G181100, As007G181730, As007G181390, As002G038080, As009G205530, As002G045940, As002G033580, As002G036910, As002G036900, As002G036920, As009G205540, As009G206460, As009G202280, As009G202290, As002G033670	evm.model.RL_1.2178, evm.model.RL_4.3195, evm.model.RL_4.3197
OG0000468	As012G280020	evm.model.RL_7.908
OG0000468	As006G125920	evm.model.RL_6.1370
OG0000468	As006G144160	evm.model.RL_6.2006
OG0000471	As003G069540, As003G069550	evm.model.RL_5.3021, evm.model.RL_4.228, evm.model.RL_5.3020, evm.model.RL_5.3018, evm.model.RL_5.3019, evm.model.RL_5.3015
OG0000472	As004G097070, As004G097040, As004G097060, As004G097030, As004G097050	evm.model.RL_2.9
OG0000472	As004G097020	evm.model.RL_2.8
OG0000473	As012G288330, As005G099530	evm.model.RL_7.124
OG0000474	As009G216860, As011G261780, As010G222300	evm.model.RL_7.1494, evm.model.RL_2.2587, evm.model.RL_6.296
OG0000477	As004G084280, As009G211280	evm.model.RL_4.2841, evm.model.RL_8.1916.1.687c855e, evm.model.RL_6.1936, evm.model.RL_1.2914
OG0000480	As001G013010	evm.model.RL_8.1001, evm.model.RL_3.892, evm.model.RL_2.705
OG0000482	As004G077750, As001G028390	evm.model.RL_3.1086, evm.model.RL_2.377
OG0000483	As002G047220	evm.model.RL_8.1626
OG0000484	As009G203850	evm.model.RL_2.3144, evm.model.RL_4.347, evm.model.RL_4.319, evm.model.RL_4.762, evm.model.RL_4.1853, evm.model.RL_4.1855
OG0000486	As001G013050, As001G013370	evm.model.RL_5.341
OG0000487	As006G137570, As008G196100	evm.model.RL_1.357
OG0000495	As001G001610, As001G001580, As001G001640, As001G001650	evm.model.RL_8.1497, evm.model.RL_8.1494
OG0000495	As007G179430, As007G177930	evm.model.RL_2.2495, evm.model.RL_6.241
OG0000498	As002G045150	evm.model.RL_8.1435
OG0000499	As003G056720	evm.model.RL_2.1390.1.687c86e2
OG0000499	As011G246530, As012G269540	evm.model.RL_3.2236, evm.model.RL_5.1890
OG0000500	As004G087470	evm.model.RL_4.348
OG0000501	As010G232220	evm.model.RL_5.2509
OG0000504	As006G143860	evm.model.RL_4.3277, evm.model.RL_6.2050
OG0000504	As002G037010, As002G034340	evm.model.RL_1.857
OG0000505	As009G215510	evm.model.RL_4.1219
OG0000506	As010G234690	evm.model.RL_4.2927
OG0000510	As001G020890, As001G020900	evm.model.RL_3.457, evm.model.RL_3.451, evm.model.RL_3.458, evm.model.RL_3.459
OG0000511	As001G032060	evm.model.RL_3.238
OG0000512	As003G061390	evm.model.RL_2.1853, evm.model.RL_2.1854, evm.model.RL_7.2237
OG0000513	As006G146210	evm.model.RL_1.901.1.687c87eb, evm.model.RL_7.1023.3.687c84b7
OG0000513	As005G114770	evm.model.RL_7.1762, evm.model.RL_8.2062
OG0000514	As011G252640, As011G252630	evm.model.RL_1.1957
OG0000515	As012G267810	evm.model.RL_5.3999
OG0000521	As003G063570	evm.model.RL_5.2511
OG0000521	As004G080410	evm.model.RL_8.860
OG0000521	As007G158420	evm.model.RL_3.2229
OG0000522	As004G083810	evm.model.RL_5.2665, evm.model.RL_8.724.1.687c8558
OG0000523	As012G287730	evm.model.RL_7.198, evm.model.RL_7.199
OG0000524	As006G141600, As006G141560, As006G141590	evm.model.RL_1.734, evm.model.RL_4.768
OG0000525	As010G241940	evm.model.RL_3.2252
OG0000525	As007G153430	evm.model.RL_5.1541
OG0000525	As011G246900	evm.model.RL_1.1399
OG0000525	As012G269710	evm.model.RL_5.3805
OG0000526	As010G223400	evm.model.RL_7.1608
OG0000526	As010G223440	evm.model.RL_7.1613
OG0000529	As010G223810, As010G223800, As010G223830	evm.model.RL_8.1947, evm.model.RL_7.1657
OG0000530	As009G203010, As009G203020, As009G203100, As009G203060, As009G202740	evm.model.RL_4.1935
OG0000533	As011G263320	evm.model.RL_1.2814
OG0000537	As006G124070	evm.model.RL_8.362
OG0000537	As004G093070	evm.model.RL_2.772
OG0000537	As006G141200	evm.model.RL_1.692
OG0000538	As005G103710, As005G103700	evm.model.RL_6.2482, evm.model.RL_6.2483, evm.model.RL_6.2479
OG0000539	As005G120910	evm.model.RL_3.492
OG0000540	As006G128870, As006G128860, As006G128850	evm.model.RL_6.1049, evm.model.RL_6.1046, evm.model.RL_6.1045, evm.model.RL_6.1042, evm.model.RL_6.1043, evm.model.RL_6.1044
OG0000542	As009G202020	evm.model.RL_4.2027.1.687c86d7
OG0000542	As012G273170	evm.model.RL_5.2133
OG0000543	As007G177800	evm.model.RL_6.338, evm.model.RL_6.344, evm.model.RL_6.339
OG0000544	As008G195060	evm.model.RL_5.382, evm.model.RL_5.384
OG0000544	As008G195020, As008G195030, As008G195070, As008G195140, As008G195120	evm.model.RL_5.383
OG0000545	As010G238530	evm.model.RL_3.1918
OG0000546	As011G264020, As011G264080, As011G264050, As011G264010, As011G264090, As011G264000, As011G264100, As011G263960, As011G264110, As011G263990, As011G264030, As011G264060, As011G263920, As011G264120, As011G263950, As011G263980	evm.model.RL_1.2886, evm.model.RL_1.2884, evm.model.RL_1.2882, evm.model.RL_1.2883, evm.model.RL_1.2885
OG0000550	As002G037320, As012G276110	evm.model.RL_7.1126
OG0000550	As006G144690	evm.model.RL_6.1710
OG0000551	As005G117770	evm.model.RL_8.2558
OG0000551	As003G075520	evm.model.RL_2.3398
OG0000551	As002G053470	evm.model.RL_4.2595.1.687c86da
OG0000552	As007G159560	evm.model.RL_5.3425
OG0000553	As003G063020, As003G063040	evm.model.RL_5.2576
OG0000553	As003G063070, As003G063050	evm.model.RL_5.2594, evm.model.RL_5.2596, evm.model.RL_5.2595, evm.model.RL_5.2577, evm.model.RL_5.2578, evm.model.RL_5.2593
OG0000554	As007G157590	evm.model.RL_3.335
OG0000557	As012G286190	evm.model.RL_7.336, evm.model.RL_7.337
OG0000557	As005G102360	evm.model.RL_6.2607
OG0000559	As005G107810	evm.model.RL_4.3249, evm.model.RL_4.3247, evm.model.RL_4.3262
OG0000560	As005G115530	evm.model.RL_8.2034, evm.model.RL_8.2035
OG0000560	As008G196260, As008G196230	evm.model.RL_6.2826
OG0000561	As005G118160	evm.model.RL_8.2590.1.687c8562, evm.model.RL_8.2591
OG0000562	As006G139230	evm.model.RL_1.516.4.687c87ea
OG0000562	As009G200380	evm.model.RL_4.2164
OG0000562	As009G205610	evm.model.RL_4.1100
OG0000564	As007G177180	evm.model.RL_6.373, evm.model.RL_6.370
OG0000570	As006G135060	evm.model.RL_1.121
OG0000570	As002G054910	evm.model.RL_4.2759
OG0000571	As005G113940	evm.model.RL_8.2145
OG0000571	As008G191230	evm.model.RL_5.659, evm.model.RL_5.658
OG0000572	As010G240060	evm.model.RL_3.1622
OG0000572	As010G240020, As010G240030, As010G240050, As010G240010	evm.model.RL_7.1752
OG0000578	As008G187240	evm.model.RL_5.908
OG0000578	As001G020350	evm.model.RL_3.507
OG0000579	As002G044410	evm.model.RL_8.1361, evm.model.RL_8.1365
OG0000579	As004G098040	evm.model.RL_2.2089
OG0000580	As005G102980	evm.model.RL_6.2547
OG0000582	As005G113410	evm.model.RL_7.1671, evm.model.RL_4.1470
OG0000582	As006G130460	evm.model.RL_5.694.2.687c88ae, evm.model.RL_6.839
OG0000584	As006G124400	evm.model.RL_5.241
OG0000584	As001G000400	evm.model.RL_2.2368
OG0000585	As011G246780, As003G070380, As012G275350	evm.model.RL_1.1384, evm.model.RL_6.1536
OG0000586	As004G082960	evm.model.RL_4.663
OG0000587	As006G122410	evm.model.RL_8.220
OG0000587	As005G100170	evm.model.RL_6.2828
OG0000587	As008G198370	evm.model.RL_5.72
OG0000588	As011G247080	evm.model.RL_1.1413
OG0000588	As005G104750	evm.model.RL_6.2386
OG0000588	As012G269820	evm.model.RL_5.3792
OG0000589	As005G114800	evm.model.RL_8.2060
OG0000589	As010G224800	evm.model.RL_7.1759, evm.model.RL_7.1761
OG0000590	As009G205980	evm.model.RL_4.1063.1.687c86d1
OG0000590	As008G197660	evm.model.RL_5.138
OG0000592	As011G250170	evm.model.RL_1.1725
OG0000592	As010G239910, As007G154690	evm.model.RL_5.1635
OG0000593	As008G192880, As010G241820, As010G241840	evm.model.RL_3.2245
OG0000595	As010G226140	evm.model.RL_7.1900
OG0000600	As002G048280	evm.model.RL_8.1733
OG0000600	As001G001180	evm.model.RL_2.2457
OG0000601	As001G027850	evm.model.RL_2.297
OG0000602	As012G276820	evm.model.RL_7.1068
OG0000602	As002G034860	evm.model.RL_1.894, evm.model.RL_1.895
OG0000604	As005G099260	evm.model.RL_7.79
OG0000604	As007G163770, As012G288540	evm.model.RL_2.2009
OG0000605	As010G239470	evm.model.RL_3.1817
OG0000605	As010G239480	evm.model.RL_3.1815
OG0000606	As011G248160	evm.model.RL_1.1521
OG0000606	As010G244280	evm.model.RL_3.2481
OG0000606	As012G270700	evm.model.RL_5.3705.2.687c88c4
OG0000607	As011G251140	evm.model.RL_1.1811
OG0000607	As011G262980	evm.model.RL_1.2784
OG0000608	As012G284160	evm.model.RL_7.588
OG0000612	As001G019830, As001G020020, As005G105470, As008G187810	evm.model.RL_5.869
OG0000613	As006G135470	evm.model.RL_1.163
OG0000613	As002G045780	evm.model.RL_8.1471, evm.model.RL_2.347, evm.model.RL_2.354
OG0000614	As002G054140, As005G116690, As002G054130	evm.model.RL_8.733
OG0000615	As011G264960	evm.model.RL_1.2984
OG0000615	As003G072430	evm.model.RL_2.3143
OG0000616	As005G114070	evm.model.RL_8.2134
OG0000616	As012G277180	evm.model.RL_7.1045, evm.model.RL_6.1865
OG0000617	As006G121910	evm.model.RL_8.110
OG0000618	As010G241950	evm.model.RL_3.2253
OG0000618	As006G132210	evm.model.RL_5.1540, evm.model.RL_2.2268
OG0000619	As006G145810, As006G145800	evm.model.RL_6.1867, evm.model.RL_6.1866
OG0000619	As012G277130	evm.model.RL_7.1046
OG0000620	As010G239430, As007G154950	evm.model.RL_5.1688, evm.model.RL_3.1822, evm.model.RL_3.1824
OG0000625	As001G004420	evm.model.RL_2.2709, evm.model.RL_6.418
OG0000626	As001G031250	evm.model.RL_3.143, evm.model.RL_3.144, evm.model.RL_3.142, evm.model.RL_3.138, evm.model.RL_3.139
OG0000627	As006G134640	evm.model.RL_3.1076, evm.model.RL_2.2187
OG0000627	As002G047240	evm.model.RL_8.1631
OG0000628	As003G064150, As011G250810	evm.model.RL_1.1784
OG0000628	As010G235510	evm.model.RL_5.2436
OG0000630	As004G077630, As004G077620, As004G077610	evm.model.RL_2.413, evm.model.RL_2.412, evm.model.RL_3.980, evm.model.RL_2.406
OG0000633	As010G244250	evm.model.RL_3.2473
OG0000634	As005G115030, As005G115050, As005G115070, As005G115040, As005G115020, As005G115010	evm.model.RL_8.2014, evm.model.RL_8.2015
OG0000635	As006G128210	evm.model.RL_6.1124
OG0000635	As006G127130	evm.model.RL_3.556, evm.model.RL_6.1250, evm.model.RL_6.900, evm.model.RL_3.509
OG0000636	As009G212850	evm.model.RL_4.2957, evm.model.RL_4.1763, evm.model.RL_4.2956, evm.model.RL_4.2955
OG0000645	As001G004340	evm.model.RL_7.2120, evm.model.RL_7.2121
OG0000646	As001G027670	evm.model.RL_7.2116
OG0000646	As006G134940	evm.model.RL_1.113
OG0000647	As002G034480, As005G107800	evm.model.RL_1.876
OG0000648	As012G288670, As012G288660, As002G053310, As005G099090, As012G288650	evm.model.RL_7.93
OG0000649	As003G066660	evm.model.RL_5.2409
OG0000650	As004G088550	evm.model.RL_4.223
OG0000652	As009G217160	evm.model.RL_4.1390, evm.model.RL_4.1389, evm.model.RL_4.1391
OG0000658	As009G206090, As012G277750, As001G026410	evm.model.RL_4.1057, evm.model.RL_7.2265, evm.model.RL_7.992
OG0000659	As009G211360, As002G048340	evm.model.RL_8.1740, evm.model.RL_2.2460
OG0000660	As008G192800	evm.model.RL_5.593
OG0000660	As010G224220	evm.model.RL_7.1691
OG0000661	As010G223120, As006G127120, As006G127080	evm.model.RL_2.624, evm.model.RL_6.1256, evm.model.RL_6.1074, evm.model.RL_6.2013, evm.model.RL_6.1251
OG0000662	As009G201630	evm.model.RL_4.2054
OG0000662	As006G135390	evm.model.RL_1.149
OG0000662	As009G201640	evm.model.RL_4.2053
OG0000663	As007G161620, As007G161610, As007G161660, As007G161640, As007G161630, As007G161650	evm.model.RL_5.3202
OG0000663	As010G229530	evm.model.RL_3.1173
OG0000664	As011G245410	evm.model.RL_1.1043
OG0000669	As005G103090	evm.model.RL_6.2536
OG0000669	As001G022370	evm.model.RL_1.1267, evm.model.RL_7.2672
OG0000670	As003G061610, As003G061660	evm.model.RL_2.1876
OG0000672	As007G157950, As006G146270	evm.model.RL_3.2269, evm.model.RL_2.3046
OG0000672	As004G081100, As011G248400	evm.model.RL_5.2994
OG0000674	As008G197690	evm.model.RL_5.134
OG0000674	As005G099330	evm.model.RL_6.2908
OG0000674	As006G123130	evm.model.RL_8.252
OG0000675	As010G243370	evm.model.RL_3.2391
OG0000675	As007G152400, As006G126430	evm.model.RL_5.1447
OG0000676	As008G193080	evm.model.RL_5.557
OG0000676	As010G239230, As007G155100, As012G282240	evm.model.RL_3.1843
OG0000677	As007G160250	evm.model.RL_5.3344, evm.model.RL_5.3343, evm.model.RL_5.3341, evm.model.RL_5.3342
OG0000685	As001G001340	evm.model.RL_2.2469
OG0000685	As002G032860	evm.model.RL_2.2139
OG0000686	As001G012430	evm.model.RL_2.2897, evm.model.RL_4.849, evm.model.RL_2.2898
OG0000687	As001G017930	evm.model.RL_2.1206
OG0000687	As005G101960	evm.model.RL_6.2651
OG0000687	As012G286760	evm.model.RL_7.301
OG0000689	As003G063160	evm.model.RL_5.3488
OG0000689	As004G080020	evm.model.RL_8.807
OG0000690	As007G154700, As003G065860, As008G196720, As010G226610	evm.model.RL_5.2417
OG0000691	As004G080740, As011G248640	evm.model.RL_7.2071, evm.model.RL_2.1775
OG0000692	As005G104580	evm.model.RL_7.488, evm.model.RL_7.487, evm.model.RL_7.486, evm.model.RL_6.2405
OG0000693	As012G282230	evm.model.RL_7.784
OG0000693	As006G143100	evm.model.RL_3.868, evm.model.RL_6.2102
OG0000694	As007G177770	evm.model.RL_6.714, evm.model.RL_6.362
OG0000696	As012G270790, As011G248260	evm.model.RL_7.2006, evm.model.RL_1.1530
OG0000697	As012G271560	evm.model.RL_5.1919
OG0000702	As001G026500	evm.model.RL_7.2260, evm.model.RL_8.1025
OG0000703	As002G035150	evm.model.RL_4.3162
OG0000703	As006G145070	evm.model.RL_6.1743
OG0000703	As012G276510	evm.model.RL_7.1093
OG0000704	As003G058000	evm.model.RL_4.342
OG0000705	As005G103510, As005G103480	evm.model.RL_6.2498
OG0000706	As005G117900	evm.model.RL_8.2572
OG0000707	As006G138740	evm.model.RL_7.1299
OG0000707	As007G161420	evm.model.RL_1.868, evm.model.RL_3.80
OG0000708	As008G185890	evm.model.RL_5.1022
OG0000709	As009G203840	evm.model.RL_4.345, evm.model.RL_4.320, evm.model.RL_7.1230, evm.model.RL_4.1854
OG0000714	As004G077650	evm.model.RL_2.390, evm.model.RL_2.404
OG0000714	As001G028540	evm.model.RL_3.1056
OG0000715	As004G085240	evm.model.RL_8.537
OG0000716	As004G088610, As007G165810	evm.model.RL_2.516, evm.model.RL_5.2311
OG0000718	As005G106250, As005G106210, As005G106230, As005G106240, As005G106220	evm.model.RL_1.1085, evm.model.RL_6.106, evm.model.RL_6.107, evm.model.RL_4.3412
OG0000720	As012G288480	evm.model.RL_7.102
OG0000720	As006G122970	evm.model.RL_8.234
OG0000720	As008G197790	evm.model.RL_5.127
OG0000721	As006G123060	evm.model.RL_8.244
OG0000721	As008G197760, As012G274520, As011G248980	evm.model.RL_1.1604
OG0000722	As010G232800	evm.model.RL_3.1366
OG0000722	As008G183090	evm.model.RL_5.1274
OG0000723	As009G205260	evm.model.RL_4.1130
OG0000723	As009G205270, As009G205280, As009G205290, As009G205310	evm.model.RL_4.1122, evm.model.RL_4.1074, evm.model.RL_4.361, evm.model.RL_4.1129
OG0000730	As001G023940	evm.model.RL_7.2541
OG0000730	As008G183370	evm.model.RL_5.1248, evm.model.RL_5.1247
OG0000731	As001G025190, As001G025200, As001G025210	evm.model.RL_7.2396
OG0000732	As002G032800	evm.model.RL_2.2132
OG0000732	As012G276370	evm.model.RL_7.1103.2.687c84b8
OG0000733	As002G035910	evm.model.RL_5.2452
OG0000734	As002G043480	evm.model.RL_8.2302
OG0000735	As002G047800	evm.model.RL_8.1683, evm.model.RL_2.980, evm.model.RL_8.1684, evm.model.RL_4.70
OG0000736	As002G053050	evm.model.RL_4.2552
OG0000736	As003G074810	evm.model.RL_2.3349
OG0000737	As003G075290, As003G075300, As003G075310, As003G075240, As003G075260	evm.model.RL_2.3388
OG0000738	As006G125420	evm.model.RL_6.1369
OG0000739	As009G216850, As008G197070	evm.model.RL_2.503, evm.model.RL_3.955
OG0000749	As008G184000	evm.model.RL_5.1185
OG0000749	As007G161240	evm.model.RL_5.3237
OG0000750	As001G030660	evm.model.RL_2.162, evm.model.RL_2.1099, evm.model.RL_2.1098
OG0000751	As005G108820, As002G035280	evm.model.RL_8.2493, evm.model.RL_1.918
OG0000752	As009G215650, As009G215640, As011G255520, As009G215610, As009G215620, As009G215600	evm.model.RL_4.1230
OG0000752	As002G052450	evm.model.RL_4.2510
OG0000753	As003G064670	evm.model.RL_5.2360, evm.model.RL_5.2358, evm.model.RL_5.2359
OG0000754	As003G064750	evm.model.RL_5.2373, evm.model.RL_5.2372
OG0000754	As004G082990	evm.model.RL_4.700, evm.model.RL_4.701
OG0000755	As004G086160	evm.model.RL_8.421.1.687c8556, evm.model.RL_8.419, evm.model.RL_8.420
OG0000756	As004G087220	evm.model.RL_2.3091, evm.model.RL_2.3092, evm.model.RL_3.310, evm.model.RL_4.370
OG0000757	As005G107510	evm.model.RL_4.3296, evm.model.RL_4.3292
OG0000757	As006G146500	evm.model.RL_7.1013, evm.model.RL_6.1822
OG0000758	As010G243380	evm.model.RL_3.2393
OG0000758	As006G126420	evm.model.RL_6.1303
OG0000759	As006G128470	evm.model.RL_6.1095
OG0000759	As008G193030	evm.model.RL_5.565
OG0000760	As006G142310	evm.model.RL_6.2174, evm.model.RL_6.2181
OG0000760	As012G282830	evm.model.RL_7.751
OG0000762	As011G266570	evm.model.RL_1.3166, evm.model.RL_1.3168, evm.model.RL_7.2018
OG0000763	As012G269290	evm.model.RL_5.3861, evm.model.RL_1.1345
OG0000764	As012G271730	evm.model.RL_5.1955
OG0000765	As012G275540, As012G275570, As012G275590	evm.model.RL_4.817, evm.model.RL_4.647
OG0000772	As002G037440, As001G027110, As001G015580	evm.model.RL_7.2185
OG0000773	As007G160440, As010G232720, As001G027430	evm.model.RL_3.1350
OG0000774	As002G033010	evm.model.RL_2.2148
OG0000775	As002G035830, As009G214640	evm.model.RL_1.954
OG0000776	As009G213010, As002G037060	evm.model.RL_1.1031, evm.model.RL_1.827, evm.model.RL_4.2968
OG0000777	As006G132560, As002G046520	evm.model.RL_2.2228.3.687c86e5
OG0000778	As002G050230	evm.model.RL_4.2289, evm.model.RL_4.2290, evm.model.RL_4.2287, evm.model.RL_4.2288, evm.model.RL_4.2286
OG0000779	As003G060370	evm.model.RL_2.1735
OG0000779	As004G085410	evm.model.RL_8.516
OG0000779	As004G085400	evm.model.RL_8.518
OG0000780	As003G074900	evm.model.RL_2.3359
OG0000780	As007G180430	evm.model.RL_6.126, evm.model.RL_4.2560
OG0000781	As004G079650	evm.model.RL_6.2507, evm.model.RL_6.2506
OG0000781	As005G103380, As005G103370	evm.model.RL_6.2508
OG0000783	As005G113140	evm.model.RL_4.1517
OG0000783	As010G226400	evm.model.RL_7.1993
OG0000784	As010G225950	evm.model.RL_7.1879
OG0000784	As005G113590	evm.model.RL_4.1455
OG0000785	As007G161520	evm.model.RL_2.2843
OG0000785	As009G214360	evm.model.RL_4.3067
OG0000786	As009G217820, As009G217830	evm.model.RL_8.2187, evm.model.RL_8.2188, evm.model.RL_8.2189, evm.model.RL_7.143
OG0000788	As010G225660, As010G225670, As010G225650	evm.model.RL_7.1842
OG0000789	As010G242960	evm.model.RL_3.2355
OG0000789	As012G267770	evm.model.RL_5.4008
OG0000798	As001G017630, As003G055740, As004G083120	evm.model.RL_2.1291
OG0000799	As001G021710	evm.model.RL_5.3316
OG0000800	As001G024200, As001G024190, As001G024170	evm.model.RL_7.2511
OG0000802	As004G088660	evm.model.RL_4.207
OG0000802	As003G070730	evm.model.RL_5.2945
OG0000802	As003G056750	evm.model.RL_2.1394
OG0000803	As003G058030	evm.model.RL_2.1531.1.687c86e3
OG0000803	As003G070410, As003G065450	evm.model.RL_2.1529
OG0000803	As007G160300	evm.model.RL_2.758, evm.model.RL_2.1530
OG0000804	As004G081460	evm.model.RL_6.1471
OG0000804	As004G097150, As004G079430	evm.model.RL_6.1472
OG0000805	As004G096100, As011G254230	evm.model.RL_1.2133
OG0000806	As005G102850	evm.model.RL_6.929, evm.model.RL_6.2562
OG0000807	As005G102950	evm.model.RL_6.2553
OG0000807	As006G139170, As006G133330	evm.model.RL_1.29
OG0000808	As006G129450	evm.model.RL_6.982
OG0000808	As010G224570	evm.model.RL_7.1735
OG0000808	As005G114980	evm.model.RL_8.2012
OG0000809	As007G160640	evm.model.RL_5.3297
OG0000809	As008G183460	evm.model.RL_5.1238.3.687c88b2
OG0000818	As010G221920	evm.model.RL_4.1288, evm.model.RL_7.1461
OG0000818	As001G030280	evm.model.RL_2.2289, evm.model.RL_3.13
OG0000819	As002G036020	evm.model.RL_1.966
OG0000819	As009G214420	evm.model.RL_4.3071
OG0000819	As012G282730	evm.model.RL_7.744
OG0000821	As002G043850	evm.model.RL_8.1294
OG0000823	As004G090360	evm.model.RL_4.73
OG0000823	As003G055870	evm.model.RL_2.1303
OG0000824	As003G062540	evm.model.RL_5.2646.1.687c88bc, evm.model.RL_5.2647
OG0000824	As004G083720	evm.model.RL_8.737
OG0000825	As012G287570	evm.model.RL_7.212
OG0000825	As005G100830	evm.model.RL_6.2770
OG0000827	As012G278780	evm.model.RL_8.1586
OG0000827	As005G106720	evm.model.RL_2.2823, evm.model.RL_4.3372
OG0000828	As012G285140, As006G125590	evm.model.RL_6.1395, evm.model.RL_6.902, evm.model.RL_6.1368, evm.model.RL_4.335
OG0000829	As006G136530	evm.model.RL_1.267
OG0000829	As009G203460, As009G203470	evm.model.RL_4.1889, evm.model.RL_4.1890
OG0000830	As007G156440	evm.model.RL_2.3475, evm.model.RL_5.1855, evm.model.RL_3.2014
OG0000831	As007G156620, As007G156630	evm.model.RL_5.3686, evm.model.RL_2.166
OG0000832	As008G195870	evm.model.RL_4.1932
OG0000833	As011G246960	evm.model.RL_1.1403, evm.model.RL_1.3124, evm.model.RL_1.2735, evm.model.RL_5.3799
OG0000834	As011G250710	evm.model.RL_1.1773
OG0000835	As011G251220	evm.model.RL_1.1819
OG0000835	As012G272760	evm.model.RL_5.2067
OG0000841	As001G017330	evm.model.RL_2.1261
OG0000842	As001G025250	evm.model.RL_7.2394, evm.model.RL_7.2390, evm.model.RL_7.2392
OG0000843	As001G029790, As001G029800	evm.model.RL_3.875, evm.model.RL_3.879, evm.model.RL_3.876, evm.model.RL_3.878, evm.model.RL_3.927, evm.model.RL_3.937, evm.model.RL_8.2205
OG0000844	As002G034430	evm.model.RL_1.867
OG0000844	As005G107840	evm.model.RL_4.3252
OG0000845	As002G042280	evm.model.RL_2.2005, evm.model.RL_8.1161
OG0000845	As010G222560	evm.model.RL_7.1523
OG0000846	As004G079020, As002G046530, As006G146430	evm.model.RL_2.2840_evm.model.RL_2.2841
OG0000847	As002G053580	evm.model.RL_4.2614
OG0000847	As005G117570	evm.model.RL_8.2540
OG0000848	As004G078550, As006G122300	evm.model.RL_2.768
OG0000849	As006G122200	evm.model.RL_8.147
OG0000849	As005G100320	evm.model.RL_7.178
OG0000850	As005G101230	evm.model.RL_6.2730
OG0000850	As012G287330	evm.model.RL_7.243
OG0000851	As005G105540	evm.model.RL_6.2305, evm.model.RL_7.620, evm.model.RL_7.619
OG0000852	As010G227460, As010G227470, As005G111370	evm.model.RL_4.1630
OG0000853	As006G123840	evm.model.RL_8.338
OG0000854	As008G191240	evm.model.RL_6.936, evm.model.RL_5.648
OG0000855	As010G223210	evm.model.RL_7.1584
OG0000855	As009G219120	evm.model.RL_8.2339
OG0000857	As010G227430, As010G227420	evm.model.RL_7.2100
OG0000868	As009G211830	evm.model.RL_4.2884
OG0000868	As006G130700, As002G037910	evm.model.RL_1.1099.1.687c87ec
OG0000869	As004G090370	evm.model.RL_4.74
OG0000869	As003G055880	evm.model.RL_2.1304
OG0000870	As003G068700	evm.model.RL_5.3073
OG0000870	As004G081540	evm.model.RL_6.1464, evm.model.RL_5.3407, evm.model.RL_6.1463
OG0000871	As006G135520	evm.model.RL_1.168
OG0000871	As009G201940	evm.model.RL_4.2035
OG0000871	As004G077790	evm.model.RL_2.373
OG0000872	As006G126250	evm.model.RL_6.1343
OG0000873	As010G233530, As006G137440, As009G204210	evm.model.RL_4.1815, evm.model.RL_1.341
OG0000875	As008G193510	evm.model.RL_5.516
OG0000883	As006G138050	evm.model.RL_1.401, evm.model.RL_2.2995
OG0000884	As007G162220, As002G033790, As007G161390, As007G162230, As007G161400	evm.model.RL_5.3223
OG0000885	As007G158480	evm.model.RL_5.3520.2.687c88c3
OG0000885	As002G049480	evm.model.RL_2.2318.1.687c86e5
OG0000886	As004G082110	evm.model.RL_4.585, evm.model.RL_4.584
OG0000887	As005G099860	evm.model.RL_6.2862
OG0000888	As012G284780	evm.model.RL_7.511
OG0000888	As005G104850	evm.model.RL_6.2372
OG0000889	As005G114990	evm.model.RL_7.825
OG0000889	As010G224550	evm.model.RL_7.1733
OG0000890	As012G277560	evm.model.RL_7.1019
OG0000890	As006G146240	evm.model.RL_6.1835
OG0000891	As007G158460, As007G158450, As007G158470, As007G158440	evm.model.RL_2.1719, evm.model.RL_5.3522, evm.model.RL_5.3521
OG0000892	As009G215030, As009G215020	evm.model.RL_4.1191
OG0000894	As010G223940, As010G223960	evm.model.RL_7.1693
OG0000895	As011G258420	evm.model.RL_1.2442, evm.model.RL_1.2443, evm.model.RL_1.2440, evm.model.RL_1.2441
OG0000896	As011G259310	evm.model.RL_6.611, evm.model.RL_3.712
OG0000897	As012G277910, As012G277930	evm.model.RL_7.630, evm.model.RL_7.986.1.687c84b7, evm.model.RL_6.1893
OG0000900	As001G016830, As001G016840	evm.model.RL_5.1195, evm.model.RL_5.1196
OG0000901	As001G017960, As001G018000, As001G017970, As001G017990, As001G017980	evm.model.RL_2.1203
OG0000902	As002G036680, As002G036460	evm.model.RL_1.998
OG0000904	As005G118380, As002G052940	evm.model.RL_2.2680
OG0000905	As002G053040	evm.model.RL_4.2551
OG0000905	As005G118090	evm.model.RL_8.2581
OG0000906	As002G053300	evm.model.RL_4.2580
OG0000907	As003G057070	evm.model.RL_2.1418
OG0000907	As004G088350	evm.model.RL_4.240
OG0000908	As003G075600, As010G234720	evm.model.RL_2.3408
OG0000909	As007G159890	evm.model.RL_5.3381.1.687c88c2
OG0000909	As004G083080	evm.model.RL_2.844
OG0000910	As005G114500	evm.model.RL_8.2090
OG0000911	As005G119970	evm.model.RL_8.2788
OG0000912	As006G123380	evm.model.RL_8.279, evm.model.RL_5.154
OG0000914	As006G137220	evm.model.RL_1.312
OG0000914	As006G137210	evm.model.RL_8.491
OG0000915	As012G276470	evm.model.RL_7.1095
OG0000915	As006G145010	evm.model.RL_6.1737
OG0000916	As008G182940	evm.model.RL_5.1293
OG0000919	As011G249370	evm.model.RL_1.1647
OG0000921	As012G272730	evm.model.RL_5.2063, evm.model.RL_5.2064
OG0000930	As011G266460	evm.model.RL_1.3153
OG0000930	As001G001170	evm.model.RL_2.2456
OG0000931	As002G036870	evm.model.RL_1.1022
OG0000932	As004G079170, As002G037970	evm.model.RL_6.1855
OG0000933	As002G044170, As007G165200	evm.model.RL_8.1331
OG0000934	As003G057830	evm.model.RL_2.1501
OG0000935	As004G086290	evm.model.RL_8.408
OG0000935	As003G059060	evm.model.RL_2.1623
OG0000936	As003G059640	evm.model.RL_2.1661
OG0000938	As003G075080	evm.model.RL_2.3376, evm.model.RL_2.3377
OG0000939	As003G075790	evm.model.RL_2.3425
OG0000940	As004G092040	evm.model.RL_1.2529
OG0000940	As004G090050	evm.model.RL_2.619, evm.model.RL_1.2530
OG0000941	As004G095180	evm.model.RL_2.925
OG0000941	As008G194780	evm.model.RL_5.413.1.687c88ac
OG0000942	As005G103580	evm.model.RL_6.2495
OG0000943	As006G138940	evm.model.RL_1.485, evm.model.RL_4.1067
OG0000944	As005G103890, As012G285600	evm.model.RL_6.2468
OG0000946	As005G106490, As005G106480	evm.model.RL_4.3394
OG0000947	As009G200880	evm.model.RL_4.2073
OG0000947	As006G135230	evm.model.RL_1.134
OG0000950	As009G205820	evm.model.RL_4.1087, evm.model.RL_1.510, evm.model.RL_1.511
OG0000953	As010G221250	evm.model.RL_7.1379, evm.model.RL_7.1375, evm.model.RL_7.1371
OG0000954	As011G251450	evm.model.RL_1.1843
OG0000961	As002G047500, As010G227170, As010G227150, As010G227180, As010G227140, As009G213740, As001G020280, As001G020290, As001G020270, As001G020260, As010G243570, As001G014010, As001G014040, As001G013950	evm.model.RL_3.1024, evm.model.RL_3.1027
OG0000962	As001G027150	evm.model.RL_2.225, evm.model.RL_7.2182
OG0000963	As002G034260	evm.model.RL_4.3303
OG0000964	As002G040430	evm.model.RL_8.1045
OG0000965	As011G245590, As011G255900	evm.model.RL_1.1272
OG0000965	As003G057680	evm.model.RL_2.1483
OG0000966	As003G057820	evm.model.RL_2.1504, evm.model.RL_2.1507, evm.model.RL_2.1500
OG0000967	As003G064080	evm.model.RL_5.2441
OG0000967	As007G158200	evm.model.RL_5.3543
OG0000968	As004G077430	evm.model.RL_2.434
OG0000969	As004G086790, As004G086800	evm.model.RL_4.403, evm.model.RL_4.406
OG0000970	As005G119400	evm.model.RL_8.2730, evm.model.RL_7.1381, evm.model.RL_2.611, evm.model.RL_6.92
OG0000972	As009G205570	evm.model.RL_4.1104
OG0000972	As006G139250	evm.model.RL_1.518
OG0000973	As009G204830	evm.model.RL_4.1755
OG0000973	As006G139760	evm.model.RL_1.554
OG0000974	As006G144950	evm.model.RL_2.107, evm.model.RL_6.1729
OG0000975	As007G155990	evm.model.RL_5.1807
OG0000975	As010G238030	evm.model.RL_5.1808, evm.model.RL_3.1964
OG0000977	As010G224050	evm.model.RL_7.1667_evm.model.RL_7.1668_evm.model.RL_7.1669
OG0000979	As012G274790	evm.model.RL_4.534, evm.model.RL_2.1112
OG0000986	As012G268180	evm.model.RL_6.66
OG0000986	As004G094360, As001G003430	evm.model.RL_2.2624
OG0000987	As001G016180	evm.model.RL_5.2787
OG0000988	As009G212980	evm.model.RL_4.2964
OG0000988	As002G037150	evm.model.RL_1.1035
OG0000989	As002G043930	evm.model.RL_8.1304.1.687c855b, evm.model.RL_4.652
OG0000990	As003G056480, As006G141100	evm.model.RL_4.178
OG0000991	As003G062520	evm.model.RL_5.2650
OG0000992	As003G075530	evm.model.RL_2.3399
OG0000993	As004G092920	evm.model.RL_1.2435, evm.model.RL_2.253, evm.model.RL_1.2104
OG0000993	As009G205750, As006G141230	evm.model.RL_7.385
OG0000994	As005G113560	evm.model.RL_6.1111
OG0000994	As006G128340, As006G128350, As006G128360	evm.model.RL_6.1110
OG0000995	As006G127150	evm.model.RL_6.1248
OG0000995	As008G194310	evm.model.RL_5.448, evm.model.RL_7.480
OG0000996	As008G193450	evm.model.RL_5.522
OG0000997	As006G137380	evm.model.RL_1.332, evm.model.RL_5.1192
OG0000998	As006G143360	evm.model.RL_6.2077, evm.model.RL_7.810
OG0001000	As009G200600	evm.model.RL_1.2864, evm.model.RL_4.2147
OG0001001	As009G214920	evm.model.RL_4.1156, evm.model.RL_4.1157
OG0001002	As012G268250, As011G245250	evm.model.RL_1.1244
OG0001003	As012G270560	evm.model.RL_5.3722
OG0001004	As011G266800, As011G266810, As011G266820, As011G266860, As011G266830, As011G266870	evm.model.RL_6.2130
OG0001008	As001G001100	evm.model.RL_2.2446
OG0001008	As001G001090	evm.model.RL_2.2445
OG0001009	As001G001490	evm.model.RL_2.2489, evm.model.RL_2.2488
OG0001009	As001G001470	evm.model.RL_2.2487
OG0001010	As003G068260, As001G016390	evm.model.RL_5.2768
OG0001010	As004G079320	evm.model.RL_6.1643
OG0001011	As001G016600, As001G016620, As001G016630, As001G016640, As001G016610, As001G016590, As001G016580, As001G016560	evm.model.RL_5.2750
OG0001011	As004G079380	evm.model.RL_2.869
OG0001012	As001G019280	evm.model.RL_3.631
OG0001012	As008G188200	evm.model.RL_5.817
OG0001013	As001G029630, As001G029620	evm.model.RL_3.894, evm.model.RL_3.861, evm.model.RL_3.895
OG0001014	As002G035480	evm.model.RL_4.796
OG0001015	As007G165030	evm.model.RL_2.2077
OG0001015	As002G044280	evm.model.RL_8.1347
OG0001016	As002G052140	evm.model.RL_4.2475
OG0001016	As009G215410	evm.model.RL_4.1210
OG0001017	As002G052670, As002G052700	evm.model.RL_8.2647
OG0001018	As002G054290	evm.model.RL_4.2690, evm.model.RL_4.1363
OG0001019	As003G056000	evm.model.RL_2.1315
OG0001020	As003G056290	evm.model.RL_2.1342
OG0001020	As004G089150	evm.model.RL_4.140
OG0001021	As012G288810	evm.model.RL_7.69
OG0001021	As005G098840	evm.model.RL_6.2938
OG0001022	As005G099680	evm.model.RL_6.2879
OG0001022	As012G288250	evm.model.RL_7.133
OG0001023	As005G113850, As005G114020	evm.model.RL_4.1424
OG0001024	As006G127250, As006G127210, As006G127200	evm.model.RL_6.1242
OG0001026	As006G134780	evm.model.RL_1.95
OG0001026	As009G200810	evm.model.RL_4.2120
OG0001028	As006G143850	evm.model.RL_6.2049
OG0001028	As012G281510	evm.model.RL_7.855
OG0001029	As006G146260, As007G157960	evm.model.RL_5.3564
OG0001029	As010G235770	evm.model.RL_3.2167
OG0001030	As007G156040	evm.model.RL_5.1813
OG0001030	As010G237920	evm.model.RL_3.1974
OG0001031	As007G156170	evm.model.RL_5.1826
OG0001031	As010G237740	evm.model.RL_3.1986
OG0001032	As010G236850	evm.model.RL_3.2070
OG0001032	As007G157060	evm.model.RL_5.3640
OG0001034	As010G233610	evm.model.RL_5.3439
OG0001036	As010G242060	evm.model.RL_3.2263_evm.model.RL_3.2264_evm.model.RL_3.2265.6.687c9761
OG0001037	As010G243190	evm.model.RL_7.1809
OG0001038	As011G244860	evm.model.RL_1.1204
OG0001039	As011G249640	evm.model.RL_1.1675
OG0001040	As012G271380	evm.model.RL_5.1907
OG0001040	As011G253350	evm.model.RL_1.2042
OG0001041	As011G266160	evm.model.RL_7.1628
OG0001042	As012G270980	evm.model.RL_5.1875, evm.model.RL_4.656
OG0001043	As012G271170	evm.model.RL_5.1891
OG0001044	As012G281870	evm.model.RL_7.820
OG0001051	As011G263630, As005G110590	evm.model.RL_1.2855
OG0001051	As001G014830	evm.model.RL_2.3027
OG0001052	As001G015110, As001G015130, As001G015150	evm.model.RL_2.3036
OG0001053	As001G019720	evm.model.RL_3.565
OG0001054	As001G021960, As001G021950	evm.model.RL_3.302, evm.model.RL_3.300, evm.model.RL_3.301
OG0001056	As002G035820	evm.model.RL_1.953
OG0001056	As009G214650	evm.model.RL_4.3093
OG0001057	As002G045470	evm.model.RL_2.2283, evm.model.RL_8.1506, evm.model.RL_8.1507
OG0001058	As003G055590	evm.model.RL_2.1269
OG0001058	As003G072150	evm.model.RL_2.3110
OG0001060	As004G094900	evm.model.RL_2.896
OG0001060	As011G255760	evm.model.RL_1.2283
OG0001061	As011G254950	evm.model.RL_1.2195
OG0001061	As004G095690	evm.model.RL_2.977, evm.model.RL_2.976
OG0001062	As005G119250	evm.model.RL_8.2716
OG0001062	As010G221310	evm.model.RL_7.1391
OG0001063	As006G139260	evm.model.RL_1.519
OG0001064	As006G145650	evm.model.RL_6.1802, evm.model.RL_7.1064, evm.model.RL_7.1062, evm.model.RL_7.1851, evm.model.RL_7.1063
OG0001065	As006G145860	evm.model.RL_6.1862
OG0001065	As012G277190	evm.model.RL_7.1043
OG0001066	As006G145870	evm.model.RL_6.1861
OG0001066	As012G277200	evm.model.RL_7.1042
OG0001067	As010G242380	evm.model.RL_3.2305.2.687c84be
OG0001067	As007G153140	evm.model.RL_5.1512
OG0001068	As007G153800	evm.model.RL_1.394
OG0001068	As010G241390	evm.model.RL_3.1631
OG0001069	As010G238510	evm.model.RL_3.1920
OG0001069	As007G155720	evm.model.RL_5.1770
OG0001070	As007G161250	evm.model.RL_5.3236
OG0001070	As010G231200	evm.model.RL_3.1246, evm.model.RL_1.2931
OG0001071	As008G183320	evm.model.RL_5.1253, evm.model.RL_5.1252
OG0001072	As009G216760	evm.model.RL_4.1341
OG0001072	As010G222230	evm.model.RL_7.1490
OG0001073	As011G250190	evm.model.RL_3.981
OG0001074	As011G252670	evm.model.RL_3.1141
OG0001075	As012G270490	evm.model.RL_5.3732, evm.model.RL_1.1492
OG0001084	As011G267200	evm.model.RL_1.3239
OG0001084	As001G000360	evm.model.RL_2.2364
OG0001085	As011G266420	evm.model.RL_1.3150
OG0001085	As001G001230	evm.model.RL_2.2463
OG0001086	As001G010350	evm.model.RL_2.2852
OG0001086	As006G139850, As011G262030	evm.model.RL_1.2662, evm.model.RL_1.2665.1.687c87f0
OG0001087	As001G014350	evm.model.RL_2.2991, evm.model.RL_2.2992
OG0001088	As004G097170	evm.model.RL_7.2239_evm.model.RL_7.2240
OG0001089	As001G027320	evm.model.RL_7.2159
OG0001090	As001G027490, As001G027520, As001G027510	evm.model.RL_5.2336
OG0001091	As010G222350	evm.model.RL_7.1499
OG0001091	As002G042730	evm.model.RL_8.1196
OG0001092	As002G047560	evm.model.RL_4.2863
OG0001092	As009G210680	evm.model.RL_4.2864
OG0001093	As005G109890	evm.model.RL_4.1716
OG0001093	As002G051090	evm.model.RL_4.2368
OG0001094	As002G053280	evm.model.RL_4.2578
OG0001094	As005G118310	evm.model.RL_8.2606.4.687c8562
OG0001095	As004G093100, As004G093080, As004G093090	evm.model.RL_2.776, evm.model.RL_2.779
OG0001096	As012G284440	evm.model.RL_7.550
OG0001096	As005G105060	evm.model.RL_6.2325
OG0001097	As010G224300	evm.model.RL_7.1696
OG0001097	As010G224310	evm.model.RL_7.1433
OG0001098	As010G221570	evm.model.RL_7.1425
OG0001098	As005G118860	evm.model.RL_8.2672
OG0001100	As006G125750	evm.model.RL_6.1311
OG0001101	As009G200370	evm.model.RL_4.2166
OG0001101	As006G133080	evm.model.RL_1.62
OG0001102	As006G135240	evm.model.RL_1.137
OG0001102	As009G201520	evm.model.RL_4.2065
OG0001103	As009G207010	evm.model.RL_4.980
OG0001103	As006G137690	evm.model.RL_1.364
OG0001104	As006G138120, As009G206960	evm.model.RL_4.989
OG0001105	As010G243540	evm.model.RL_3.2411
OG0001105	As007G152280	evm.model.RL_5.1434.1.687c88b4
OG0001106	As007G153300	evm.model.RL_5.1531
OG0001106	As010G242200	evm.model.RL_3.2289
OG0001107	As007G154350	evm.model.RL_5.1620
OG0001107	As010G240470	evm.model.RL_3.1729
OG0001108	As007G155300	evm.model.RL_5.1724
OG0001109	As010G235960	evm.model.RL_3.2155
OG0001110	As010G232990	evm.model.RL_3.1387, evm.model.RL_3.1388
OG0001110	As007G160150	evm.model.RL_5.3355
OG0001111	As010G228810	evm.model.RL_3.1119
OG0001111	As007G162030	evm.model.RL_5.3150.1.687c88c0
OG0001112	As009G207970	evm.model.RL_4.930, evm.model.RL_4.899
OG0001115	As010G241340	evm.model.RL_3.1636, evm.model.RL_5.1574
OG0001116	As012G271470	evm.model.RL_5.1917
OG0001116	As011G253270	evm.model.RL_1.2034
OG0001117	As012G274810, As012G274800	evm.model.RL_2.1109, evm.model.RL_2.1111, evm.model.RL_2.1110
OG0001124	As011G265980	evm.model.RL_1.3221
OG0001124	As012G276130, As001G000460	evm.model.RL_8.719, evm.model.RL_2.2224.1.687c86e5
OG0001125	As001G015980	evm.model.RL_5.2800
OG0001125	As002G043210, As004G079080	evm.model.RL_6.1648, evm.model.RL_6.1647
OG0001127	As008G182820	evm.model.RL_5.1306.2.687c88b3
OG0001127	As001G023280	evm.model.RL_7.2608
OG0001128	As001G024510	evm.model.RL_7.2474
OG0001128	As008G183850	evm.model.RL_5.1202
OG0001129	As001G027480	evm.model.RL_7.2143
OG0001130	As001G028120	evm.model.RL_7.2038
OG0001130	As004G077980	evm.model.RL_2.342
OG0001131	As002G032550	evm.model.RL_2.2102
OG0001131	As002G048950	evm.model.RL_8.1801
OG0001132	As005G107970	evm.model.RL_4.3238
OG0001132	As002G034660	evm.model.RL_1.879
OG0001133	As002G047010	evm.model.RL_8.1609
OG0001134	As002G050280, As002G050290	evm.model.RL_4.2280, evm.model.RL_4.2281
OG0001135	As005G117880	evm.model.RL_8.2570.2.687c8562
OG0001135	As002G053400	evm.model.RL_4.2586.1.687c86da
OG0001136	As003G056250	evm.model.RL_2.1338
OG0001136	As004G089250	evm.model.RL_4.132
OG0001137	As004G087840	evm.model.RL_4.299
OG0001137	As003G057700	evm.model.RL_2.1485
OG0001138	As003G060280	evm.model.RL_2.1727, evm.model.RL_3.934, evm.model.RL_3.941, evm.model.RL_8.504
OG0001139	As003G067410	evm.model.RL_5.3101
OG0001139	As007G162130	evm.model.RL_5.3160
OG0001140	As003G072340	evm.model.RL_2.3134
OG0001140	As011G264830	evm.model.RL_1.2971
OG0001141	As004G077490	evm.model.RL_2.424
OG0001142	As004G095910	evm.model.RL_2.1010
OG0001143	As005G102010	evm.model.RL_7.307
OG0001144	As012G286050	evm.model.RL_7.352
OG0001144	As005G102790	evm.model.RL_6.2576, evm.model.RL_6.2577, evm.model.RL_6.2569
OG0001146	As005G105940	evm.model.RL_6.2291
OG0001147	As005G110350	evm.model.RL_4.1695
OG0001148	As005G117560	evm.model.RL_8.2539
OG0001149	As010G220420	evm.model.RL_7.1270
OG0001149	As005G120550	evm.model.RL_8.2824
OG0001150	As009G202000	evm.model.RL_4.2029
OG0001150	As006G135560	evm.model.RL_1.172
OG0001151	As006G140390	evm.model.RL_1.618
OG0001151	As009G208040	evm.model.RL_4.910
OG0001152	As012G282810	evm.model.RL_7.749, evm.model.RL_2.774
OG0001152	As006G142300	evm.model.RL_6.2180
OG0001153	As012G276310	evm.model.RL_6.1726
OG0001154	As010G238340	evm.model.RL_2.2538, evm.model.RL_3.1935
OG0001154	As007G155790	evm.model.RL_5.1776
OG0001155	As007G156380	evm.model.RL_5.1852
OG0001156	As007G159660	evm.model.RL_5.3413
OG0001156	As010G233350	evm.model.RL_3.1436
OG0001157	As008G186030	evm.model.RL_5.1006
OG0001157	As008G186040	evm.model.RL_5.1005, evm.model.RL_5.997
OG0001158	As010G233690	evm.model.RL_3.1469, evm.model.RL_5.3448
OG0001159	As010G236770, As010G236800, As010G236780, As010G236790	evm.model.RL_3.2075, evm.model.RL_3.2074
OG0001160	As011G245380	evm.model.RL_5.3932
OG0001160	As012G268400	evm.model.RL_1.1253
OG0001161	As011G253310	evm.model.RL_1.2039
OG0001161	As012G271410	evm.model.RL_5.1911
OG0001162	As012G273060	evm.model.RL_5.2099, evm.model.RL_5.2098
OG0001169	As002G045450, As002G045480	evm.model.RL_8.1508
OG0001170	As022G292050, As022G292140, As048G294600, As012G279330, As012G280590, As009G206290, As001G015180	evm.model.RL_1.453
OG0001171	As001G021220	evm.model.RL_3.403
OG0001171	As008G186600	evm.model.RL_5.961
OG0001172	As001G024140	evm.model.RL_7.2515
OG0001172	As008G183530	evm.model.RL_5.1229
OG0001173	As002G032750	evm.model.RL_2.2130, evm.model.RL_3.56
OG0001174	As002G036310	evm.model.RL_1.986
OG0001174	As009G214250	evm.model.RL_4.3033
OG0001175	As002G047920	evm.model.RL_8.1695
OG0001176	As005G118510	evm.model.RL_8.2629.2.687c8562
OG0001176	As002G052820	evm.model.RL_4.2535
OG0001177	As002G054880	evm.model.RL_4.2754, evm.model.RL_4.2758, evm.model.RL_4.2755
OG0001178	As002G055020	evm.model.RL_4.2771
OG0001178	As009G217930	evm.model.RL_8.2201, evm.model.RL_8.2202
OG0001179	As003G057140	evm.model.RL_2.1426
OG0001179	As011G256550	evm.model.RL_1.2341
OG0001180	As003G057900	evm.model.RL_2.1518
OG0001180	As004G087660	evm.model.RL_4.326, evm.model.RL_4.329
OG0001181	As003G059790	evm.model.RL_2.1682
OG0001181	As004G085930	evm.model.RL_8.446
OG0001182	As004G081230	evm.model.RL_6.1496
OG0001182	As003G069510	evm.model.RL_5.3024
OG0001183	As003G072080	evm.model.RL_2.3102
OG0001183	As011G264670, As010G236540	evm.model.RL_1.2951
OG0001184	As005G100420	evm.model.RL_6.2804
OG0001185	As012G287600	evm.model.RL_7.209
OG0001185	As005G100800	evm.model.RL_6.2774
OG0001186	As005G104120	evm.model.RL_7.655, evm.model.RL_7.423
OG0001187	As006G126100	evm.model.RL_6.1324
OG0001187	As008G195000	evm.model.RL_5.386
OG0001188	As006G128390	evm.model.RL_6.1106, evm.model.RL_6.1103, evm.model.RL_6.1081
OG0001189	As006G132950	evm.model.RL_1.51.5.687c87e9
OG0001189	As009G200010	evm.model.RL_4.2182
OG0001190	As006G137230	evm.model.RL_1.314
OG0001190	As009G204060	evm.model.RL_4.1830
OG0001191	As009G206340	evm.model.RL_4.1037
OG0001191	As006G138540	evm.model.RL_1.445
OG0001192	As012G274380	evm.model.RL_2.1157
OG0001192	As006G140360	evm.model.RL_3.719, evm.model.RL_1.613
OG0001193	As012G282070	evm.model.RL_7.799
OG0001193	As006G143230	evm.model.RL_6.2091
OG0001194	As012G282360	evm.model.RL_7.769
OG0001194	As006G143580	evm.model.RL_1.761
OG0001196	As010G238520	evm.model.RL_3.1919
OG0001196	As007G155700	evm.model.RL_5.1768.4.687c88b6
OG0001197	As008G186880	evm.model.RL_7.925
OG0001200	As009G212830	evm.model.RL_4.1661
OG0001201	As009G216930	evm.model.RL_4.1362
OG0001202	As010G221230	evm.model.RL_7.1368, evm.model.RL_7.1434, evm.model.RL_7.1435
OG0001203	As010G226280	evm.model.RL_7.1922
OG0001205	As012G269930	evm.model.RL_5.3779
OG0001205	As011G247320	evm.model.RL_1.1439
OG0001206	As011G248610, As011G248600	evm.model.RL_1.1573, evm.model.RL_1.1574
OG0001207	As012G274390	evm.model.RL_2.1156
OG0001207	As011G249080	evm.model.RL_1.1613
OG0001208	As012G273020	evm.model.RL_5.2092
OG0001208	As011G250940	evm.model.RL_1.1794
OG0001210	As011G252070	evm.model.RL_1.1917
OG0001210	As012G272240	evm.model.RL_5.2009
OG0001222	As001G003410	evm.model.RL_2.2623
OG0001222	As007G178150	evm.model.RL_6.327
OG0001223	As011G262960	evm.model.RL_1.2775
OG0001223	As001G013780	evm.model.RL_2.2911
OG0001224	As008G188670	evm.model.RL_5.782.1.687c88af
OG0001224	As001G019000	evm.model.RL_3.697
OG0001225	As001G025730	evm.model.RL_7.2344
OG0001226	As001G026900	evm.model.RL_7.2215, evm.model.RL_7.2214
OG0001227	As002G034420	evm.model.RL_1.866
OG0001227	As005G107870	evm.model.RL_4.3256.3.687c86dd
OG0001229	As002G049770, As002G049710, As002G049750, As002G047650, As002G047640, As002G048550, As002G048440, As002G048410, As002G048430	evm.model.RL_8.1764, evm.model.RL_8.1767, evm.model.RL_8.1766, evm.model.RL_8.1768
OG0001230	As009G218340	evm.model.RL_8.2251
OG0001230	As002G055400	evm.model.RL_4.2814
OG0001231	As009G218430	evm.model.RL_8.2262
OG0001231	As002G055440	evm.model.RL_4.2818
OG0001232	As003G057340	evm.model.RL_2.3060, evm.model.RL_2.1447
OG0001233	As003G060920	evm.model.RL_2.1798
OG0001233	As004G084810	evm.model.RL_8.584
OG0001234	As010G238140	evm.model.RL_3.1960
OG0001234	As003G065230	evm.model.RL_5.2302.1.687c88ba
OG0001234	As004G082120	evm.model.RL_4.587
OG0001235	As010G228510, As011G264390	evm.model.RL_1.2924
OG0001235	As003G071710	evm.model.RL_2.3067
OG0001236	As004G096250	evm.model.RL_2.1048, evm.model.RL_2.1124
OG0001236	As006G125660	evm.model.RL_6.1321
OG0001237	As005G101170	evm.model.RL_6.2736
OG0001237	As012G287400	evm.model.RL_7.233
OG0001238	As012G287280	evm.model.RL_6.2726
OG0001238	As005G101270	evm.model.RL_7.248
OG0001239	As012G285940	evm.model.RL_7.366
OG0001239	As005G103030	evm.model.RL_6.2540
OG0001241	As005G103630	evm.model.RL_6.2484
OG0001242	As005G108180	evm.model.RL_4.3208
OG0001243	As005G110180	evm.model.RL_4.1692, evm.model.RL_3.1106
OG0001244	As005G111140	evm.model.RL_8.1492, evm.model.RL_8.1490_evm.model.RL_8.1491.1.687c97c0
OG0001245	As010G220630	evm.model.RL_7.1290
OG0001245	As005G120340	evm.model.RL_8.2812.1.687c8563
OG0001246	As008G198180	evm.model.RL_5.82, evm.model.RL_5.106, evm.model.RL_5.35
OG0001246	As006G122500	evm.model.RL_8.209
OG0001247	As006G123620	evm.model.RL_8.314
OG0001247	As006G141330	evm.model.RL_1.706
OG0001248	As006G129030, As006G129020, As008G192650	evm.model.RL_5.602
OG0001249	As006G130480, As006G148330, As006G148320	evm.model.RL_6.1949, evm.model.RL_6.1950, evm.model.RL_6.1951
OG0001250	As009G201070	evm.model.RL_4.2088
OG0001250	As006G135030	evm.model.RL_1.119
OG0001251	As006G135310	evm.model.RL_1.142
OG0001251	As009G201580	evm.model.RL_4.2059
OG0001252	As009G202070	evm.model.RL_1.176
OG0001252	As006G135600	evm.model.RL_1.175
OG0001253	As006G138960	evm.model.RL_1.487
OG0001253	As009G205910, As007G182060	evm.model.RL_4.1069
OG0001254	As012G271900	evm.model.RL_5.1926
OG0001254	As006G148850	evm.model.RL_6.1673
OG0001255	As010G241660	evm.model.RL_3.2240
OG0001255	As007G153580	evm.model.RL_5.1560
OG0001256	As010G241030	evm.model.RL_3.1666
OG0001256	As007G153970	evm.model.RL_5.1590
OG0001257	As010G240510	evm.model.RL_3.1724
OG0001257	As007G154290	evm.model.RL_5.1613
OG0001258	As010G238870	evm.model.RL_3.1879
OG0001259	As007G155870	evm.model.RL_5.1789
OG0001259	As010G238270	evm.model.RL_3.1941
OG0001260	As007G163650	evm.model.RL_7.2094
OG0001261	As008G183080	evm.model.RL_5.1275, evm.model.RL_7.2564
OG0001262	As008G183230	evm.model.RL_5.1265
OG0001263	As008G185060	evm.model.RL_5.1088, evm.model.RL_3.227
OG0001264	As011G245280	evm.model.RL_1.1247
OG0001264	As012G268320	evm.model.RL_5.3939
OG0001265	As012G271440	evm.model.RL_5.1915
OG0001265	As011G253290	evm.model.RL_1.2036
OG0001274	As007G178240	evm.model.RL_6.320
OG0001274	As001G003270	evm.model.RL_2.2611
OG0001275	As007G156730	evm.model.RL_5.3676
OG0001275	As001G014870	evm.model.RL_2.3032
OG0001276	As008G186480	evm.model.RL_5.975
OG0001277	As006G125870	evm.model.RL_2.982, evm.model.RL_3.337
OG0001278	As001G026660, As001G026620	evm.model.RL_1.2502
OG0001279	As009G200780	evm.model.RL_4.2124
OG0001279	As006G134750	evm.model.RL_1.92
OG0001280	As001G027620	evm.model.RL_7.2122
OG0001280	As004G078400	evm.model.RL_2.274
OG0001281	As003G061850	evm.model.RL_3.62
OG0001282	As002G032810	evm.model.RL_2.2133
OG0001283	As012G283460, As002G033170	evm.model.RL_7.669, evm.model.RL_6.2246
OG0001284	As002G040880	evm.model.RL_8.1082
OG0001284	As009G219310	evm.model.RL_8.2362
OG0001285	As002G046220	evm.model.RL_8.1534
OG0001286	As002G046840, As002G046830	evm.model.RL_8.1595
OG0001286	As002G046800, As002G046810	evm.model.RL_8.1594
OG0001287	As006G134550	evm.model.RL_2.2195
OG0001287	As002G047070	evm.model.RL_8.1616
OG0001288	As002G051870	evm.model.RL_4.2448
OG0001289	As003G055830	evm.model.RL_2.1299, evm.model.RL_2.1345
OG0001289	As004G090340	evm.model.RL_6.2673, evm.model.RL_4.71
OG0001290	As004G084370	evm.model.RL_8.661
OG0001290	As003G061690	evm.model.RL_2.1877
OG0001291	As003G062370	evm.model.RL_5.2667
OG0001292	As006G128480	evm.model.RL_6.1094
OG0001292	As003G068450, As006G132720	evm.model.RL_1.86
OG0001293	As012G285310, As003G069570	evm.model.RL_7.434, evm.model.RL_7.431
OG0001294	As007G180370	evm.model.RL_6.136
OG0001294	As003G074750	evm.model.RL_2.3344
OG0001296	As004G079870	evm.model.RL_6.178, evm.model.RL_6.1601
OG0001297	As004G085780	evm.model.RL_8.459, evm.model.RL_8.457, evm.model.RL_8.458
OG0001298	As004G095930	evm.model.RL_2.1012
OG0001298	As011G254560	evm.model.RL_1.2165
OG0001299	As005G100270	evm.model.RL_6.2818, evm.model.RL_6.2817, evm.model.RL_7.2130, evm.model.RL_7.2125
OG0001300	As012G284530	evm.model.RL_7.540
OG0001300	As005G104930	evm.model.RL_6.2360
OG0001301	As012G284300	evm.model.RL_7.566
OG0001301	As005G105210	evm.model.RL_6.2344
OG0001302	As005G119060	evm.model.RL_8.2695
OG0001302	As010G221410	evm.model.RL_7.1397
OG0001303	As006G121100	evm.model.RL_8.21
OG0001303	As008G199380	evm.model.RL_6.2662, evm.model.RL_8.2905
OG0001304	As006G129740	evm.model.RL_5.641, evm.model.RL_6.956
OG0001305	As006G138870	evm.model.RL_1.464
OG0001305	As009G206160	evm.model.RL_4.1051
OG0001306	As006G138930	evm.model.RL_1.484
OG0001309	As006G147030	evm.model.RL_6.1897
OG0001309	As012G278060	evm.model.RL_7.980
OG0001310	As007G153270	evm.model.RL_5.1528
OG0001310	As010G242210	evm.model.RL_3.2290
OG0001311	As009G206930	evm.model.RL_4.993
OG0001312	As009G209520	evm.model.RL_4.837
OG0001314	As011G245230	evm.model.RL_1.1243
OG0001314	As012G268220, As012G268230	evm.model.RL_5.3949.1.687c88c6
OG0001315	As011G247950	evm.model.RL_1.1499, evm.model.RL_5.3719
OG0001316	As012G273940	evm.model.RL_5.2189
OG0001316	As011G249510	evm.model.RL_1.1663
OG0001317	As012G272280	evm.model.RL_1.1913
OG0001318	As012G274540	evm.model.RL_2.1143
OG0001328	As001G003730	evm.model.RL_2.2657, evm.model.RL_6.350
OG0001330	As011G264300	evm.model.RL_1.2910
OG0001330	As001G015630	evm.model.RL_2.3056
OG0001331	As001G019080	evm.model.RL_3.667, evm.model.RL_3.668, evm.model.RL_3.1034
OG0001332	As001G019570	evm.model.RL_3.590.1.687c84ba
OG0001332	As008G187940	evm.model.RL_5.839
OG0001333	As001G021210	evm.model.RL_3.402
OG0001333	As008G186610	evm.model.RL_5.960
OG0001334	As008G182480	evm.model.RL_5.1344
OG0001334	As001G022740	evm.model.RL_7.2702
OG0001335	As009G214520	evm.model.RL_4.3077
OG0001335	As002G035960	evm.model.RL_1.963
OG0001336	As002G037540	evm.model.RL_1.1081, evm.model.RL_4.2903
OG0001337	As002G045530	evm.model.RL_8.1501
OG0001338	As002G045540	evm.model.RL_2.2270, evm.model.RL_8.1500
OG0001339	As002G047440	evm.model.RL_8.1650.1.687c855c
OG0001339	As006G134360	evm.model.RL_2.2180.6.687c86e5
OG0001341	As002G052360	evm.model.RL_4.2501
OG0001342	As002G053260	evm.model.RL_4.2574
OG0001342	As005G118290	evm.model.RL_8.2604
OG0001343	As002G054600	evm.model.RL_4.2719.1.687c86db
OG0001343	As009G217260	evm.model.RL_4.1400
OG0001344	As003G056040	evm.model.RL_2.1320
OG0001344	As004G089590	evm.model.RL_4.99
OG0001345	As003G057260	evm.model.RL_2.1439
OG0001345	As004G088210	evm.model.RL_4.254
OG0001347	As003G061790	evm.model.RL_2.1884
OG0001347	As006G132770	evm.model.RL_1.81
OG0001348	As011G264720	evm.model.RL_1.2954
OG0001348	As003G072120	evm.model.RL_2.3106
OG0001349	As011G265000	evm.model.RL_1.2989
OG0001349	As003G072460	evm.model.RL_2.3148
OG0001351	As004G076770	evm.model.RL_3.691, evm.model.RL_3.694, evm.model.RL_3.696, evm.model.RL_3.695
OG0001352	As004G080580	evm.model.RL_5.2439
OG0001353	As004G087990	evm.model.RL_2.1469, evm.model.RL_4.285
OG0001354	As012G288470	evm.model.RL_7.103
OG0001354	As005G099420	evm.model.RL_6.2900
OG0001355	As005G101250	evm.model.RL_6.2728
OG0001356	As012G284960	evm.model.RL_7.494
OG0001357	As005G105170	evm.model.RL_6.2340
OG0001358	As005G105450	evm.model.RL_6.2313
OG0001358	As012G284050	evm.model.RL_7.612
OG0001359	As010G224750	evm.model.RL_7.1757
OG0001359	As005G114870	evm.model.RL_8.2056
OG0001360	As006G125720	evm.model.RL_6.1315
OG0001361	As006G125770	evm.model.RL_6.1355
OG0001361	As008G195770	evm.model.RL_5.331
OG0001362	As011G253020	evm.model.RL_1.1998
OG0001362	As006G130570	evm.model.RL_6.769
OG0001363	As006G132630, As006G132640	evm.model.RL_2.2219, evm.model.RL_3.273
OG0001364	As009G200770	evm.model.RL_4.2125
OG0001364	As006G134740	evm.model.RL_1.91
OG0001365	As006G134810	evm.model.RL_1.101
OG0001365	As009G201450	evm.model.RL_4.2116
OG0001366	As009G201800	evm.model.RL_4.2043
OG0001367	As009G207270	evm.model.RL_4.949
OG0001368	As006G147840	evm.model.RL_4.2199
OG0001370	As007G157050	evm.model.RL_5.3644.1.687c88c4
OG0001370	As010G236860	evm.model.RL_3.2068
OG0001371	As007G160120, As007G160130	evm.model.RL_5.3360, evm.model.RL_5.3358_evm.model.RL_5.3359
OG0001372	As009G202990	evm.model.RL_1.233, evm.model.RL_4.1941
OG0001373	As012G273140	evm.model.RL_5.2136
OG0001373	As011G250390, As010G231610	evm.model.RL_1.1743
OG0001374	As010G238300	evm.model.RL_3.1938, evm.model.RL_5.1785
OG0001375	As010G243020	evm.model.RL_3.2360
OG0001376	As011G246000	evm.model.RL_1.1318
OG0001376	As012G269100	evm.model.RL_5.3881
OG0001377	As011G248870	evm.model.RL_1.1593
OG0001378	As012G273750	evm.model.RL_5.2168
OG0001378	As011G249840	evm.model.RL_1.1695
OG0001379	As011G252120	evm.model.RL_1.1920
OG0001379	As012G272210	evm.model.RL_5.2006.2.687c88b8
OG0001380	As011G252170	evm.model.RL_1.1925
OG0001381	As012G274100	evm.model.RL_6.54
OG0001392	As001G014820	evm.model.RL_2.3024
OG0001392	As011G263580	evm.model.RL_1.2847
OG0001393	As011G264210	evm.model.RL_1.2892
OG0001393	As001G015550	evm.model.RL_2.3051
OG0001394	As001G016470, As001G016510, As001G016490	evm.model.RL_2.358, evm.model.RL_2.357, evm.model.RL_5.2758, evm.model.RL_5.2757
OG0001395	As002G047740	evm.model.RL_8.1679.3.687c855c
OG0001396	As001G019470, As001G019500	evm.model.RL_4.597
OG0001397	As008G187330	evm.model.RL_5.889
OG0001397	As001G020160	evm.model.RL_3.537
OG0001398	As001G022600	evm.model.RL_7.2691, evm.model.RL_5.1350
OG0001399	As001G023670	evm.model.RL_7.2570, evm.model.RL_5.1281
OG0001400	As001G024770	evm.model.RL_7.2446, evm.model.RL_7.2449
OG0001400	As008G183950	evm.model.RL_5.1179
OG0001401	As001G027400	evm.model.RL_2.245
OG0001401	As009G201390, As009G201400	evm.model.RL_4.2112
OG0001402	As004G078470	evm.model.RL_2.262
OG0001402	As001G027550	evm.model.RL_7.2136
OG0001403	As001G031800	evm.model.RL_3.207
OG0001403	As008G184840	evm.model.RL_5.1103.1.687ccf5d
OG0001404	As001G032050	evm.model.RL_3.237
OG0001404	As008G185230	evm.model.RL_5.1080
OG0001405	As002G036110	evm.model.RL_4.3052
OG0001406	As003G074300	evm.model.RL_2.3306.5.687c86e8
OG0001406	As002G039650	evm.model.RL_4.1097
OG0001407	As002G044620	evm.model.RL_8.1379
OG0001407	As007G166220	evm.model.RL_2.2310
OG0001409	As002G054220	evm.model.RL_8.2437
OG0001410	As004G089220	evm.model.RL_4.136
OG0001410	As003G056270	evm.model.RL_2.1340
OG0001411	As003G056550	evm.model.RL_2.1374
OG0001411	As003G056560, As003G056570	evm.model.RL_2.1373
OG0001412	As003G057920	evm.model.RL_2.1520
OG0001412	As004G087620	evm.model.RL_4.336
OG0001413	As003G059970	evm.model.RL_2.1698
OG0001414	As003G062700, As003G062680, As003G062690	evm.model.RL_5.2628
OG0001415	As004G081370	evm.model.RL_6.1481
OG0001415	As003G069080	evm.model.RL_5.3055
OG0001416	As003G070070	evm.model.RL_5.2974
OG0001417	As003G073020	evm.model.RL_2.3197
OG0001417	As007G179140	evm.model.RL_6.263
OG0001419	As007G162430, As007G154420, As004G077990	evm.model.RL_2.341, evm.model.RL_2.143
OG0001420	As004G085760	evm.model.RL_8.461, evm.model.RL_2.1701
OG0001421	As004G095760	evm.model.RL_2.988, evm.model.RL_1.2187
OG0001422	As006G138250	evm.model.RL_1.423
OG0001422	As009G206810, As005G098800	evm.model.RL_4.1009
OG0001423	As005G102370	evm.model.RL_6.2604
OG0001423	As012G286180	evm.model.RL_7.338
OG0001424	As005G108730	evm.model.RL_4.3149
OG0001425	As010G227210	evm.model.RL_7.1951
OG0001425	As005G112160	evm.model.RL_4.1585
OG0001427	As006G122030	evm.model.RL_8.125
OG0001428	As008G197620	evm.model.RL_5.145
OG0001428	As006G123250	evm.model.RL_8.268.2.687c8556
OG0001429	As006G123290	evm.model.RL_8.273
OG0001429	As012G288690	evm.model.RL_7.96
OG0001430	As006G125000	evm.model.RL_5.283, evm.model.RL_4.527
OG0001431	As008G195730	evm.model.RL_5.332, evm.model.RL_5.333
OG0001432	As006G127090	evm.model.RL_6.1255, evm.model.RL_6.2014
OG0001433	As008G193560	evm.model.RL_5.511
OG0001433	As006G127740	evm.model.RL_6.1182
OG0001434	As006G128970	evm.model.RL_6.1031
OG0001434	As009G212670	evm.model.RL_4.2939
OG0001435	As006G129550	evm.model.RL_6.975
OG0001436	As009G203670	evm.model.RL_4.1873
OG0001436	As009G203660, As006G136680	evm.model.RL_1.283
OG0001437	As009G203910	evm.model.RL_4.1850.2.687c86d6
OG0001437	As006G136920	evm.model.RL_1.301
OG0001438	As009G206980	evm.model.RL_4.987
OG0001438	As006G138070	evm.model.RL_1.403
OG0001439	As010G239570	evm.model.RL_3.1806.3.687c84bd
OG0001439	As007G154870	evm.model.RL_5.1677
OG0001440	As007G157740	evm.model.RL_5.3582
OG0001441	As010G235030	evm.model.RL_3.1607
OG0001441	As007G158560	evm.model.RL_5.3511
OG0001442	As007G159300	evm.model.RL_3.1482, evm.model.RL_3.1472, evm.model.RL_1.3076, evm.model.RL_5.3450
OG0001443	As007G160370	evm.model.RL_5.3331
OG0001443	As010G232820	evm.model.RL_3.1368
OG0001444	As007G165570, As007G165610, As007G165550, As007G165560, As007G165580	evm.model.RL_6.375, evm.model.RL_2.2061
OG0001446	As009G217780	evm.model.RL_4.2752, evm.model.RL_8.2183
OG0001448	As011G245790	evm.model.RL_1.1298
OG0001449	As012G269390	evm.model.RL_5.3848
OG0001450	As011G246430, As012G269400	evm.model.RL_5.3847
OG0001451	As012G270080	evm.model.RL_5.3763
OG0001451	As011G247490	evm.model.RL_1.1457
OG0001452	As012G270190	evm.model.RL_5.3749
OG0001453	As012G270500	evm.model.RL_5.3731
OG0001453	As011G247830	evm.model.RL_1.1493
OG0001454	As011G248090	evm.model.RL_1.1513.1.687c87ed
OG0001454	As012G270620	evm.model.RL_5.3715
OG0001455	As011G248920	evm.model.RL_1.1597
OG0001455	As012G274630	evm.model.RL_2.1134.1.687c86e2
OG0001456	As011G252110	evm.model.RL_1.1919
OG0001456	As012G272220	evm.model.RL_5.2007
OG0001457	As011G252570	evm.model.RL_1.1949
OG0001457	As012G272010	evm.model.RL_5.1982
OG0001464	As001G001740	evm.model.RL_2.2505
OG0001465	As011G265880	evm.model.RL_1.3105
OG0001465	As001G001900	evm.model.RL_2.2523
OG0001466	As001G003810	evm.model.RL_2.2666
OG0001466	As007G177820	evm.model.RL_6.353
OG0001467	As004G084230	evm.model.RL_8.675
OG0001468	As001G014310	evm.model.RL_2.2929
OG0001470	As004G083140	evm.model.RL_6.1661
OG0001471	As001G021200	evm.model.RL_3.401
OG0001471	As008G186620	evm.model.RL_5.959
OG0001472	As008G182540	evm.model.RL_5.1338.1.687c88b3
OG0001472	As001G022810	evm.model.RL_7.2711
OG0001473	As001G023680	evm.model.RL_7.2569, evm.model.RL_5.1280
OG0001474	As002G032650, As001G030130	evm.model.RL_2.2119, evm.model.RL_2.2120
OG0001475	As008G185330	evm.model.RL_5.1070
OG0001475	As001G032140	evm.model.RL_3.254
OG0001476	As002G032390	evm.model.RL_1.855
OG0001477	As002G032720, As002G032730, As002G032710	evm.model.RL_4.2828
OG0001478	As002G034580, As002G034650, As002G034510	evm.model.RL_1.878
OG0001478	As005G107960	evm.model.RL_4.3239
OG0001479	As004G079850, As009G213750, As002G036770, As005G102490	evm.model.RL_1.1007
OG0001480	As002G042560	evm.model.RL_8.1185, evm.model.RL_2.2014
OG0001481	As002G050450	evm.model.RL_7.2306
OG0001482	As002G052160	evm.model.RL_4.2479.2.687c86d9
OG0001482	As009G215450	evm.model.RL_4.1216
OG0001483	As009G215740	evm.model.RL_4.1238
OG0001483	As002G052570	evm.model.RL_4.2517
OG0001484	As002G052590	evm.model.RL_4.2520
OG0001485	As002G054040	evm.model.RL_4.2665
OG0001486	As002G054240	evm.model.RL_4.2685
OG0001486	As005G116630, As005G116640	evm.model.RL_8.2435, evm.model.RL_8.2436.1.687c8561, evm.model.RL_8.2434
OG0001487	As002G054670	evm.model.RL_4.1410
OG0001488	As003G055970	evm.model.RL_2.1312
OG0001488	As004G089810	evm.model.RL_4.88.3.687c86cd
OG0001489	As004G085500	evm.model.RL_8.507
OG0001489	As003G060290	evm.model.RL_2.1728
OG0001490	As003G069830	evm.model.RL_5.3006
OG0001490	As004G081110	evm.model.RL_6.1505
OG0001491	As003G070370	evm.model.RL_5.2927
OG0001492	As007G180810	evm.model.RL_6.69
OG0001492	As003G075630	evm.model.RL_1.2812
OG0001493	As008G195740, As004G082080	evm.model.RL_4.579
OG0001494	As004G085100	evm.model.RL_8.552, evm.model.RL_8.553
OG0001495	As004G090990	evm.model.RL_6.5, evm.model.RL_4.44
OG0001496	As004G094470, As011G256240	evm.model.RL_1.2318, evm.model.RL_2.859
OG0001497	As004G096260	evm.model.RL_2.1052, evm.model.RL_2.1051, evm.model.RL_2.1050
OG0001498	As004G098070	evm.model.RL_5.271, evm.model.RL_6.81
OG0001500	As012G288210	evm.model.RL_7.137
OG0001501	As005G100230	evm.model.RL_6.2821
OG0001502	As005G102480	evm.model.RL_6.2596
OG0001502	As012G286170	evm.model.RL_7.339
OG0001503	As012G285910	evm.model.RL_7.376
OG0001503	As005G103110	evm.model.RL_6.2534
OG0001504	As005G103840	evm.model.RL_6.2473
OG0001505	As012G285480	evm.model.RL_7.413
OG0001505	As005G103960	evm.model.RL_6.2454
OG0001506	As006G142150	evm.model.RL_1.795
OG0001506	As005G106410	evm.model.RL_4.3398
OG0001507	As010G224170	evm.model.RL_7.1688
OG0001507	As005G115720	evm.model.RL_8.2005
OG0001508	As010G222610	evm.model.RL_7.1528
OG0001508	As005G116340	evm.model.RL_8.2412
OG0001509	As010G221530	evm.model.RL_7.1423
OG0001509	As005G118870	evm.model.RL_8.2673
OG0001510	As006G127110	evm.model.RL_6.1252, evm.model.RL_6.2012
OG0001510	As008G194330	evm.model.RL_5.446
OG0001511	As008G191800	evm.model.RL_5.638
OG0001511	As006G129670	evm.model.RL_6.963
OG0001512	As006G130250	evm.model.RL_6.884
OG0001513	As006G134800	evm.model.RL_1.99
OG0001514	As006G137350	evm.model.RL_1.329, evm.model.RL_4.1820
OG0001515	As006G139150, As006G139160	evm.model.RL_1.508
OG0001516	As006G140260	evm.model.RL_1.598
OG0001517	As012G282480	evm.model.RL_7.764, evm.model.RL_8.939, evm.model.RL_8.950, evm.model.RL_8.956, evm.model.RL_8.946, evm.model.RL_8.967, evm.model.RL_8.960, evm.model.RL_8.931
OG0001517	As006G142810	evm.model.RL_6.2133
OG0001518	As006G142890	evm.model.RL_6.2123, evm.model.RL_7.773
OG0001519	As010G239600	evm.model.RL_3.1803.1.687c84bd
OG0001519	As007G154860	evm.model.RL_5.1676
OG0001520	As010G223010	evm.model.RL_7.1561
OG0001520	As007G155440	evm.model.RL_5.1737
OG0001521	As007G157310	evm.model.RL_5.3613, evm.model.RL_3.2105
OG0001522	As007G159210	evm.model.RL_5.3455
OG0001522	As010G233860	evm.model.RL_3.1497
OG0001523	As007G159770, As007G159760	evm.model.RL_3.1425
OG0001524	As007G162280	evm.model.RL_5.3145
OG0001524	As009G218400	evm.model.RL_8.2258
OG0001526	As007G177880, As012G287270	evm.model.RL_8.2889, evm.model.RL_7.249, evm.model.RL_6.302, evm.model.RL_7.250
OG0001527	As009G200200	evm.model.RL_4.2206
OG0001527	As010G243610	evm.model.RL_3.2478, evm.model.RL_3.2417, evm.model.RL_6.1263
OG0001528	As010G237750, As009G200660	evm.model.RL_4.2141
OG0001531	As009G212540	evm.model.RL_4.2925
OG0001531	As009G212530	evm.model.RL_1.1061
OG0001533	As010G220990, As010G221000	evm.model.RL_7.1341, evm.model.RL_7.1339, evm.model.RL_7.1340
OG0001534	As010G242340, As010G242330	evm.model.RL_3.1128
OG0001535	As012G268330	evm.model.RL_5.3938
OG0001535	As011G245290	evm.model.RL_1.1248
OG0001536	As012G268830	evm.model.RL_5.3904
OG0001537	As012G270460	evm.model.RL_5.3735
OG0001537	As011G247790	evm.model.RL_1.1488
OG0001538	As011G248690	evm.model.RL_1.1579
OG0001538	As012G271020	evm.model.RL_5.1879
OG0001539	As011G257640	evm.model.RL_1.2407
OG0001540	As012G275340	evm.model.RL_6.1538, evm.model.RL_6.990, evm.model.RL_6.1537
OG0001541	As012G288500	evm.model.RL_7.100
OG0001549	As008G189360, As001G000350	evm.model.RL_1.3242, evm.model.RL_2.2363
OG0001550	As002G037190	evm.model.RL_4.2941
OG0001551	As001G003600	evm.model.RL_2.2641
OG0001551	As007G178090	evm.model.RL_6.334
OG0001552	As001G004530	evm.model.RL_2.2718, evm.model.RL_6.428
OG0001553	As001G020960	evm.model.RL_3.442
OG0001553	As008G186960	evm.model.RL_5.928
OG0001554	As008G185750	evm.model.RL_5.1033
OG0001554	As001G022010	evm.model.RL_3.294
OG0001555	As008G183910	evm.model.RL_5.1175.1.687c88b2
OG0001555	As001G024630	evm.model.RL_7.2459
OG0001556	As006G145370	evm.model.RL_6.1774
OG0001556	As001G025430	evm.model.RL_7.2372
OG0001557	As002G034230	evm.model.RL_1.844, evm.model.RL_8.37, evm.model.RL_8.7
OG0001558	As002G035840	evm.model.RL_4.3091, evm.model.RL_1.957
OG0001559	As002G040240	evm.model.RL_8.1043
OG0001560	As002G040690	evm.model.RL_8.1068
OG0001560	As007G162800	evm.model.RL_2.1949
OG0001561	As002G044310	evm.model.RL_2.2079_evm.model.RL_2.2080
OG0001562	As002G047830	evm.model.RL_8.1685
OG0001562	As006G134190, As004G089470, As006G134210	evm.model.RL_4.3043
OG0001563	As002G050910	evm.model.RL_4.1710
OG0001564	As002G051580	evm.model.RL_6.1841
OG0001565	As002G054950	evm.model.RL_4.2765
OG0001565	As009G217850	evm.model.RL_8.2193
OG0001566	As004G087940	evm.model.RL_4.289.2.687c86cd
OG0001566	As003G057540	evm.model.RL_2.1472
OG0001567	As003G063270	evm.model.RL_5.2552, evm.model.RL_5.2553
OG0001568	As003G069320	evm.model.RL_5.3038
OG0001569	As004G081080	evm.model.RL_6.1517
OG0001569	As003G070040	evm.model.RL_5.2980
OG0001570	As012G285530	evm.model.RL_7.409
OG0001570	As004G078650, As003G071580	evm.model.RL_5.2841
OG0001571	As011G264410	evm.model.RL_1.2927
OG0001571	As003G071720	evm.model.RL_2.3068
OG0001572	As003G074600	evm.model.RL_2.3327
OG0001572	As007G180280	evm.model.RL_6.143
OG0001573	As003G074940	evm.model.RL_2.3363
OG0001573	As007G180450	evm.model.RL_6.121
OG0001574	As003G075700	evm.model.RL_2.3417
OG0001574	As007G180920	evm.model.RL_6.57
OG0001575	As003G075900	evm.model.RL_2.3437
OG0001577	As004G078360	evm.model.RL_2.285, evm.model.RL_2.280, evm.model.RL_2.284, evm.model.RL_2.281, evm.model.RL_2.282, evm.model.RL_8.1132, evm.model.RL_2.283
OG0001578	As004G090820	evm.model.RL_4.38
OG0001579	As004G090830	evm.model.RL_4.39
OG0001580	As004G093790	evm.model.RL_6.2161, evm.model.RL_7.1395, evm.model.RL_5.2037
OG0001581	As012G288550	evm.model.RL_7.80
OG0001581	As005G099240	evm.model.RL_6.2915
OG0001582	As012G285890	evm.model.RL_7.374
OG0001582	As005G103130	evm.model.RL_6.2532
OG0001583	As005G105260	evm.model.RL_6.2350
OG0001583	As012G284240	evm.model.RL_7.575
OG0001584	As012G284070, As005G105400	evm.model.RL_6.2315
OG0001585	As012G283760	evm.model.RL_7.645
OG0001585	As005G106110	evm.model.RL_6.2279
OG0001586	As005G109770, As005G109730, As005G109810	evm.model.RL_4.1698
OG0001587	As005G113630, As005G113750, As005G113720	evm.model.RL_4.1438
OG0001588	As010G223930	evm.model.RL_7.1692, evm.model.RL_6.1037, evm.model.RL_7.1465
OG0001589	As005G116400	evm.model.RL_8.2417
OG0001590	As012G281820	evm.model.RL_7.822
OG0001590	As006G143440, As005G118810	evm.model.RL_8.2667
OG0001591	As006G123270	evm.model.RL_5.148, evm.model.RL_8.270
OG0001592	As008G197260	evm.model.RL_5.184
OG0001592	As006G123590, As006G123580	evm.model.RL_8.317
OG0001593	As006G125280	evm.model.RL_6.1428
OG0001593	As008G196140	evm.model.RL_5.299
OG0001594	As006G126140	evm.model.RL_6.1328
OG0001595	As006G136270, As006G136260, As006G136250	evm.model.RL_1.243, evm.model.RL_1.242
OG0001596	As009G204010	evm.model.RL_4.1836
OG0001596	As006G137150	evm.model.RL_1.306
OG0001597	As009G205500, As006G139340	evm.model.RL_4.1109, evm.model.RL_1.522
OG0001598	As006G139870	evm.model.RL_1.563
OG0001598	As009G204700	evm.model.RL_4.1766
OG0001599	As006G141340, As006G141350	evm.model.RL_4.781, evm.model.RL_1.707
OG0001600	As006G145110	evm.model.RL_6.1748, evm.model.RL_7.1090
OG0001601	As007G154270	evm.model.RL_5.1611
OG0001601	As010G240560	evm.model.RL_3.1717
OG0001602	As007G157510	evm.model.RL_5.3600, evm.model.RL_3.2128
OG0001603	As010G233600	evm.model.RL_3.1459
OG0001603	As007G159420	evm.model.RL_5.3438
OG0001604	As007G159450	evm.model.RL_5.3434.1.687c88c2
OG0001605	As007G159480	evm.model.RL_5.3431
OG0001605	As010G233470	evm.model.RL_3.1447.1.687c84bc
OG0001606	As007G179370	evm.model.RL_6.250
OG0001606	As007G179310, As007G179300, As007G179340, As007G179380	evm.model.RL_6.249
OG0001607	As008G184640	evm.model.RL_5.1122, evm.model.RL_3.185
OG0001608	As008G186120, As008G186140	evm.model.RL_5.998, evm.model.RL_5.996
OG0001609	As009G204900	evm.model.RL_4.1747
OG0001609	As008G197240	evm.model.RL_5.186
OG0001610	As009G214300	evm.model.RL_1.973, evm.model.RL_4.3060
OG0001612	As011G245190	evm.model.RL_1.1241
OG0001612	As012G268200	evm.model.RL_3.880
OG0001613	As012G270010	evm.model.RL_5.3770
OG0001613	As011G247430	evm.model.RL_1.1453
OG0001615	As011G261220	evm.model.RL_6.1260
OG0001616	As011G264510	evm.model.RL_1.2938, evm.model.RL_2.3073
OG0001617	As011G266230	evm.model.RL_1.3133, evm.model.RL_2.2491
OG0001618	As012G267820	evm.model.RL_5.3995
OG0001619	As012G276530	evm.model.RL_7.1091, evm.model.RL_6.1747
OG0001642	As011G262450	evm.model.RL_1.2720
OG0001642	As001G012500	evm.model.RL_2.2903
OG0001643	As011G263530	evm.model.RL_1.2838
OG0001643	As001G014740	evm.model.RL_2.3017
OG0001644	As001G021040	evm.model.RL_3.384
OG0001644	As008G186840	evm.model.RL_5.938
OG0001645	As001G024450	evm.model.RL_7.2482
OG0001646	As001G025330	evm.model.RL_7.2381
OG0001646	As008G184320	evm.model.RL_5.1158
OG0001647	As005G112760	evm.model.RL_2.81
OG0001647	As001G026040	evm.model.RL_7.2311
OG0001648	As004G097600	evm.model.RL_2.67
OG0001648	As001G026180	evm.model.RL_7.2288
OG0001649	As004G078610	evm.model.RL_2.244
OG0001649	As001G027380	evm.model.RL_7.2153
OG0001650	As001G028040	evm.model.RL_7.2057.1.687c84bb
OG0001650	As004G078090	evm.model.RL_2.309, evm.model.RL_2.311
OG0001651	As002G032930	evm.model.RL_2.2144
OG0001652	As002G034080	evm.model.RL_1.831
OG0001652	As005G107010	evm.model.RL_4.3337
OG0001653	As002G034830	evm.model.RL_1.890
OG0001653	As004G080660	evm.model.RL_8.925
OG0001654	As005G108360	evm.model.RL_4.3185
OG0001654	As002G034960	evm.model.RL_1.899
OG0001655	As009G213200	evm.model.RL_4.2991
OG0001655	As002G036620	evm.model.RL_1.1018
OG0001656	As002G039040	evm.model.RL_1.1143
OG0001657	As006G132670	evm.model.RL_2.2216
OG0001657	As002G046680	evm.model.RL_8.1581
OG0001658	As002G047020	evm.model.RL_8.1611, evm.model.RL_2.2201
OG0001659	As002G055320	evm.model.RL_4.2805, evm.model.RL_4.2807
OG0001660	As003G058550	evm.model.RL_2.1578
OG0001661	As004G084980	evm.model.RL_8.565
OG0001661	As003G060770	evm.model.RL_2.1784
OG0001662	As003G060900	evm.model.RL_2.1796, evm.model.RL_3.214
OG0001662	As004G084850	evm.model.RL_8.582
OG0001663	As003G062880, As004G083340	evm.model.RL_8.782
OG0001663	As007G158950	evm.model.RL_5.3483
OG0001664	As012G275120	evm.model.RL_6.1557
OG0001664	As003G070920	evm.model.RL_5.2895
OG0001665	As012G274990	evm.model.RL_6.1566
OG0001666	As003G072130	evm.model.RL_2.3108
OG0001666	As011G264730	evm.model.RL_1.2955
OG0001667	As007G179670	evm.model.RL_6.224
OG0001668	As003G073870	evm.model.RL_2.3272
OG0001668	As007G179790	evm.model.RL_6.207
OG0001669	As007G180470	evm.model.RL_6.119
OG0001669	As003G074980	evm.model.RL_2.3368
OG0001670	As003G075970	evm.model.RL_2.3441
OG0001670	As007G181810	evm.model.RL_6.33, evm.model.RL_3.718
OG0001671	As004G080500	evm.model.RL_5.2451, evm.model.RL_8.871
OG0001672	As009G214760	evm.model.RL_5.3119
OG0001673	As004G092150, As011G259110	evm.model.RL_2.608
OG0001674	As004G095240	evm.model.RL_2.935, evm.model.RL_2.936
OG0001675	As005G100000	evm.model.RL_6.2847
OG0001677	As012G285380	evm.model.RL_7.421
OG0001677	As005G104070	evm.model.RL_6.2449
OG0001678	As012G285040	evm.model.RL_7.483.1.687c84b4
OG0001678	As005G104530	evm.model.RL_6.2409
OG0001679	As012G284790	evm.model.RL_7.510
OG0001679	As005G104840	evm.model.RL_6.2375
OG0001681	As005G120190	evm.model.RL_8.2800
OG0001681	As010G220710	evm.model.RL_7.1302
OG0001682	As006G123800	evm.model.RL_8.333
OG0001682	As008G197100	evm.model.RL_5.168, evm.model.RL_5.205
OG0001683	As006G124600	evm.model.RL_4.476
OG0001684	As006G125200	evm.model.RL_4.543
OG0001684	As008G196190	evm.model.RL_5.293
OG0001685	As008G196160	evm.model.RL_5.296.5.687c88ab
OG0001685	As006G125210	evm.model.RL_4.544
OG0001686	As006G125380	evm.model.RL_6.1419
OG0001686	As008G196070	evm.model.RL_5.302
OG0001687	As006G125460	evm.model.RL_6.1399
OG0001688	As008G193980	evm.model.RL_5.474
OG0001688	As006G127480	evm.model.RL_6.1213
OG0001689	As006G127840	evm.model.RL_5.520
OG0001689	As008G193490	evm.model.RL_6.1169
OG0001690	As006G128090	evm.model.RL_6.1137
OG0001690	As008G193250	evm.model.RL_5.538
OG0001691	As008G193060	evm.model.RL_5.559
OG0001691	As006G128380	evm.model.RL_6.1104
OG0001692	As006G128520	evm.model.RL_6.1092
OG0001693	As008G192240	evm.model.RL_5.610
OG0001694	As009G202860	evm.model.RL_4.1950
OG0001695	As008G190150	evm.model.RL_5.724.1.687c88ae
OG0001695	As006G137700	evm.model.RL_1.365
OG0001696	As009G206860, As006G138230	evm.model.RL_4.1005, evm.model.RL_1.428
OG0001697	As006G140340	evm.model.RL_1.610.2.687c87eb
OG0001697	As009G207580	evm.model.RL_4.922
OG0001698	As006G143090	evm.model.RL_6.2103
OG0001698	As012G282250	evm.model.RL_7.781
OG0001699	As012G277290	evm.model.RL_7.1010, evm.model.RL_7.1028
OG0001699	As006G146140	evm.model.RL_6.1842
OG0001700	As010G242590	evm.model.RL_4.504, evm.model.RL_3.2325
OG0001700	As007G152930	evm.model.RL_5.1492
OG0001701	As007G156550	evm.model.RL_5.3694
OG0001701	As010G237360	evm.model.RL_3.2028
OG0001702	As010G236450	evm.model.RL_3.2106
OG0001702	As007G157320	evm.model.RL_5.3612
OG0001703	As007G157920	evm.model.RL_5.3566
OG0001703	As010G235780	evm.model.RL_3.2166
OG0001704	As007G158980	evm.model.RL_5.3480
OG0001704	As010G234260	evm.model.RL_3.1546
OG0001705	As007G159350	evm.model.RL_5.3444, evm.model.RL_3.1465
OG0001706	As010G227390	evm.model.RL_5.3158
OG0001707	As008G182520	evm.model.RL_5.2917
OG0001708	As009G205470	evm.model.RL_4.1111, evm.model.RL_1.523
OG0001709	As009G219330	evm.model.RL_8.2364
OG0001709	As010G223090	evm.model.RL_7.1574
OG0001710	As010G236530	evm.model.RL_5.2450
OG0001711	As012G274730	evm.model.RL_2.1119
OG0001712	As012G272750	evm.model.RL_5.2066
OG0001712	As011G251230	evm.model.RL_1.1820
OG0001713	As012G272600	evm.model.RL_5.2048
OG0001713	As011G251610	evm.model.RL_1.1856
OG0001714	As011G252860	evm.model.RL_1.1979.1.687c87ee, evm.model.RL_5.1966
OG0001715	As011G256690	evm.model.RL_1.2354, evm.model.RL_1.2352, evm.model.RL_1.2335
OG0001730	As001G000160	evm.model.RL_2.204, evm.model.RL_2.2341
OG0001731	As001G002080	evm.model.RL_2.2529
OG0001732	As001G002180	evm.model.RL_2.2535
OG0001733	As001G002610	evm.model.RL_2.2569
OG0001733	As007G178980	evm.model.RL_6.284
OG0001734	As001G003070	evm.model.RL_2.2601
OG0001734	As001G003060	evm.model.RL_6.306
OG0001735	As011G262440	evm.model.RL_1.2719
OG0001735	As001G012490	evm.model.RL_2.2902
OG0001736	As001G015660	evm.model.RL_2.3061
OG0001737	As004G078750	evm.model.RL_6.1589
OG0001737	As001G015720	evm.model.RL_5.2826
OG0001738	As001G016990, As004G079600	evm.model.RL_6.1622
OG0001739	As001G019330	evm.model.RL_3.621
OG0001739	As008G188120	evm.model.RL_5.822
OG0001740	As001G019770	evm.model.RL_3.562
OG0001740	As008G187740	evm.model.RL_5.861
OG0001741	As001G020250	evm.model.RL_5.902.5.687c88b0, evm.model.RL_3.532
OG0001742	As011G257950, As011G257920, As011G257860	evm.model.RL_1.2421, evm.model.RL_1.2424
OG0001743	As001G021590	evm.model.RL_5.980
OG0001743	As008G186310	evm.model.RL_3.355
OG0001744	As001G025880	evm.model.RL_2.99, evm.model.RL_7.2327
OG0001745	As001G026390	evm.model.RL_7.2267
OG0001745	As004G097440	evm.model.RL_2.48
OG0001746	As004G096870, As001G027100, As001G027120	evm.model.RL_7.2193
OG0001748	As004G077690	evm.model.RL_2.384
OG0001748	As001G028450	evm.model.RL_3.1080
OG0001749	As001G030640	evm.model.RL_3.50
OG0001749	As004G098210	evm.model.RL_2.171
OG0001750	As004G097820	evm.model.RL_2.126
OG0001750	As001G031300	evm.model.RL_3.151
OG0001751	As002G037600	evm.model.RL_1.1088
OG0001751	As009G212190	evm.model.RL_4.2898
OG0001752	As002G038710	evm.model.RL_7.1509
OG0001753	As002G038810	evm.model.RL_1.1131
OG0001753	As009G211390	evm.model.RL_4.2853
OG0001754	As002G042850	evm.model.RL_8.1211, evm.model.RL_2.2020
OG0001755	As007G165920, As002G044370	evm.model.RL_2.2086, evm.model.RL_8.1356.1.687c855b
OG0001756	As002G045020	evm.model.RL_8.1392, evm.model.RL_2.2299
OG0001757	As006G134330	evm.model.RL_2.2178
OG0001758	As002G050810	evm.model.RL_4.1707, evm.model.RL_4.2337
OG0001759	As002G054860	evm.model.RL_4.2751, evm.model.RL_8.2180.1.687c855f, evm.model.RL_8.2181
OG0001760	As003G055950	evm.model.RL_2.1310
OG0001760	As004G089920	evm.model.RL_4.87
OG0001761	As004G088340	evm.model.RL_4.241
OG0001762	As003G057400	evm.model.RL_2.1453
OG0001762	As004G088150	evm.model.RL_4.261
OG0001763	As003G058120	evm.model.RL_2.1542, evm.model.RL_2.933
OG0001764	As004G085570	evm.model.RL_8.490
OG0001764	As003G060240	evm.model.RL_2.1722
OG0001765	As003G061750	evm.model.RL_8.663, evm.model.RL_8.662
OG0001766	As004G083700	evm.model.RL_8.739
OG0001767	As010G234740	evm.model.RL_3.1585.3.687c84bc
OG0001767	As003G063410	evm.model.RL_5.2533
OG0001768	As004G081770, As003G068330	evm.model.RL_6.1437, evm.model.RL_5.3090
OG0001769	As011G264820	evm.model.RL_1.2970
OG0001769	As003G072320	evm.model.RL_2.3132
OG0001770	As003G073930	evm.model.RL_8.2700
OG0001770	As010G221370	evm.model.RL_7.1401
OG0001771	As007G179930	evm.model.RL_6.186
OG0001771	As003G074120	evm.model.RL_2.3293
OG0001772	As003G076250	evm.model.RL_2.3469
OG0001773	As004G081020	evm.model.RL_8.1343, evm.model.RL_6.1524
OG0001774	As004G082040	evm.model.RL_4.576
OG0001775	As004G085690	evm.model.RL_2.1705
OG0001776	As004G087730	evm.model.RL_4.321, evm.model.RL_4.305
OG0001777	As004G097230	evm.model.RL_8.172, evm.model.RL_8.173, evm.model.RL_2.24
OG0001778	As005G099210	evm.model.RL_6.2917, evm.model.RL_7.82
OG0001779	As012G288510	evm.model.RL_7.99
OG0001779	As005G099320	evm.model.RL_6.2909
OG0001780	As005G102040	evm.model.RL_6.2642
OG0001781	As012G286010	evm.model.RL_7.354
OG0001781	As005G102880	evm.model.RL_6.2559
OG0001782	As005G104290	evm.model.RL_6.2427
OG0001784	As005G119200	evm.model.RL_8.2709
OG0001784	As010G221340	evm.model.RL_7.1403
OG0001785	As006G121560	evm.model.RL_8.56
OG0001785	As008G198980	evm.model.RL_8.2867.2.687c8563
OG0001786	As008G198930	evm.model.RL_5.30
OG0001786	As006G122000	evm.model.RL_8.123
OG0001787	As006G122800	evm.model.RL_8.174
OG0001787	As008G197950	evm.model.RL_5.90.4.687c88a9
OG0001788	As006G123000	evm.model.RL_8.238, evm.model.RL_5.122
OG0001789	As006G123310	evm.model.RL_8.275
OG0001790	As006G127300	evm.model.RL_6.1233
OG0001792	As006G128330	evm.model.RL_6.1112
OG0001792	As008G193120	evm.model.RL_5.553
OG0001793	As008G193020	evm.model.RL_5.570
OG0001793	As006G128540	evm.model.RL_6.1090
OG0001794	As008G192750	evm.model.RL_5.594
OG0001795	As006G135530, As009G201960	evm.model.RL_1.169, evm.model.RL_4.2033
OG0001796	As009G203040	evm.model.RL_4.1927
OG0001797	As009G203550	evm.model.RL_4.1883
OG0001797	As006G136600	evm.model.RL_1.274
OG0001798	As009G205220	evm.model.RL_4.1131
OG0001798	As006G139450	evm.model.RL_1.530
OG0001799	As009G206190	evm.model.RL_4.1048, evm.model.RL_5.1092
OG0001799	As006G139460	evm.model.RL_1.531
OG0001800	As006G140000	evm.model.RL_1.575
OG0001800	As009G204500	evm.model.RL_4.1789
OG0001801	As009G208280	evm.model.RL_4.868
OG0001801	As006G140650	evm.model.RL_1.642
OG0001803	As006G145030	evm.model.RL_6.1738
OG0001803	As012G276500	evm.model.RL_7.1094
OG0001805	As010G242220	evm.model.RL_3.2291
OG0001805	As007G153250	evm.model.RL_5.1526
OG0001806	As010G241430	evm.model.RL_3.1627
OG0001806	As007G153740	evm.model.RL_5.1571
OG0001807	As007G155820	evm.model.RL_6.1666, evm.model.RL_5.1784
OG0001808	As010G237420	evm.model.RL_3.2021
OG0001808	As007G156490	evm.model.RL_5.3698
OG0001809	As010G233120	evm.model.RL_3.1401
OG0001809	As007G160050	evm.model.RL_5.3368
OG0001810	As007G160680	evm.model.RL_5.3292
OG0001811	As007G161490	evm.model.RL_3.1197, evm.model.RL_5.3213
OG0001812	As010G229440	evm.model.RL_3.1182
OG0001812	As007G161600	evm.model.RL_5.3203
OG0001814	As007G180770	evm.model.RL_6.75
OG0001816	As009G206600	evm.model.RL_4.1026
OG0001817	As009G213110	evm.model.RL_4.2985, evm.model.RL_1.1025
OG0001818	As010G221840	evm.model.RL_7.1456
OG0001818	As009G216230	evm.model.RL_4.1280
OG0001819	As010G220640	evm.model.RL_8.2809, evm.model.RL_7.1291
OG0001820	As010G222410	evm.model.RL_7.1507_evm.model.RL_7.1508
OG0001821	As012G270690	evm.model.RL_5.3706
OG0001821	As011G248150	evm.model.RL_1.1520
OG0001823	As011G267030	evm.model.RL_1.3207
OG0001824	As012G277520	evm.model.RL_6.1829, evm.model.RL_7.1016
OG0001825	As012G282110	evm.model.RL_7.793
OG0001826	As012G283200	evm.model.RL_7.690
OG0001828	As012G286120	evm.model.RL_6.2586, evm.model.RL_6.2589, evm.model.RL_7.345.6.687c84b4
OG0001844	As001G001080	evm.model.RL_2.2444
OG0001846	As011G264180	evm.model.RL_1.2890
OG0001846	As001G015540	evm.model.RL_2.3050
OG0001847	As001G017560	evm.model.RL_2.1240
OG0001847	As001G017570	evm.model.RL_2.1238
OG0001848	As001G020410	evm.model.RL_3.499
OG0001848	As008G187140	evm.model.RL_5.910
OG0001850	As001G025970	evm.model.RL_2.84, evm.model.RL_7.2318
OG0001851	As001G026330, As004G097510	evm.model.RL_2.57, evm.model.RL_7.2277
OG0001852	As004G078430	evm.model.RL_2.270
OG0001852	As001G027590	evm.model.RL_7.2131
OG0001853	As001G028700	evm.model.RL_3.1039
OG0001854	As001G029220, As001G029200, As001G029210, As012G276250	evm.model.RL_3.967
OG0001855	As001G029430	evm.model.RL_3.929
OG0001856	As001G032090	evm.model.RL_3.246
OG0001856	As008G185290	evm.model.RL_5.1074
OG0001857	As002G032760	evm.model.RL_2.2128
OG0001857	As002G048690	evm.model.RL_8.1778.1.687c855d
OG0001858	As005G109210	evm.model.RL_4.3113
OG0001858	As002G035530	evm.model.RL_1.935
OG0001859	As002G035950	evm.model.RL_1.962
OG0001859	As009G214550	evm.model.RL_4.3080
OG0001860	As009G213100	evm.model.RL_4.2984
OG0001861	As002G037140	evm.model.RL_1.1036
OG0001861	As009G212960	evm.model.RL_4.2962
OG0001862	As009G211910	evm.model.RL_4.2888
OG0001862	As002G046460, As002G037820	evm.model.RL_1.1096
OG0001863	As007G164570	evm.model.RL_2.2038
OG0001863	As002G043410	evm.model.RL_8.1249
OG0001864	As002G046260	evm.model.RL_8.1536, evm.model.RL_2.2241
OG0001865	As002G046430	evm.model.RL_8.1553
OG0001865	As006G132520	evm.model.RL_2.2233.3.687c86e5
OG0001866	As002G046650	evm.model.RL_8.1578
OG0001866	As006G132650	evm.model.RL_2.2218
OG0001867	As002G049160	evm.model.RL_8.1824, evm.model.RL_2.2099
OG0001868	As002G051160, As005G109830	evm.model.RL_4.1700
OG0001869	As005G118670	evm.model.RL_8.2649
OG0001869	As002G052660	evm.model.RL_4.2527
OG0001870	As002G052840	evm.model.RL_8.2625
OG0001870	As005G118470	evm.model.RL_4.2537
OG0001871	As005G118300	evm.model.RL_8.2605, evm.model.RL_8.2626
OG0001871	As002G053270	evm.model.RL_4.2577, evm.model.RL_4.2576
OG0001872	As002G053430	evm.model.RL_4.2592
OG0001873	As004G079370, As010G237170, As002G053740	evm.model.RL_4.2632, evm.model.RL_4.2633
OG0001874	As002G054100	evm.model.RL_4.2671
OG0001875	As002G054680	evm.model.RL_4.2730
OG0001875	As009G217400	evm.model.RL_4.1414
OG0001876	As002G054840	evm.model.RL_8.2171, evm.model.RL_4.2749
OG0001877	As002G055330	evm.model.RL_4.2808
OG0001878	As004G091220	evm.model.RL_4.65
OG0001879	As004G089290, As003G056220	evm.model.RL_2.1347
OG0001879	As003G056320, As012G271310	evm.model.RL_4.155, evm.model.RL_4.143, evm.model.RL_4.145
OG0001880	As003G056580, As003G056590	evm.model.RL_2.1375
OG0001881	As010G228130, As003G064030, As003G058940	evm.model.RL_2.1609
OG0001882	As004G086070	evm.model.RL_8.429
OG0001882	As003G059590	evm.model.RL_2.1659
OG0001883	As004G085890	evm.model.RL_8.450
OG0001884	As007G151870	evm.model.RL_5.1371
OG0001884	As003G060870	evm.model.RL_3.503
OG0001885	As003G062560	evm.model.RL_5.2644
OG0001885	As004G083710	evm.model.RL_8.738
OG0001886	As003G063880	evm.model.RL_5.2462
OG0001886	As004G080230	evm.model.RL_8.835
OG0001887	As003G064240	evm.model.RL_8.920, evm.model.RL_5.2413
OG0001888	As003G069790, As004G081190	evm.model.RL_6.1502
OG0001889	As011G265390	evm.model.RL_1.3017
OG0001889	As003G072760, As003G072740	evm.model.RL_2.3173
OG0001890	As003G074350	evm.model.RL_2.3310
OG0001891	As004G079520	evm.model.RL_2.2114, evm.model.RL_5.933
OG0001892	As004G082000	evm.model.RL_4.573, evm.model.RL_5.3120
OG0001893	As004G083780, As004G083830	evm.model.RL_8.729
OG0001894	As006G143010, As004G085550	evm.model.RL_8.496
OG0001895	As004G091210	evm.model.RL_4.62, evm.model.RL_4.58, evm.model.RL_4.59, evm.model.RL_4.63
OG0001896	As004G093180	evm.model.RL_1.356
OG0001896	As006G141160	evm.model.RL_1.686
OG0001897	As011G255780	evm.model.RL_1.2287
OG0001897	As004G094870	evm.model.RL_2.893
OG0001898	As004G095870	evm.model.RL_2.1006
OG0001899	As004G096220	evm.model.RL_2.1044
OG0001899	As011G254110	evm.model.RL_1.2125, evm.model.RL_1.2120
OG0001900	As004G098200	evm.model.RL_2.169
OG0001901	As005G099020	evm.model.RL_6.2930
OG0001901	As012G288710	evm.model.RL_7.98
OG0001902	As012G288050	evm.model.RL_7.155
OG0001902	As005G100030	evm.model.RL_6.2845
OG0001903	As012G286750	evm.model.RL_7.302
OG0001903	As005G101970	evm.model.RL_6.2650
OG0001904	As005G102050	evm.model.RL_6.2641
OG0001905	As012G285960	evm.model.RL_7.364
OG0001905	As005G103020	evm.model.RL_6.2541
OG0001906	As012G285370	evm.model.RL_7.422
OG0001906	As005G104090	evm.model.RL_6.2447
OG0001907	As010G222720	evm.model.RL_7.1535
OG0001909	As008G198070	evm.model.RL_5.107
OG0001910	As006G124200	evm.model.RL_8.377
OG0001910	As008G196870	evm.model.RL_5.223
OG0001911	As006G125080	evm.model.RL_4.536
OG0001911	As008G196240	evm.model.RL_5.290
OG0001912	As006G126470	evm.model.RL_6.1296
OG0001912	As008G194820	evm.model.RL_5.409
OG0001913	As008G194510	evm.model.RL_5.428
OG0001914	As006G127230	evm.model.RL_6.1239
OG0001915	As006G127440	evm.model.RL_6.1217
OG0001915	As008G194000	evm.model.RL_5.473
OG0001916	As006G128760	evm.model.RL_6.1059
OG0001917	As006G129560	evm.model.RL_6.973
OG0001918	As006G131460, As006G131480	evm.model.RL_1.2265, evm.model.RL_4.785
OG0001919	As009G200030	evm.model.RL_4.2187
OG0001920	As006G135730	evm.model.RL_4.1999, evm.model.RL_1.192
OG0001921	As009G202390	evm.model.RL_4.1996
OG0001921	As006G135780	evm.model.RL_1.198
OG0001922	As006G139010	evm.model.RL_1.491
OG0001922	As009G205870	evm.model.RL_4.1073
OG0001923	As006G143780	evm.model.RL_6.2043
OG0001924	As006G145930	evm.model.RL_7.1040, evm.model.RL_6.1854
OG0001926	As006G147410	evm.model.RL_6.1923
OG0001926	As012G278430	evm.model.RL_7.1203
OG0001927	As010G243720	evm.model.RL_3.2431
OG0001927	As007G152220	evm.model.RL_5.1419
OG0001928	As010G241680	evm.model.RL_3.2242
OG0001928	As007G153570	evm.model.RL_5.1558
OG0001929	As007G154160	evm.model.RL_3.1705
OG0001930	As007G155140	evm.model.RL_5.1705
OG0001930	As010G239150	evm.model.RL_3.1852
OG0001931	As010G238790	evm.model.RL_3.1887.2.687c84bd
OG0001931	As007G155320	evm.model.RL_5.1726
OG0001932	As007G155730	evm.model.RL_5.1771
OG0001932	As010G238480	evm.model.RL_3.1923
OG0001933	As007G157160	evm.model.RL_5.3626
OG0001934	As007G158150	evm.model.RL_5.3548
OG0001934	As010G235460	evm.model.RL_3.2197
OG0001935	As007G159310	evm.model.RL_5.3449
OG0001936	As007G160030	evm.model.RL_2.2423
OG0001937	As007G160520	evm.model.RL_5.3313
OG0001937	As010G232650	evm.model.RL_3.1342
OG0001939	As007G180980	evm.model.RL_6.47, evm.model.RL_3.2
OG0001940	As009G200550	evm.model.RL_4.3151_evm.model.RL_4.3152
OG0001941	As009G204950, As009G204960	evm.model.RL_4.1743
OG0001942	As012G269080, As012G281590, As012G269060	evm.model.RL_2.820, evm.model.RL_1.1314, evm.model.RL_8.726, evm.model.RL_8.725
OG0001943	As009G212210	evm.model.RL_3.680
OG0001944	As009G212500	evm.model.RL_1.1063, evm.model.RL_4.2922
OG0001945	As010G221720	evm.model.RL_7.1442
OG0001946	As010G222400	evm.model.RL_7.1506
OG0001947	As010G225810	evm.model.RL_7.1856, evm.model.RL_7.1853, evm.model.RL_7.1854
OG0001948	As010G226330	evm.model.RL_4.1496, evm.model.RL_7.1927
OG0001949	As010G227300	evm.model.RL_7.1933, evm.model.RL_7.1938
OG0001950	As011G245930	evm.model.RL_1.1312
OG0001950	As012G269040	evm.model.RL_5.3885
OG0001951	As011G247100	evm.model.RL_1.1415, evm.model.RL_5.3790.1.687c88c5
OG0001952	As011G248940	evm.model.RL_1.1599
OG0001953	As011G251400	evm.model.RL_1.1837
OG0001953	As012G272660	evm.model.RL_5.2056
OG0001954	As011G253050	evm.model.RL_1.2002
OG0001955	As011G253690	evm.model.RL_5.1904.2.687c88b7, evm.model.RL_1.2047
OG0001956	As011G262750	evm.model.RL_1.2761
OG0001958	As012G285290	evm.model.RL_1.2688, evm.model.RL_1.2689
OG0001971	As001G001000	evm.model.RL_2.2434
OG0001971	As011G266510	evm.model.RL_1.3157
OG0001972	As001G002350	evm.model.RL_2.2548
OG0001972	As011G265560	evm.model.RL_1.3055
OG0001973	As001G003210	evm.model.RL_2.2607
OG0001973	As007G178320	evm.model.RL_6.314
OG0001974	As007G178030	evm.model.RL_6.336
OG0001974	As001G003630	evm.model.RL_2.2649
OG0001975	As011G262160	evm.model.RL_1.2679
OG0001976	As011G263480	evm.model.RL_1.2831
OG0001977	As004G083090	evm.model.RL_6.1662
OG0001977	As001G017810	evm.model.RL_2.1216
OG0001978	As001G021620	evm.model.RL_3.348
OG0001978	As008G186230	evm.model.RL_5.988
OG0001979	As001G023520	evm.model.RL_7.2587
OG0001979	As008G182890	evm.model.RL_5.1297
OG0001980	As001G023690	evm.model.RL_7.2568
OG0001980	As008G183040	evm.model.RL_5.1279
OG0001981	As008G184280	evm.model.RL_5.1162
OG0001981	As001G025280	evm.model.RL_7.2387.1.687c84bc
OG0001982	As001G025560	evm.model.RL_7.2359
OG0001982	As008G184440	evm.model.RL_5.1145.1.687c88b2
OG0001983	As001G026070	evm.model.RL_7.2309
OG0001983	As005G112750	evm.model.RL_2.78
OG0001984	As001G026200	evm.model.RL_7.2284.2.687c84bc
OG0001984	As004G097590	evm.model.RL_2.66
OG0001985	As003G060640	evm.model.RL_2.1772
OG0001986	As012G283190	evm.model.RL_7.691
OG0001986	As002G033250	evm.model.RL_6.2238
OG0001987	As005G109150	evm.model.RL_4.3117
OG0001987	As002G035510	evm.model.RL_1.933.1.687c87eb
OG0001988	As002G037170, As012G276490	evm.model.RL_1.1033
OG0001989	As002G037240, As002G037260	evm.model.RL_1.1051, evm.model.RL_4.2934
OG0001990	As002G046030	evm.model.RL_8.1519
OG0001990	As006G132420	evm.model.RL_2.2247
OG0001991	As002G046910	evm.model.RL_2.2205
OG0001992	As002G047670, As006G134320	evm.model.RL_2.2177
OG0001993	As002G047890	evm.model.RL_8.1690
OG0001993	As006G134180	evm.model.RL_2.2165
OG0001994	As002G049230	evm.model.RL_8.1831, evm.model.RL_2.2096
OG0001995	As002G051030	evm.model.RL_4.2363.1.687c86d9, evm.model.RL_4.1704
OG0001996	As002G051550	evm.model.RL_4.2415, evm.model.RL_4.1154
OG0001997	As007G179950	evm.model.RL_6.184
OG0001998	As002G053810	evm.model.RL_4.2643
OG0001998	As005G117250	evm.model.RL_8.2505
OG0001999	As002G055150	evm.model.RL_4.2785
OG0002000	As009G218350	evm.model.RL_8.2252
OG0002000	As002G055410	evm.model.RL_4.2815
OG0002001	As004G089230	evm.model.RL_4.135
OG0002001	As003G056260	evm.model.RL_2.1339
OG0002002	As003G058140, As004G087210	evm.model.RL_2.1545
OG0002003	As003G060220	evm.model.RL_2.1720
OG0002003	As004G085600	evm.model.RL_8.484
OG0002004	As004G084930	evm.model.RL_8.570
OG0002004	As003G060850	evm.model.RL_2.1791
OG0002005	As004G084290	evm.model.RL_8.668
OG0002005	As003G061860	evm.model.RL_2.1888
OG0002006	As003G061930	evm.model.RL_2.1897
OG0002006	As004G084140	evm.model.RL_3.841, evm.model.RL_8.681
OG0002007	As004G084150	evm.model.RL_3.845, evm.model.RL_8.682
OG0002007	As003G061950	evm.model.RL_2.1899
OG0002008	As004G083850	evm.model.RL_8.721
OG0002008	As003G062340	evm.model.RL_5.2680
OG0002009	As003G065730	evm.model.RL_5.2260
OG0002010	As003G069430	evm.model.RL_6.1492
OG0002011	As003G069960	evm.model.RL_5.2991, evm.model.RL_6.1515
OG0002012	As011G264500	evm.model.RL_1.2937
OG0002012	As003G071790	evm.model.RL_2.3072
OG0002013	As011G264560	evm.model.RL_1.2943
OG0002013	As003G071910	evm.model.RL_2.3083
OG0002014	As003G072220	evm.model.RL_2.3119, evm.model.RL_1.2961
OG0002015	As003G073000	evm.model.RL_1.3041, evm.model.RL_2.3195
OG0002016	As007G179840	evm.model.RL_6.198
OG0002016	As003G073990	evm.model.RL_2.3281_evm.model.RL_2.3282.1.687c9a00
OG0002017	As003G074630	evm.model.RL_1.1371
OG0002017	As007G180300	evm.model.RL_6.142
OG0002018	As007G180950	evm.model.RL_6.53
OG0002018	As003G075740	evm.model.RL_2.3421
OG0002019	As004G079010, As004G079040	evm.model.RL_6.1651
OG0002021	As004G084130	evm.model.RL_2.1907, evm.model.RL_3.849, evm.model.RL_8.689
OG0002022	As004G088650	evm.model.RL_5.1594, evm.model.RL_4.209
OG0002023	As011G254830	evm.model.RL_1.2184
OG0002023	As004G095790	evm.model.RL_2.992
OG0002024	As004G096090	evm.model.RL_2.1031
OG0002024	As011G254270	evm.model.RL_1.2137
OG0002026	As012G286200	evm.model.RL_7.335
OG0002027	As012G283860	evm.model.RL_7.635
OG0002027	As005G105970	evm.model.RL_6.2288
OG0002028	As006G129780, As005G114290	evm.model.RL_7.1815
OG0002029	As008G198670	evm.model.RL_5.39
OG0002029	As006G122080	evm.model.RL_8.130
OG0002030	As006G123400	evm.model.RL_8.281
OG0002030	As008G197470	evm.model.RL_5.162
OG0002031	As008G195950, As006G125520	evm.model.RL_5.315, evm.model.RL_6.1406
OG0002032	As006G125680	evm.model.RL_6.1318
OG0002032	As008G194980	evm.model.RL_5.392
OG0002033	As008G193380	evm.model.RL_5.528
OG0002033	As006G127930	evm.model.RL_6.1156
OG0002034	As006G129090	evm.model.RL_5.604, evm.model.RL_6.1014
OG0002035	As006G134600	evm.model.RL_2.2190, evm.model.RL_8.1621
OG0002036	As009G201600	evm.model.RL_4.2057
OG0002036	As006G135320	evm.model.RL_1.143
OG0002037	As009G201610	evm.model.RL_4.2056
OG0002037	As006G135340	evm.model.RL_1.145
OG0002038	As011G248890	evm.model.RL_1.1591
OG0002039	As012G282060	evm.model.RL_7.800
OG0002039	As006G143240	evm.model.RL_6.2090
OG0002040	As006G145140	evm.model.RL_6.1752
OG0002040	As012G276560	evm.model.RL_7.1089
OG0002041	As006G145740	evm.model.RL_6.1871
OG0002041	As012G277090	evm.model.RL_7.1052
OG0002042	As006G148500	evm.model.RL_6.1945, evm.model.RL_6.1944, evm.model.RL_6.1986
OG0002043	As007G151940	evm.model.RL_5.2127
OG0002044	As007G152130	evm.model.RL_5.1407, evm.model.RL_5.1406
OG0002045	As007G152270	evm.model.RL_5.1425
OG0002045	As010G243670	evm.model.RL_3.2424
OG0002046	As007G152480	evm.model.RL_5.1454
OG0002046	As010G243220	evm.model.RL_3.2382
OG0002047	As007G152970	evm.model.RL_5.1496
OG0002047	As010G242530	evm.model.RL_3.2320
OG0002048	As007G153870	evm.model.RL_5.1583
OG0002048	As010G241130, As010G241120	evm.model.RL_3.1654.1.687c84bc
OG0002049	As010G240580	evm.model.RL_3.1715
OG0002049	As007G154260	evm.model.RL_5.1610
OG0002050	As007G156920	evm.model.RL_5.3657
OG0002050	As010G237010	evm.model.RL_3.2057
OG0002051	As007G157010	evm.model.RL_5.3648
OG0002052	As007G157110	evm.model.RL_5.3634
OG0002052	As010G236740	evm.model.RL_3.2079
OG0002053	As007G157350	evm.model.RL_5.3623, evm.model.RL_5.3610
OG0002053	As010G236420	evm.model.RL_3.2109
OG0002054	As007G159150	evm.model.RL_5.3466
OG0002054	As010G234050	evm.model.RL_3.1520
OG0002055	As007G159360	evm.model.RL_5.3443
OG0002055	As010G233640	evm.model.RL_3.1464
OG0002056	As007G166910	evm.model.RL_6.471
OG0002057	As007G167240	evm.model.RL_6.424
OG0002059	As008G195200	evm.model.RL_5.375
OG0002060	As010G233260	evm.model.RL_3.1424
OG0002060	As009G200610	evm.model.RL_4.2145.1.687c86d7
OG0002062	As009G217750	evm.model.RL_8.2177, evm.model.RL_8.2178
OG0002063	As009G220000	evm.model.RL_4.2843, evm.model.RL_8.1913
OG0002064	As010G220250	evm.model.RL_7.1240, evm.model.RL_7.1239
OG0002066	As010G236630	evm.model.RL_3.2090
OG0002067	As010G237600	evm.model.RL_3.1999
OG0002068	As010G242610	evm.model.RL_3.2358, evm.model.RL_3.2359
OG0002069	As010G242720	evm.model.RL_3.2336
OG0002070	As010G242940	evm.model.RL_5.1476, evm.model.RL_3.2354
OG0002071	As011G245310	evm.model.RL_1.1250
OG0002071	As012G268370	evm.model.RL_5.3934.2.687c88c6
OG0002072	As012G268720	evm.model.RL_5.3915
OG0002072	As011G245540	evm.model.RL_1.1266
OG0002073	As012G269780	evm.model.RL_5.3796.4.687c88c5
OG0002073	As011G247000	evm.model.RL_1.1406.2.687c87ed
OG0002074	As012G274260	evm.model.RL_2.1172
OG0002074	As011G249220	evm.model.RL_1.1631
OG0002075	As011G266590	evm.model.RL_1.3172
OG0002075	As011G266600, As011G266610	evm.model.RL_1.3161, evm.model.RL_1.3171
OG0002076	As012G267730	evm.model.RL_5.4011
OG0002077	As012G271430	evm.model.RL_5.1914, evm.model.RL_1.2037
OG0002078	As012G282170	evm.model.RL_7.787, evm.model.RL_7.788
OG0002079	As012G289110	evm.model.RL_4.952, evm.model.RL_3.1619, evm.model.RL_4.964
OG0002092	As001G011000	evm.model.RL_8.683
OG0002093	As011G262560	evm.model.RL_1.2726.1.687c87f0
OG0002093	As001G012790	evm.model.RL_2.2948
OG0002095	As011G264280	evm.model.RL_1.2906
OG0002095	As001G015590	evm.model.RL_2.3053
OG0002096	As001G019160	evm.model.RL_3.655
OG0002096	As008G188390	evm.model.RL_5.796
OG0002097	As001G020040	evm.model.RL_3.544
OG0002097	As008G187890	evm.model.RL_5.876
OG0002098	As001G021050, As001G020990	evm.model.RL_3.390, evm.model.RL_3.436
OG0002099	As008G186590	evm.model.RL_5.962
OG0002099	As001G021230	evm.model.RL_3.405
OG0002101	As004G097680	evm.model.RL_2.72
OG0002101	As001G026130	evm.model.RL_7.2303
OG0002102	As008G193520	evm.model.RL_1.708
OG0002103	As001G030420	evm.model.RL_3.26, evm.model.RL_2.193
OG0002104	As001G031080	evm.model.RL_3.103, evm.model.RL_3.105
OG0002104	As004G097980	evm.model.RL_2.140
OG0002105	As001G031610	evm.model.RL_3.181
OG0002106	As001G032220	evm.model.RL_3.261
OG0002106	As008G185350	evm.model.RL_5.1066
OG0002107	As012G283100	evm.model.RL_7.704
OG0002107	As002G033430	evm.model.RL_6.2220
OG0002108	As002G033880	evm.model.RL_1.807
OG0002109	As002G034790	evm.model.RL_4.3331, evm.model.RL_4.3226, evm.model.RL_1.887.1.687c87eb
OG0002110	As002G034840	evm.model.RL_1.892, evm.model.RL_4.3207
OG0002111	As005G109170	evm.model.RL_4.3114
OG0002112	As009G214170	evm.model.RL_4.3039
OG0002112	As002G036200	evm.model.RL_1.984
OG0002114	As002G045310	evm.model.RL_8.1448
OG0002115	As006G134480	evm.model.RL_2.2203
OG0002115	As002G046920	evm.model.RL_8.1603
OG0002116	As002G047280	evm.model.RL_8.1635
OG0002116	As006G134680	evm.model.RL_2.2185
OG0002117	As002G050550	evm.model.RL_4.2313, evm.model.RL_5.3167
OG0002118	As009G214970	evm.model.RL_4.1163
OG0002118	As002G051600	evm.model.RL_4.2421
OG0002119	As002G052490, As009G215680	evm.model.RL_4.2511, evm.model.RL_4.1232
OG0002120	As009G217000	evm.model.RL_4.1368
OG0002120	As002G054310	evm.model.RL_4.2692
OG0002121	As009G218370	evm.model.RL_8.2255
OG0002121	As002G055430	evm.model.RL_4.2817
OG0002122	As004G091050	evm.model.RL_4.49
OG0002122	As003G055700	evm.model.RL_2.1287
OG0002123	As004G088050	evm.model.RL_4.279.2.687c86cd
OG0002123	As003G057490	evm.model.RL_2.1463
OG0002124	As004G087910	evm.model.RL_4.292
OG0002125	As003G058390	evm.model.RL_2.1566
OG0002125	As004G087050	evm.model.RL_4.389
OG0002126	As004G086210	evm.model.RL_8.415
OG0002126	As003G059150	evm.model.RL_2.1635.1.687c86e3
OG0002127	As004G084210	evm.model.RL_8.677
OG0002127	As003G061890	evm.model.RL_2.1893
OG0002128	As004G083870	evm.model.RL_8.718.1.687c8558
OG0002128	As003G062310	evm.model.RL_5.2682.1.687c88bc
OG0002129	As004G083170	evm.model.RL_8.797
OG0002129	As003G063110	evm.model.RL_5.2572
OG0002130	As003G063540	evm.model.RL_6.1208, evm.model.RL_4.334
OG0002131	As003G070530, As007G154020, As007G153030, As008G197820	evm.model.RL_8.236, evm.model.RL_5.124, evm.model.RL_5.1090
OG0002132	As011G264530	evm.model.RL_1.2940
OG0002133	As003G071900	evm.model.RL_2.3081, evm.model.RL_2.3082
OG0002134	As003G072310	evm.model.RL_2.3131
OG0002135	As003G073010	evm.model.RL_1.3042, evm.model.RL_2.3196
OG0002136	As003G076020	evm.model.RL_2.3444
OG0002137	As004G078390	evm.model.RL_2.276_evm.model.RL_2.277
OG0002138	As004G081040	evm.model.RL_6.1522, evm.model.RL_1.2915
OG0002138	As004G081050	evm.model.RL_6.1521
OG0002139	As004G082130	evm.model.RL_4.589
OG0002140	As004G083590	evm.model.RL_8.756, evm.model.RL_8.757, evm.model.RL_8.758
OG0002141	As004G094840	evm.model.RL_2.886
OG0002141	As011G255830	evm.model.RL_1.2290
OG0002142	As012G288880	evm.model.RL_7.63
OG0002142	As005G098660	evm.model.RL_6.2954
OG0002143	As005G098750	evm.model.RL_6.2946
OG0002145	As005G105110	evm.model.RL_6.2332, evm.model.RL_7.552
OG0002146	As010G226030	evm.model.RL_7.1885
OG0002146	As005G113570	evm.model.RL_4.1457
OG0002147	As005G114740	evm.model.RL_8.2064
OG0002148	As005G114970, As010G224580	evm.model.RL_8.2044
OG0002149	As010G222900	evm.model.RL_7.1553, evm.model.RL_7.1554, evm.model.RL_7.1555
OG0002149	As005G116000	evm.model.RL_8.2388
OG0002150	As005G119390	evm.model.RL_7.1384
OG0002151	As005G119890	evm.model.RL_8.2781
OG0002151	As011G265280	evm.model.RL_1.3025
OG0002152	As006G121340	evm.model.RL_8.84
OG0002152	As008G199170	evm.model.RL_8.2888
OG0002153	As008G199090	evm.model.RL_8.2879
OG0002153	As006G121420, As006G121450, As006G121430, As006G121440	evm.model.RL_8.67
OG0002154	As006G124450	evm.model.RL_4.459
OG0002154	As008G197060	evm.model.RL_5.245
OG0002155	As006G124840	evm.model.RL_4.500
OG0002155	As008G196370	evm.model.RL_5.275
OG0002156	As011G256260	evm.model.RL_6.1404, evm.model.RL_6.1405
OG0002157	As006G126130	evm.model.RL_6.1327
OG0002157	As008G195150	evm.model.RL_5.381
OG0002158	As006G134420	evm.model.RL_2.2274_evm.model.RL_2.2275.2.687c99fb
OG0002159	As006G135630	evm.model.RL_1.179
OG0002159	As009G202140	evm.model.RL_4.2016
OG0002161	As006G137820	evm.model.RL_4.974
OG0002162	As011G255490	evm.model.RL_1.2259.1.687c87ef
OG0002162	As006G139680	evm.model.RL_1.545
OG0002165	As006G141860	evm.model.RL_4.2275.2.687c86d8, evm.model.RL_1.766
OG0002166	As012G282620	evm.model.RL_7.731
OG0002166	As006G142540	evm.model.RL_6.2158
OG0002168	As006G144410	evm.model.RL_6.1675
OG0002168	As012G275860	evm.model.RL_7.1150
OG0002169	As006G147220	evm.model.RL_6.1970
OG0002170	As007G152430	evm.model.RL_5.1450
OG0002170	As010G243340	evm.model.RL_3.2388
OG0002171	As007G152690	evm.model.RL_5.1464
OG0002171	As010G243080	evm.model.RL_3.2365.1.687c84be
OG0002172	As007G152710	evm.model.RL_5.1466
OG0002172	As010G243060	evm.model.RL_3.2363, evm.model.RL_3.2367
OG0002173	As010G242570	evm.model.RL_5.1493
OG0002174	As007G155630	evm.model.RL_5.1761
OG0002175	As007G157000	evm.model.RL_3.2064, evm.model.RL_5.3649
OG0002176	As007G158590	evm.model.RL_5.3508
OG0002177	As007G159160	evm.model.RL_5.3465
OG0002177	As010G233980	evm.model.RL_3.1512
OG0002178	As010G233400	evm.model.RL_3.1443
OG0002178	As007G159520	evm.model.RL_5.3428
OG0002179	As010G228080	evm.model.RL_3.1143
OG0002179	As007G161940	evm.model.RL_5.3175
OG0002181	As007G180290	evm.model.RL_2.2962
OG0002182	As009G217880	evm.model.RL_8.2196
OG0002182	As008G183490	evm.model.RL_5.1234
OG0002183	As008G184110	evm.model.RL_5.1193, evm.model.RL_7.2420
OG0002184	As008G185390	evm.model.RL_5.2899, evm.model.RL_7.2187
OG0002185	As008G185450	evm.model.RL_3.266
OG0002186	As008G186630	evm.model.RL_3.400, evm.model.RL_5.958
OG0002187	As008G187990, As008G187980	evm.model.RL_5.836, evm.model.RL_1.767
OG0002188	As008G194770	evm.model.RL_3.287, evm.model.RL_5.414
OG0002189	As009G212710	evm.model.RL_1.1044, evm.model.RL_4.2943
OG0002190	As009G214050	evm.model.RL_1.976, evm.model.RL_4.3055
OG0002191	As009G214800, As009G214810, As009G214820, As009G214830	evm.model.RL_1.2010
OG0002192	As010G226340, As010G226370	evm.model.RL_7.2021, evm.model.RL_4.1509
OG0002193	As010G227440	evm.model.RL_4.1647_evm.model.RL_4.1648
OG0002194	As012G267860	evm.model.RL_5.3982
OG0002194	As011G244820	evm.model.RL_1.1196
OG0002195	As011G245320	evm.model.RL_1.1251
OG0002195	As012G268390, As012G268380	evm.model.RL_5.3933
OG0002196	As012G274610	evm.model.RL_2.1136
OG0002196	As011G248930	evm.model.RL_1.1598
OG0002197	As011G249530	evm.model.RL_1.1665
OG0002197	As012G273930	evm.model.RL_5.2188
OG0002198	As011G250040	evm.model.RL_1.1711.1.687c87ee
OG0002198	As012G273610	evm.model.RL_5.2150
OG0002199	As011G250200	evm.model.RL_1.1727
OG0002199	As012G273540	evm.model.RL_5.2143
OG0002201	As011G263850	evm.model.RL_1.2876, evm.model.RL_1.2877
OG0002202	As011G264220	evm.model.RL_1.2895, evm.model.RL_1.2896, evm.model.RL_1.2897
OG0002203	As011G265590	evm.model.RL_1.3058
OG0002205	As012G272390	evm.model.RL_5.2027
OG0002206	As012G272700	evm.model.RL_5.2060, evm.model.RL_1.1833
OG0002207	As012G274600	evm.model.RL_2.1138
OG0002207	As012G274590	evm.model.RL_2.1139
OG0002209	As012G287010	evm.model.RL_6.2679, evm.model.RL_7.277
OG0002219	As011G266500, As001G001030	evm.model.RL_2.2439
OG0002220	As001G001360	evm.model.RL_2.2472
OG0002220	As011G266370	evm.model.RL_1.3144
OG0002221	As001G001410	evm.model.RL_2.2482
OG0002221	As011G266270	evm.model.RL_1.3138
OG0002222	As001G003170	evm.model.RL_2.2755
OG0002223	As001G003220	evm.model.RL_2.2608, evm.model.RL_7.2619, evm.model.RL_5.3338
OG0002224	As007G177890	evm.model.RL_6.358
OG0002224	As001G003870	evm.model.RL_2.2669
OG0002225	As001G004480, As007G167250	evm.model.RL_2.2713, evm.model.RL_6.422
OG0002226	As001G013710	evm.model.RL_2.2919
OG0002226	As011G262760	evm.model.RL_1.2762
OG0002227	As011G264310	evm.model.RL_1.2911
OG0002228	As004G079560	evm.model.RL_6.1624
OG0002228	As001G016920	evm.model.RL_5.2719.3.687c88bd
OG0002229	As001G022380	evm.model.RL_7.2673
OG0002230	As008G182770	evm.model.RL_5.1316
OG0002230	As001G023120	evm.model.RL_7.2621
OG0002231	As001G024520	evm.model.RL_7.2473
OG0002231	As008G183860	evm.model.RL_5.1200.2.687c88b2
OG0002232	As001G025040	evm.model.RL_7.2418
OG0002232	As008G184120	evm.model.RL_5.1194
OG0002233	As004G096740, As001G027220	evm.model.RL_7.2169, evm.model.RL_7.2170
OG0002234	As004G078540	evm.model.RL_2.252
OG0002234	As001G027460	evm.model.RL_7.2144
OG0002236	As004G077180	evm.model.RL_2.487
OG0002237	As004G077070	evm.model.RL_2.541
OG0002237	As001G029300	evm.model.RL_3.956
OG0002238	As001G030680	evm.model.RL_3.55, evm.model.RL_2.163
OG0002239	As001G032110	evm.model.RL_3.249
OG0002240	As002G048910	evm.model.RL_8.1797
OG0002241	As005G106870	evm.model.RL_4.3355
OG0002241	As002G033920	evm.model.RL_1.811
OG0002242	As002G035430	evm.model.RL_1.926, evm.model.RL_4.3123
OG0002243	As002G035850	evm.model.RL_3.2468
OG0002244	As002G037570	evm.model.RL_8.2373
OG0002245	As007G164410	evm.model.RL_2.2026
OG0002245	As002G043270	evm.model.RL_8.1231
OG0002246	As002G043800	evm.model.RL_8.1287
OG0002247	As002G043870	evm.model.RL_8.1297
OG0002248	As002G046280	evm.model.RL_8.1537
OG0002248	As006G132480	evm.model.RL_2.2240
OG0002249	As002G046860	evm.model.RL_8.1598
OG0002249	As006G134430	evm.model.RL_2.2208
OG0002250	As006G134310	evm.model.RL_2.2176
OG0002251	As002G048040	evm.model.RL_8.1705
OG0002251	As006G134130	evm.model.RL_2.2158
OG0002252	As003G068140, As003G068150, As002G049250	evm.model.RL_8.1834, evm.model.RL_2.2095
OG0002253	As002G050570, As007G162200	evm.model.RL_5.3166
OG0002254	As002G050950	evm.model.RL_4.1709
OG0002255	As005G109480	evm.model.RL_4.1140
OG0002255	As002G051240	evm.model.RL_4.2385
OG0002256	As004G088090	evm.model.RL_4.273
OG0002256	As003G057450	evm.model.RL_2.1459
OG0002257	As003G060360	evm.model.RL_2.1734
OG0002257	As003G060350	evm.model.RL_2.1733
OG0002258	As003G071400	evm.model.RL_5.2852.6.687c88be, evm.model.RL_6.1577
OG0002259	As003G072530	evm.model.RL_2.3156, evm.model.RL_2.3155
OG0002260	As003G073150	evm.model.RL_2.526, evm.model.RL_2.522
OG0002261	As003G073200	evm.model.RL_2.3216, evm.model.RL_2.3217
OG0002262	As003G073490	evm.model.RL_2.3245
OG0002262	As007G179650	evm.model.RL_6.225
OG0002263	As003G074930	evm.model.RL_2.3362
OG0002263	As007G180440	evm.model.RL_6.122
OG0002264	As003G076150	evm.model.RL_2.3457
OG0002264	As007G182000	evm.model.RL_6.15
OG0002265	As004G078230	evm.model.RL_2.296, evm.model.RL_7.2079
OG0002266	As004G082310	evm.model.RL_4.632
OG0002267	As004G094550	evm.model.RL_2.867
OG0002267	As011G256140	evm.model.RL_1.2306
OG0002268	As011G255280	evm.model.RL_1.2226
OG0002269	As011G254970	evm.model.RL_1.2199
OG0002271	As011G254180	evm.model.RL_1.2128
OG0002271	As004G096150	evm.model.RL_2.1037
OG0002272	As004G096630, As011G253440	evm.model.RL_2.1085.1.687c86e2
OG0002273	As005G101670	evm.model.RL_6.2682
OG0002274	As005G102930	evm.model.RL_6.2554
OG0002274	As012G285990	evm.model.RL_7.357.1.687c84b4
OG0002275	As005G103040	evm.model.RL_6.2539
OG0002276	As005G103070	evm.model.RL_6.2538
OG0002276	As012G285930	evm.model.RL_7.368
OG0002277	As012G284270	evm.model.RL_7.568
OG0002277	As005G105240	evm.model.RL_6.2347
OG0002278	As012G283950	evm.model.RL_7.625
OG0002278	As005G105690	evm.model.RL_6.2301
OG0002279	As005G106590	evm.model.RL_4.3383, evm.model.RL_8.1047
OG0002279	As006G136200	evm.model.RL_1.240
OG0002280	As010G225820	evm.model.RL_7.1858
OG0002280	As005G113800	evm.model.RL_4.1433
OG0002281	As010G225790	evm.model.RL_7.1850
OG0002281	As005G113820	evm.model.RL_4.1430
OG0002282	As005G114390	evm.model.RL_8.2104
OG0002283	As005G118460	evm.model.RL_8.2624
OG0002284	As006G121770	evm.model.RL_5.15, evm.model.RL_8.101
OG0002285	As006G124180, As008G196900	evm.model.RL_5.222
OG0002286	As006G124410	evm.model.RL_4.452
OG0002287	As008G194720	evm.model.RL_5.420
OG0002287	As006G126840	evm.model.RL_6.1285
OG0002288	As006G127520	evm.model.RL_6.1209, evm.model.RL_5.479
OG0002289	As008G192670, As006G143160, As006G129000	evm.model.RL_5.603, evm.model.RL_5.600
OG0002290	As006G130740	evm.model.RL_6.800
OG0002291	As006G131820	evm.model.RL_2.2821, evm.model.RL_6.536
OG0002292	As009G199850	evm.model.RL_4.2167
OG0002292	As006G133070	evm.model.RL_1.61
OG0002293	As006G135020	evm.model.RL_1.118, evm.model.RL_1.166
OG0002293	As009G201080	evm.model.RL_4.2089
OG0002294	As009G202150	evm.model.RL_4.2015
OG0002294	As006G135640	evm.model.RL_1.180
OG0002295	As006G135770	evm.model.RL_4.1995, evm.model.RL_1.197
OG0002296	As009G202680	evm.model.RL_4.1967
OG0002296	As006G135950	evm.model.RL_1.217
OG0002297	As009G202760	evm.model.RL_4.1960
OG0002298	As006G136540	evm.model.RL_1.268
OG0002299	As006G139080	evm.model.RL_1.501
OG0002300	As009G208050	evm.model.RL_4.911
OG0002301	As006G140570	evm.model.RL_1.636, evm.model.RL_4.879.1.687c86d0
OG0002302	As006G145700	evm.model.RL_6.1806
OG0002302	As012G276990	evm.model.RL_7.1057
OG0002303	As010G243690	evm.model.RL_3.2427
OG0002303	As007G152260	evm.model.RL_5.1424
OG0002304	As007G152800	evm.model.RL_5.1477
OG0002304	As010G242920	evm.model.RL_3.2353
OG0002305	As010G242620	evm.model.RL_3.2329.4.687c84be
OG0002305	As007G152910	evm.model.RL_5.1489
OG0002306	As007G153120	evm.model.RL_5.1509
OG0002306	As010G242410	evm.model.RL_3.2308
OG0002307	As007G155170	evm.model.RL_5.1709
OG0002307	As010G239080	evm.model.RL_3.1859
OG0002308	As007G157100	evm.model.RL_5.3635
OG0002308	As010G236750	evm.model.RL_3.2077
OG0002309	As007G157880	evm.model.RL_5.3570
OG0002309	As010G235820	evm.model.RL_3.2163
OG0002310	As007G158020	evm.model.RL_5.3561
OG0002310	As010G235690	evm.model.RL_3.2175
OG0002311	As010G233250	evm.model.RL_3.1423
OG0002312	As010G233170	evm.model.RL_3.1410
OG0002313	As007G160900	evm.model.RL_5.3267
OG0002313	As010G232070	evm.model.RL_3.1297
OG0002314	As007G161970	evm.model.RL_5.3173
OG0002314	As010G228200	evm.model.RL_3.1139
OG0002315	As007G179120	evm.model.RL_2.2557
OG0002316	As008G189100	evm.model.RL_5.758
OG0002317	As008G191700	evm.model.RL_5.642, evm.model.RL_2.451, evm.model.RL_2.453
OG0002320	As009G203290, As008G198660	evm.model.RL_5.40
OG0002321	As009G210450	evm.model.RL_1.1151, evm.model.RL_4.2270
OG0002322	As009G213810	evm.model.RL_3.1701, evm.model.RL_3.1677
OG0002324	As010G234070, As010G234060	evm.model.RL_3.1523, evm.model.RL_3.1521_evm.model.RL_3.1522
OG0002325	As011G245000	evm.model.RL_1.1220
OG0002325	As012G267960	evm.model.RL_5.3970
OG0002326	As011G245270	evm.model.RL_1.1246
OG0002326	As012G268280	evm.model.RL_5.3943
OG0002327	As012G269490	evm.model.RL_5.3838
OG0002327	As011G246480	evm.model.RL_1.1365
OG0002328	As011G247870	evm.model.RL_1.1496.2.687c87ed
OG0002328	As012G270520	evm.model.RL_5.3728
OG0002329	As011G250400	evm.model.RL_1.1744
OG0002329	As012G273150	evm.model.RL_5.2135
OG0002330	As012G273200	evm.model.RL_5.2105
OG0002330	As011G250470	evm.model.RL_1.1752
OG0002331	As011G253230	evm.model.RL_1.2030
OG0002331	As012G271530	evm.model.RL_5.1922
OG0002332	As011G259980	evm.model.RL_5.3374
OG0002333	As011G262900	evm.model.RL_2.2966
OG0002334	As011G267380	evm.model.RL_1.3260, evm.model.RL_2.2340
OG0002335	As012G270830	evm.model.RL_5.1863, evm.model.RL_1.1534
OG0002337	As012G276000	evm.model.RL_7.1142
OG0002338	As012G282580	evm.model.RL_7.753, evm.model.RL_6.2151
OG0002339	As012G283640	evm.model.RL_6.2267, evm.model.RL_7.657
OG0002348	As001G000290	evm.model.RL_1.3254, evm.model.RL_2.2356
OG0002349	As001G000470	evm.model.RL_2.2372.2.687c86e5
OG0002349	As011G267120	evm.model.RL_1.3220
OG0002350	As011G266520	evm.model.RL_2.2431
OG0002350	As001G000960	evm.model.RL_1.3158
OG0002351	As007G178570	evm.model.RL_6.292
OG0002351	As001G002790	evm.model.RL_2.2581
OG0002352	As007G178130	evm.model.RL_6.330
OG0002352	As001G003450	evm.model.RL_2.2631
OG0002353	As001G015080, As001G015070	evm.model.RL_2.3040
OG0002354	As001G015950	evm.model.RL_5.2803
OG0002354	As004G079070	evm.model.RL_6.1649
OG0002355	As001G018710	evm.model.RL_3.736, evm.model.RL_1.448
OG0002356	As008G188060	evm.model.RL_5.829
OG0002356	As001G019650	evm.model.RL_3.570
OG0002357	As001G020450	evm.model.RL_7.561
OG0002357	As008G187120	evm.model.RL_5.912
OG0002358	As008G182760, As001G023080	evm.model.RL_7.2624
OG0002359	As008G182860	evm.model.RL_5.1301
OG0002359	As001G023380	evm.model.RL_7.2599
OG0002360	As001G023460, As001G023470	evm.model.RL_7.2593, evm.model.RL_7.2592
OG0002361	As004G097560	evm.model.RL_2.63
OG0002361	As001G026270	evm.model.RL_7.2281
OG0002362	As001G026570	evm.model.RL_7.2255
OG0002362	As004G097290	evm.model.RL_2.31
OG0002363	As001G026840	evm.model.RL_7.2221, evm.model.RL_2.14
OG0002364	As001G029260	evm.model.RL_3.964, evm.model.RL_3.963
OG0002365	As001G029650	evm.model.RL_3.803
OG0002365	As004G076890	evm.model.RL_3.802, evm.model.RL_2.581
OG0002366	As001G031630	evm.model.RL_5.1124, evm.model.RL_3.183
OG0002367	As002G048220	evm.model.RL_8.1726
OG0002367	As002G033030	evm.model.RL_2.2150
OG0002368	As002G033500, As002G033510	evm.model.RL_6.2231
OG0002369	As002G033860	evm.model.RL_6.2183
OG0002371	As005G108380	evm.model.RL_4.3181
OG0002372	As002G036740	evm.model.RL_1.1010
OG0002372	As009G213590	evm.model.RL_4.3005
OG0002373	As002G038720	evm.model.RL_1.1122
OG0002374	As002G040940	evm.model.RL_2.1978, evm.model.RL_8.1086
OG0002375	As003G061380	evm.model.RL_2.1852
OG0002375	As002G043310	evm.model.RL_8.1234
OG0002376	As007G165370	evm.model.RL_2.2066
OG0002376	As002G044030	evm.model.RL_8.1315
OG0002377	As006G132320	evm.model.RL_2.2256
OG0002377	As002G045900	evm.model.RL_8.1513
OG0002378	As006G132580	evm.model.RL_2.2225
OG0002378	As002G046560	evm.model.RL_8.1567.1.687c855c
OG0002379	As002G048600	evm.model.RL_8.1772
OG0002380	As005G117870	evm.model.RL_8.2569
OG0002380	As002G053410	evm.model.RL_4.2589
OG0002381	As005G116610	evm.model.RL_8.2433
OG0002382	As002G054990	evm.model.RL_4.2768
OG0002382	As009G217890	evm.model.RL_8.2197
OG0002383	As004G088440	evm.model.RL_4.235
OG0002383	As003G056960	evm.model.RL_2.1406
OG0002384	As003G058560	evm.model.RL_2.1579
OG0002385	As004G086410	evm.model.RL_8.396
OG0002385	As003G059010	evm.model.RL_2.1616
OG0002386	As004G085290	evm.model.RL_8.526, evm.model.RL_8.527, evm.model.RL_8.528
OG0002387	As007G179590	evm.model.RL_6.229
OG0002389	As003G075930	evm.model.RL_2.3497, evm.model.RL_6.1629
OG0002390	As004G079660	evm.model.RL_6.1617, evm.model.RL_5.2706
OG0002391	As004G083620	evm.model.RL_8.753
OG0002392	As004G086380	evm.model.RL_2.1617, evm.model.RL_8.399
OG0002393	As004G093590	evm.model.RL_2.815.1.687c86e1
OG0002393	As011G257490	evm.model.RL_1.2386
OG0002394	As004G094020	evm.model.RL_2.835
OG0002394	As011G256530	evm.model.RL_1.2340
OG0002396	As011G255320	evm.model.RL_1.2231
OG0002396	As004G095390	evm.model.RL_2.956
OG0002397	As004G097460	evm.model.RL_2.51, evm.model.RL_7.2270
OG0002398	As005G098570	evm.model.RL_6.2964
OG0002398	As012G288950	evm.model.RL_7.56
OG0002399	As005G099170	evm.model.RL_7.86
OG0002400	As005G100690	evm.model.RL_6.2786
OG0002400	As012G287710	evm.model.RL_7.202
OG0002401	As005G101260	evm.model.RL_6.2727
OG0002401	As012G287290	evm.model.RL_7.247
OG0002402	As005G101600	evm.model.RL_6.2688
OG0002402	As012G287030	evm.model.RL_7.273, evm.model.RL_7.269
OG0002403	As005G103330, As010G239880	evm.model.RL_3.1776
OG0002404	As005G103860	evm.model.RL_6.2471
OG0002404	As009G216560	evm.model.RL_4.1329
OG0002406	As005G111770	evm.model.RL_4.1600, evm.model.RL_7.1941
OG0002408	As010G225340	evm.model.RL_7.1822
OG0002408	As005G114180	evm.model.RL_8.2123
OG0002410	As010G221420	evm.model.RL_7.1408
OG0002410	As005G119040	evm.model.RL_8.2693
OG0002411	As007G154010	evm.model.RL_5.1596
OG0002411	As010G240950, As006G120970	evm.model.RL_3.1674
OG0002412	As006G121270	evm.model.RL_8.2883
OG0002413	As008G198970	evm.model.RL_8.2866
OG0002414	As008G197140	evm.model.RL_5.200
OG0002414	As006G123790	evm.model.RL_8.332
OG0002416	As006G125040	evm.model.RL_4.532
OG0002417	As006G125930	evm.model.RL_6.1371
OG0002417	As008G195600	evm.model.RL_5.346
OG0002418	As006G126740	evm.model.RL_6.1291
OG0002418	As008G194760	evm.model.RL_5.416
OG0002419	As008G193350	evm.model.RL_5.530
OG0002419	As006G127970	evm.model.RL_6.1152
OG0002420	As006G130200	evm.model.RL_6.892, evm.model.RL_6.891
OG0002421	As006G130420	evm.model.RL_5.684
OG0002422	As006G132600	evm.model.RL_8.1570
OG0002423	As006G135160	evm.model.RL_1.128, evm.model.RL_4.2079
OG0002424	As009G201660	evm.model.RL_4.2052
OG0002424	As006G135400	evm.model.RL_1.151
OG0002425	As006G135440	evm.model.RL_1.161
OG0002425	As009G201750	evm.model.RL_7.2331, evm.model.RL_4.2045
OG0002426	As009G201930	evm.model.RL_4.2036
OG0002427	As006G136130	evm.model.RL_1.234
OG0002427	As009G202970	evm.model.RL_4.1937
OG0002428	As006G137190	evm.model.RL_1.310
OG0002430	As006G141940, As011G249920	evm.model.RL_1.772
OG0002431	As012G281710	evm.model.RL_7.831
OG0002431	As006G143550	evm.model.RL_6.2061
OG0002432	As006G143880	evm.model.RL_6.2052
OG0002433	As007G152330	evm.model.RL_5.1441
OG0002434	As007G153130	evm.model.RL_5.1511
OG0002435	As010G240000	evm.model.RL_3.1768
OG0002435	As007G154550	evm.model.RL_5.1648
OG0002436	As007G157780	evm.model.RL_5.3578
OG0002436	As010G235980	evm.model.RL_3.2154
OG0002437	As007G158170	evm.model.RL_5.3546
OG0002438	As007G158300	evm.model.RL_5.3535, evm.model.RL_3.2217
OG0002439	As010G235050	evm.model.RL_3.1609
OG0002439	As007G158550	evm.model.RL_5.3512
OG0002440	As007G158900, As007G163640	evm.model.RL_7.1834, evm.model.RL_7.2296, evm.model.RL_7.5
OG0002441	As007G159190	evm.model.RL_5.3460
OG0002442	As010G233340	evm.model.RL_3.1435
OG0002442	As007G159670	evm.model.RL_5.3412
OG0002443	As007G160590	evm.model.RL_5.3305
OG0002443	As010G232560	evm.model.RL_3.1332
OG0002444	As010G231580	evm.model.RL_3.1256.1.687c84bb
OG0002444	As007G161090	evm.model.RL_5.3254.1.687c88c1
OG0002445	As007G165530	evm.model.RL_2.2062
OG0002446	As007G166970	evm.model.RL_2.2286
OG0002447	As007G167050	evm.model.RL_2.2775, evm.model.RL_6.483
OG0002448	As007G180990, As010G220930	evm.model.RL_7.1327
OG0002449	As008G184400	evm.model.RL_5.1150
OG0002450	As008G190820	evm.model.RL_5.662, evm.model.RL_5.664
OG0002451	As008G191270	evm.model.RL_5.651
OG0002452	As008G192830	evm.model.RL_5.587
OG0002453	As008G197420	evm.model.RL_8.292, evm.model.RL_5.166
OG0002454	As008G197430	evm.model.RL_5.165.1.687c88aa, evm.model.RL_8.288
OG0002455	As009G202980	evm.model.RL_4.1938
OG0002456	As009G203970, As011G262850	evm.model.RL_4.1840
OG0002458	As009G207430	evm.model.RL_7.902_evm.model.RL_7.903
OG0002459	As009G219300	evm.model.RL_8.2361, evm.model.RL_8.2360
OG0002460	As009G219940	evm.model.RL_4.2838
OG0002462	As010G236970	evm.model.RL_3.2061
OG0002463	As010G237210	evm.model.RL_3.2042
OG0002464	As010G239170	evm.model.RL_3.1850
OG0002465	As010G244070	evm.model.RL_5.1391, evm.model.RL_3.2459
OG0002466	As011G246020	evm.model.RL_1.1319.2.687c87ec.1.687c9a67, evm.model.RL_5.3878
OG0002467	As011G246390	evm.model.RL_1.1356, evm.model.RL_5.3849, evm.model.RL_1.2346
OG0002468	As012G269940	evm.model.RL_8.78, evm.model.RL_5.3778
OG0002468	As011G247340	evm.model.RL_1.1440
OG0002469	As012G274440	evm.model.RL_2.1152
OG0002469	As011G249070	evm.model.RL_1.1612
OG0002470	As011G249540	evm.model.RL_1.1666
OG0002471	As012G273810	evm.model.RL_5.2175
OG0002472	As011G249830	evm.model.RL_1.1694
OG0002472	As012G273760	evm.model.RL_5.2169
OG0002473	As011G250030	evm.model.RL_1.1710, evm.model.RL_5.2151
OG0002474	As011G254520	evm.model.RL_1.2160
OG0002475	As011G255010	evm.model.RL_2.969, evm.model.RL_1.2204
OG0002476	As011G260890	evm.model.RL_1.2872
OG0002476	As011G260880	evm.model.RL_2.689, evm.model.RL_5.2505
OG0002477	As011G267110	evm.model.RL_1.3219, evm.model.RL_2.2373
OG0002478	As012G282460	evm.model.RL_1.1420
OG0002478	As012G269880	evm.model.RL_5.3784
OG0002479	As012G275080	evm.model.RL_6.1561
OG0002480	As012G282910	evm.model.RL_7.726, evm.model.RL_6.2206
OG0002494	As011G267440	evm.model.RL_1.3280
OG0002494	As001G000070	evm.model.RL_2.2331
OG0002495	As001G000720	evm.model.RL_2.2400, evm.model.RL_2.2402
OG0002496	As007G180720, As001G002930	evm.model.RL_6.78, evm.model.RL_2.3403
OG0002497	As002G048780	evm.model.RL_8.1786
OG0002497	As001G003770	evm.model.RL_2.2661
OG0002498	As001G003890	evm.model.RL_2.2670, evm.model.RL_6.360
OG0002499	As001G012010, As001G010780, As005G113250	evm.model.RL_4.1493
OG0002499	As010G226320	evm.model.RL_7.1924
OG0002500	As001G013480	evm.model.RL_2.2940, evm.model.RL_1.2744
OG0002502	As004G079730	evm.model.RL_6.1610
OG0002503	As008G189320, As001G018590, As001G018580	evm.model.RL_3.749, evm.model.RL_5.749
OG0002504	As001G019510	evm.model.RL_3.603
OG0002504	As008G187560	evm.model.RL_5.846
OG0002505	As008G187280	evm.model.RL_5.896
OG0002505	As001G020220	evm.model.RL_3.525
OG0002506	As001G020640	evm.model.RL_3.478
OG0002507	As008G182970	evm.model.RL_7.2584
OG0002507	As001G023550	evm.model.RL_5.1288
OG0002508	As001G023960	evm.model.RL_7.2536
OG0002508	As008G183400	evm.model.RL_5.1244
OG0002509	As001G024220	evm.model.RL_7.2512
OG0002510	As008G184420	evm.model.RL_5.1148
OG0002511	As001G027330	evm.model.RL_7.2139, evm.model.RL_7.2140
OG0002512	As001G030940	evm.model.RL_7.359
OG0002512	As012G268260	evm.model.RL_5.3945
OG0002513	As002G036190	evm.model.RL_1.983
OG0002513	As009G214160	evm.model.RL_4.3042
OG0002514	As009G213190	evm.model.RL_4.2988
OG0002515	As002G037470	evm.model.RL_1.1069
OG0002516	As002G044340, As007G164890	evm.model.RL_2.2082_evm.model.RL_2.2084.1.687c99f9
OG0002517	As002G045300	evm.model.RL_2.2290, evm.model.RL_8.1446
OG0002518	As006G134700	evm.model.RL_2.2183
OG0002519	As002G047340	evm.model.RL_2.2181, evm.model.RL_8.1640
OG0002520	As002G047720	evm.model.RL_8.1678
OG0002521	As002G051220	evm.model.RL_4.2383, evm.model.RL_4.2382
OG0002522	As002G053700	evm.model.RL_4.2627
OG0002522	As005G117400	evm.model.RL_8.2523
OG0002523	As003G055760	evm.model.RL_2.1293
OG0002523	As004G091100	evm.model.RL_4.52
OG0002524	As004G084950	evm.model.RL_8.568
OG0002524	As003G060810	evm.model.RL_2.1787
OG0002525	As004G080270	evm.model.RL_8.844
OG0002525	As003G063820	evm.model.RL_5.2473
OG0002526	As003G071140	evm.model.RL_5.2877
OG0002526	As007G164530	evm.model.RL_2.2036
OG0002527	As004G078670	evm.model.RL_6.1582
OG0002527	As003G071590	evm.model.RL_5.2840
OG0002528	As011G264850	evm.model.RL_1.2974
OG0002528	As003G072370	evm.model.RL_2.3138
OG0002529	As003G073400	evm.model.RL_2.3237
OG0002529	As007G179540	evm.model.RL_6.235
OG0002530	As003G073920	evm.model.RL_2.3276
OG0002531	As003G074720	evm.model.RL_6.137, evm.model.RL_2.3341
OG0002532	As007G180670	evm.model.RL_6.85
OG0002533	As003G076500	evm.model.RL_7.1770
OG0002534	As004G080330, As004G080320	evm.model.RL_8.850, evm.model.RL_8.851
OG0002535	As004G084730	evm.model.RL_8.599, evm.model.RL_2.1809
OG0002536	As004G085350	evm.model.RL_8.522
OG0002537	As004G085480	evm.model.RL_8.509
OG0002538	As004G095080	evm.model.RL_2.907
OG0002539	As004G095560	evm.model.RL_2.964
OG0002539	As004G095510	evm.model.RL_2.963
OG0002540	As004G096620	evm.model.RL_2.1082, evm.model.RL_2.1081
OG0002541	As012G288940	evm.model.RL_7.58, evm.model.RL_7.57
OG0002541	As005G098580	evm.model.RL_7.2738
OG0002542	As005G100920	evm.model.RL_6.2760, evm.model.RL_7.217.1.687c84b3
OG0002543	As005G101310	evm.model.RL_6.2723
OG0002543	As012G287170	evm.model.RL_7.254
OG0002544	As005G103360	evm.model.RL_6.2509
OG0002544	As008G195470	evm.model.RL_7.381
OG0002545	As005G105890, As005G105610, As005G105930	evm.model.RL_6.2292
OG0002545	As012G283910	evm.model.RL_7.628
OG0002546	As005G105700, As005G105720	evm.model.RL_5.3246
OG0002547	As012G283750	evm.model.RL_7.646.1.687c84b5
OG0002547	As005G106150	evm.model.RL_6.2275
OG0002548	As005G108450	evm.model.RL_6.1954, evm.model.RL_4.3174
OG0002549	As005G111540	evm.model.RL_6.2114
OG0002550	As010G227270	evm.model.RL_4.1596, evm.model.RL_7.1947
OG0002551	As010G224410	evm.model.RL_7.1709
OG0002551	As005G115520	evm.model.RL_8.2036
OG0002553	As005G119590	evm.model.RL_8.2743
OG0002553	As010G221160	evm.model.RL_7.1357
OG0002555	As006G122230	evm.model.RL_8.149
OG0002555	As008G198480	evm.model.RL_5.59
OG0002556	As006G122430	evm.model.RL_8.218
OG0002557	As006G127180	evm.model.RL_5.452, evm.model.RL_6.1244
OG0002558	As006G132660	evm.model.RL_2.2146, evm.model.RL_7.1323
OG0002559	As006G133130	evm.model.RL_1.66
OG0002559	As009G200430	evm.model.RL_4.2160
OG0002561	As009G202670	evm.model.RL_4.1976
OG0002561	As006G135920	evm.model.RL_1.213.2.687c87ea
OG0002562	As009G206940	evm.model.RL_4.992
OG0002562	As006G138150, As006G138130	evm.model.RL_1.411
OG0002565	As006G144620	evm.model.RL_6.1701
OG0002566	As006G146200	evm.model.RL_6.1836
OG0002567	As007G152810	evm.model.RL_5.1478, evm.model.RL_3.2352
OG0002568	As010G238200	evm.model.RL_3.1951.1.687c84bd
OG0002568	As007G155930	evm.model.RL_5.3586, evm.model.RL_5.1796.2.687c88b6
OG0002569	As010G237410	evm.model.RL_3.2022
OG0002571	As010G236920	evm.model.RL_3.2063
OG0002571	As007G156990	evm.model.RL_5.3651
OG0002572	As007G157610	evm.model.RL_5.3594
OG0002573	As010G233140	evm.model.RL_3.1407
OG0002573	As007G160020	evm.model.RL_5.3370
OG0002574	As007G161070	evm.model.RL_5.3256
OG0002574	As010G231590	evm.model.RL_3.1255
OG0002575	As008G182790	evm.model.RL_5.1309, evm.model.RL_5.3357
OG0002576	As008G184220	evm.model.RL_1.3029
OG0002577	As008G192700	evm.model.RL_5.596, evm.model.RL_5.597
OG0002578	As008G193730, As008G193760	evm.model.RL_5.492_evm.model.RL_5.493
OG0002580	As008G194790	evm.model.RL_6.1294, evm.model.RL_5.412
OG0002581	As008G198400, As008G198390	evm.model.RL_5.70, evm.model.RL_5.69
OG0002582	As009G213250	evm.model.RL_1.2557, evm.model.RL_6.2150
OG0002583	As010G221700	evm.model.RL_7.1441
OG0002583	As009G215910	evm.model.RL_4.1260
OG0002584	As009G219490	evm.model.RL_8.1962.2.687c855e, evm.model.RL_8.1996
OG0002586	As010G231040	evm.model.RL_3.1241, evm.model.RL_7.1772, evm.model.RL_7.1771
OG0002587	As010G238060	evm.model.RL_5.1806, evm.model.RL_3.1963
OG0002588	As010G239220	evm.model.RL_3.1845
OG0002589	As010G241020	evm.model.RL_3.1667
OG0002590	As011G246160	evm.model.RL_1.1331
OG0002590	As010G241320, As012G269200	evm.model.RL_5.3867
OG0002591	As011G245450	evm.model.RL_1.1260
OG0002591	As012G268620	evm.model.RL_5.3921
OG0002592	As012G269150	evm.model.RL_5.3873
OG0002592	As011G246080	evm.model.RL_1.1323
OG0002593	As012G270160	evm.model.RL_5.3752
OG0002593	As011G247650	evm.model.RL_1.1475
OG0002594	As012G270470	evm.model.RL_5.3734
OG0002594	As011G247800	evm.model.RL_1.1489
OG0002595	As012G270810, As011G248280	evm.model.RL_1.1532
OG0002596	As011G248880	evm.model.RL_1.1592
OG0002596	As012G274650	evm.model.RL_2.1132
OG0002597	As011G249380	evm.model.RL_1.1648
OG0002597	As012G274080	evm.model.RL_5.2209
OG0002598	As011G249910	evm.model.RL_1.1701
OG0002599	As011G253930, As011G253870, As011G253880, As011G253900, As011G253920, As011G253910	evm.model.RL_1.2103
OG0002600	As011G255050	evm.model.RL_1.150
OG0002601	As011G263820	evm.model.RL_6.473, evm.model.RL_2.2758
OG0002602	As012G267890	evm.model.RL_5.3977, evm.model.RL_1.1208
OG0002603	As012G271860	evm.model.RL_1.2022, evm.model.RL_5.1929
OG0002604	As012G273030	evm.model.RL_5.2094, evm.model.RL_5.2093
OG0002605	As012G282930	evm.model.RL_7.724, evm.model.RL_6.2208
OG0002606	As012G284350	evm.model.RL_7.559
OG0002607	As012G286060, As012G286070	evm.model.RL_7.351.1.687c84b4
OG0002622	As001G000680	evm.model.RL_2.2396
OG0002623	As001G003260	evm.model.RL_6.317, evm.model.RL_2.2610
OG0002624	As001G006190	evm.model.RL_2.2794
OG0002626	As011G263160	evm.model.RL_1.2804
OG0002626	As001G014170	evm.model.RL_2.2970
OG0002627	As001G014270	evm.model.RL_2.2984
OG0002627	As011G263300	evm.model.RL_1.2815
OG0002628	As011G263570	evm.model.RL_1.2845
OG0002628	As001G014800	evm.model.RL_2.3023
OG0002629	As004G078820	evm.model.RL_6.1593
OG0002629	As001G015750	evm.model.RL_5.2825
OG0002630	As001G016520, As004G079350	evm.model.RL_6.1641
OG0002631	As004G083150	evm.model.RL_6.1660
OG0002631	As001G017580	evm.model.RL_2.1236
OG0002632	As001G019060	evm.model.RL_3.672
OG0002633	As008G188110	evm.model.RL_5.823
OG0002633	As001G019360	evm.model.RL_3.617
OG0002634	As001G019900	evm.model.RL_3.553
OG0002634	As008G187830	evm.model.RL_5.871, evm.model.RL_5.746
OG0002635	As001G021860	evm.model.RL_8.667, evm.model.RL_5.1011.1.687c88b1
OG0002637	As008G183390	evm.model.RL_5.1245
OG0002637	As001G023970	evm.model.RL_7.2537
OG0002639	As001G025840	evm.model.RL_7.2332
OG0002639	As005G107930	evm.model.RL_4.3260
OG0002640	As001G027310	evm.model.RL_7.2155
OG0002641	As004G078380	evm.model.RL_2.278
OG0002641	As001G027640	evm.model.RL_7.2118
OG0002642	As001G028250	evm.model.RL_3.1099, evm.model.RL_2.363
OG0002643	As004G077380	evm.model.RL_2.438
OG0002644	As001G029730	evm.model.RL_3.865
OG0002645	As002G048900	evm.model.RL_8.1796
OG0002645	As002G032620	evm.model.RL_2.2115
OG0002646	As002G035470	evm.model.RL_1.931
OG0002647	As007G163080, As007G163060	evm.model.RL_2.1972, evm.model.RL_2.1975
OG0002647	As002G039660	evm.model.RL_8.1042
OG0002648	As002G044830	evm.model.RL_8.1412
OG0002649	As004G083470, As002G045400	evm.model.RL_8.1460
OG0002650	As002G046120	evm.model.RL_8.1527
OG0002651	As002G046390	evm.model.RL_8.1549
OG0002651	As006G132490	evm.model.RL_2.2238
OG0002652	As002G049070	evm.model.RL_8.1814
OG0002653	As002G052290	evm.model.RL_4.2494
OG0002653	As009G215520	evm.model.RL_4.1224
OG0002654	As005G118680	evm.model.RL_8.2650
OG0002654	As002G052650	evm.model.RL_4.2526
OG0002655	As002G053250	evm.model.RL_4.2573, evm.model.RL_8.2602
OG0002656	As005G117600	evm.model.RL_2.2942, evm.model.RL_8.1129, evm.model.RL_8.2543
OG0002656	As002G053570	evm.model.RL_4.2613
OG0002657	As003G056450	evm.model.RL_2.1360
OG0002658	As003G058870	evm.model.RL_2.1602
OG0002659	As003G060340	evm.model.RL_2.1732
OG0002660	As004G085180	evm.model.RL_8.543
OG0002660	As003G060580	evm.model.RL_2.1763
OG0002661	As003G061470	evm.model.RL_2.1860.1.687c86e4
OG0002661	As004G084490	evm.model.RL_8.642
OG0002662	As003G063950	evm.model.RL_5.2457
OG0002662	As004G080190	evm.model.RL_8.829
OG0002663	As004G081750	evm.model.RL_6.1439
OG0002663	As003G068530	evm.model.RL_5.3085
OG0002664	As003G072000, As003G071990	evm.model.RL_2.3093
OG0002665	As003G072390	evm.model.RL_2.3140
OG0002665	As011G264930	evm.model.RL_1.2981.1.687c87f0
OG0002666	As003G072660	evm.model.RL_2.3168
OG0002667	As003G072790	evm.model.RL_2.3176
OG0002667	As011G265360	evm.model.RL_1.3019
OG0002668	As003G073280, As003G073270	evm.model.RL_2.3222
OG0002669	As007G179900	evm.model.RL_6.192
OG0002669	As003G074060	evm.model.RL_2.3287
OG0002670	As007G180820	evm.model.RL_6.68
OG0002670	As003G075640	evm.model.RL_2.3412.1.687c86e9
OG0002672	As004G078520	evm.model.RL_2.254, evm.model.RL_2.255
OG0002673	As004G080350	evm.model.RL_8.853
OG0002674	As004G085250	evm.model.RL_8.535
OG0002675	As004G086350	evm.model.RL_2.1621, evm.model.RL_8.401
OG0002676	As004G093110	evm.model.RL_2.786
OG0002676	As011G258120, As011G258130	evm.model.RL_1.2429
OG0002677	As004G093500	evm.model.RL_2.812, evm.model.RL_2.811, evm.model.RL_2.810
OG0002679	As004G095650	evm.model.RL_2.973.1.687c86e1
OG0002680	As004G095740	evm.model.RL_2.984
OG0002680	As011G254910	evm.model.RL_1.2192
OG0002681	As005G100710	evm.model.RL_6.2785
OG0002681	As012G287670	evm.model.RL_7.205.2.687c84b3
OG0002682	As012G285320	evm.model.RL_7.430
OG0002683	As012G284450	evm.model.RL_7.549
OG0002683	As005G105040	evm.model.RL_6.2323
OG0002684	As005G105950	evm.model.RL_6.2290, evm.model.RL_6.2308, evm.model.RL_7.633
OG0002685	As006G142160, As005G106640	evm.model.RL_4.3379
OG0002686	As005G109060	evm.model.RL_4.3122
OG0002686	As009G201790, As009G201760	evm.model.RL_4.2044
OG0002687	As010G225290	evm.model.RL_7.1814
OG0002687	As005G114330	evm.model.RL_8.2108
OG0002688	As010G224920	evm.model.RL_7.1782
OG0002688	As005G114620	evm.model.RL_8.2075
OG0002690	As010G224390	evm.model.RL_7.1707
OG0002690	As005G115510	evm.model.RL_8.2038
OG0002691	As010G222530	evm.model.RL_7.1521
OG0002691	As005G116360	evm.model.RL_8.2414
OG0002692	As008G199080	evm.model.RL_8.2878
OG0002693	As008G197190	evm.model.RL_5.196
OG0002693	As006G123750	evm.model.RL_8.321
OG0002694	As006G124270	evm.model.RL_4.437
OG0002694	As008G196950	evm.model.RL_5.232
OG0002695	As006G127050	evm.model.RL_6.1261
OG0002695	As008G194410	evm.model.RL_5.439
OG0002696	As006G129490	evm.model.RL_5.631, evm.model.RL_6.980
OG0002697	As006G142000, As006G133830	evm.model.RL_1.780_evm.model.RL_1.781.1.687c9a65
OG0002698	As006G136330	evm.model.RL_1.250
OG0002699	As006G136410	evm.model.RL_1.256
OG0002699	As009G203390	evm.model.RL_4.1900
OG0002700	As009G204050, As006G137200	evm.model.RL_1.311
OG0002701	As006G140860	evm.model.RL_1.659, evm.model.RL_4.843
OG0002702	As012G282650	evm.model.RL_7.734
OG0002702	As006G142520	evm.model.RL_6.2160
OG0002703	As011G265040	evm.model.RL_1.2993
OG0002704	As006G145710	evm.model.RL_6.1805
OG0002705	As006G148860	evm.model.RL_7.957, evm.model.RL_7.952, evm.model.RL_6.1979
OG0002706	As010G242850	evm.model.RL_3.2348
OG0002706	As007G152830	evm.model.RL_5.1482
OG0002707	As010G240220	evm.model.RL_3.1742
OG0002707	As007G154380	evm.model.RL_5.1625
OG0002708	As007G155940	evm.model.RL_3.1952, evm.model.RL_5.1797
OG0002709	As007G157250	evm.model.RL_3.2098
OG0002710	As007G158990	evm.model.RL_5.3479
OG0002710	As010G234240	evm.model.RL_3.1545
OG0002711	As007G159880	evm.model.RL_5.3383
OG0002712	As007G161180	evm.model.RL_5.3243
OG0002715	As008G182490	evm.model.RL_7.2703, evm.model.RL_5.1343
OG0002716	As008G187170	evm.model.RL_5.898, evm.model.RL_5.897
OG0002717	As009G202340	evm.model.RL_4.2002
OG0002718	As009G203250, As009G203380	evm.model.RL_4.1909, evm.model.RL_4.1910
OG0002719	As009G215820	evm.model.RL_4.1248, evm.model.RL_4.1250, evm.model.RL_4.1249, evm.model.RL_4.1251
OG0002721	As010G221870, As010G221880	evm.model.RL_7.1457
OG0002722	As010G232310	evm.model.RL_3.1311
OG0002723	As010G235340	evm.model.RL_3.2206, evm.model.RL_5.3542, evm.model.RL_5.3541
OG0002724	As010G237080	evm.model.RL_5.3663
OG0002725	As011G244940	evm.model.RL_1.1214, evm.model.RL_1.1213
OG0002726	As011G247620	evm.model.RL_1.1472
OG0002726	As012G270130	evm.model.RL_5.3755
OG0002727	As011G248410	evm.model.RL_1.1556
OG0002728	As012G272740	evm.model.RL_5.2065
OG0002728	As011G251250	evm.model.RL_1.1822
OG0002729	As011G252830	evm.model.RL_1.1975
OG0002729	As012G271580	evm.model.RL_5.1974
OG0002730	As011G253790	evm.model.RL_1.2094
OG0002731	As011G254440	evm.model.RL_1.2151
OG0002732	As012G271000	evm.model.RL_3.714
OG0002733	As012G273010	evm.model.RL_5.2091
OG0002734	As012G275240	evm.model.RL_6.1548
OG0002735	As012G276980	evm.model.RL_7.1058, evm.model.RL_7.1053
OG0002736	As012G278190	evm.model.RL_6.1901
OG0002737	As012G282920	evm.model.RL_7.725
OG0002753	As001G000210	evm.model.RL_2.2344
OG0002753	As011G267350	evm.model.RL_1.3258
OG0002754	As001G000880	evm.model.RL_2.2422
OG0002754	As011G266760	evm.model.RL_1.3187
OG0002755	As007G177280	evm.model.RL_6.378
OG0002755	As001G004000	evm.model.RL_2.2684
OG0002756	As006G148080, As007G166090, As002G039790, As009G207690, As007G166810, As007G165480, As010G228710, As006G148110, As012G279280, As010G229560, As009G208920, As001G005520, As003G066680, As008G190750, As001G010620, As007G176950, As007G167230, As009G209400, As001G015370, As001G011450, As001G010420, As008G192140, As012G279260, As010G229820, As003G067200, As009G209430, As010G229890, As008G191020, As009G210150, As004G090910, As011G259470, As001G006010, As006G148100, As001G009950, As003G066520	evm.model.RL_3.782, evm.model.RL_2.750
OG0002757	As011G263180	evm.model.RL_1.2803
OG0002759	As004G078810	evm.model.RL_2.1140
OG0002761	As011G262270, As001G019870, As001G019840, As001G017230, As001G019880, As001G019890	evm.model.RL_8.780
OG0002762	As001G021940	evm.model.RL_3.307
OG0002762	As008G185820	evm.model.RL_5.1026
OG0002763	As008G182460	evm.model.RL_5.1345
OG0002764	As008G183640	evm.model.RL_5.1216
OG0002764	As001G024270	evm.model.RL_7.2506
OG0002765	As001G025940	evm.model.RL_7.2321
OG0002766	As004G077360	evm.model.RL_2.442
OG0002766	As001G028940	evm.model.RL_3.1005
OG0002767	As001G031510	evm.model.RL_3.173
OG0002768	As002G032910	evm.model.RL_2.2143
OG0002769	As002G034270	evm.model.RL_1.851
OG0002770	As002G042380	evm.model.RL_8.1176
OG0002771	As002G053190	evm.model.RL_4.2567
OG0002771	As005G118190	evm.model.RL_8.2593
OG0002772	As005G116840	evm.model.RL_8.2457.1.687c8561
OG0002772	As002G054010	evm.model.RL_4.2661
OG0002773	As002G055290	evm.model.RL_4.2800
OG0002773	As009G218230	evm.model.RL_8.2241
OG0002774	As003G058130	evm.model.RL_2.1540
OG0002774	As004G087290	evm.model.RL_4.364
OG0002775	As003G058200	evm.model.RL_2.1550, evm.model.RL_4.375
OG0002776	As003G059570	evm.model.RL_2.1657, evm.model.RL_2.1656
OG0002777	As003G059960	evm.model.RL_2.1695, evm.model.RL_2.1696
OG0002778	As003G061140	evm.model.RL_2.1819
OG0002779	As003G063190, As003G063150, As003G063170	evm.model.RL_5.2565
OG0002780	As003G064140	evm.model.RL_5.2437, evm.model.RL_5.2438
OG0002781	As007G179830	evm.model.RL_6.200
OG0002781	As003G073970	evm.model.RL_2.3278
OG0002783	As003G075620	evm.model.RL_6.32, evm.model.RL_2.3442
OG0002784	As004G089990	evm.model.RL_2.1307
OG0002785	As004G091710	evm.model.RL_2.631
OG0002785	As011G259610	evm.model.RL_1.2575
OG0002786	As004G091990	evm.model.RL_2.625
OG0002787	As004G092210	evm.model.RL_2.599
OG0002787	As011G258720	evm.model.RL_1.2488
OG0002788	As004G095570	evm.model.RL_2.965
OG0002788	As011G255120	evm.model.RL_1.2213
OG0002789	As011G254740	evm.model.RL_1.2177
OG0002789	As004G095840	evm.model.RL_2.1001
OG0002790	As011G254310, As004G096070	evm.model.RL_1.2141_evm.model.RL_1.2143.1.687c9a6b
OG0002791	As004G096460	evm.model.RL_2.1064, evm.model.RL_1.2089
OG0002792	As004G097100	evm.model.RL_2.10, evm.model.RL_5.353, evm.model.RL_1.587
OG0002793	As005G099990, As012G288160	evm.model.RL_6.2848, evm.model.RL_7.149
OG0002794	As012G286850	evm.model.RL_7.290
OG0002795	As005G102310	evm.model.RL_7.332
OG0002797	As012G284220	evm.model.RL_7.577
OG0002798	As005G105660	evm.model.RL_6.2304
OG0002799	As005G106610	evm.model.RL_6.1929
OG0002800	As005G108500	evm.model.RL_4.3170
OG0002801	As010G227050	evm.model.RL_7.1957
OG0002802	As005G112600	evm.model.RL_7.1977.1.687c84bb, evm.model.RL_4.1549
OG0002803	As010G224010	evm.model.RL_7.1666
OG0002803	As005G115960	evm.model.RL_8.1967
OG0002804	As005G119640	evm.model.RL_8.2748
OG0002805	As006G121540, As006G128670	evm.model.RL_6.1070
OG0002806	As006G122540	evm.model.RL_8.208
OG0002808	As006G126320	evm.model.RL_6.1334
OG0002808	As008G195220	evm.model.RL_5.373
OG0002809	As006G127320	evm.model.RL_6.1231, evm.model.RL_5.469
OG0002810	As006G127830	evm.model.RL_5.519
OG0002811	As006G128950, As006G128980	evm.model.RL_6.1028
OG0002812	As008G190700	evm.model.RL_5.692
OG0002813	As006G132910	evm.model.RL_1.47
OG0002814	As009G200910	evm.model.RL_4.2076
OG0002814	As006G135200	evm.model.RL_1.131
OG0002815	As009G203420	evm.model.RL_4.1897
OG0002817	As006G137530	evm.model.RL_1.350
OG0002817	As009G204350	evm.model.RL_4.1804
OG0002818	As006G138270	evm.model.RL_1.421
OG0002818	As009G206780	evm.model.RL_4.1011
OG0002819	As009G204860	evm.model.RL_4.1752
OG0002819	As006G139750	evm.model.RL_1.553
OG0002820	As006G140110	evm.model.RL_1.583, evm.model.RL_1.581
OG0002821	As006G140460	evm.model.RL_1.625, evm.model.RL_4.901
OG0002822	As006G144050	evm.model.RL_1.372.1.687c87ea
OG0002823	As006G144770	evm.model.RL_7.1110, evm.model.RL_6.1718
OG0002824	As006G146920	evm.model.RL_7.989.1.687c84b7, evm.model.RL_7.629, evm.model.RL_6.1888
OG0002825	As010G243950	evm.model.RL_3.2449
OG0002825	As007G152100	evm.model.RL_5.1404
OG0002826	As010G243210	evm.model.RL_3.2381
OG0002826	As007G152490	evm.model.RL_5.1455
OG0002827	As007G153850	evm.model.RL_5.1585, evm.model.RL_3.1658
OG0002828	As007G153940	evm.model.RL_5.1588
OG0002828	As010G241060	evm.model.RL_3.1662
OG0002829	As007G154360	evm.model.RL_3.1731
OG0002830	As010G238970	evm.model.RL_3.1870
OG0002830	As007G155230	evm.model.RL_5.1718
OG0002831	As010G238770	evm.model.RL_3.1889
OG0002831	As007G155350	evm.model.RL_5.1728
OG0002832	As007G156660	evm.model.RL_5.3683
OG0002832	As010G237250	evm.model.RL_3.2039
OG0002833	As007G156670	evm.model.RL_5.3682
OG0002833	As010G237240	evm.model.RL_3.2040
OG0002834	As007G159790	evm.model.RL_5.3392
OG0002835	As007G160850	evm.model.RL_5.3271
OG0002836	As007G161170	evm.model.RL_3.1273, evm.model.RL_5.3244
OG0002837	As007G161340	evm.model.RL_3.1226, evm.model.RL_5.3227
OG0002838	As007G162790	evm.model.RL_2.555, evm.model.RL_2.557
OG0002840	As007G180880	evm.model.RL_2.3414, evm.model.RL_6.62
OG0002841	As008G195240	evm.model.RL_6.1338, evm.model.RL_5.371
OG0002842	As008G197280, As008G197290, As008G197270	evm.model.RL_5.156
OG0002843	As008G197610	evm.model.RL_5.146
OG0002844	As009G200670	evm.model.RL_4.2140, evm.model.RL_4.2139
OG0002845	As009G204620	evm.model.RL_4.1775, evm.model.RL_1.565
OG0002846	As009G207360	evm.model.RL_3.325, evm.model.RL_4.935, evm.model.RL_3.721
OG0002847	As009G211870, As009G211860	evm.model.RL_5.3988
OG0002848	As009G216240	evm.model.RL_4.1278, evm.model.RL_7.1452
OG0002849	As010G221970	evm.model.RL_7.1464, evm.model.RL_7.1463
OG0002849	As009G216340	evm.model.RL_4.1297
OG0002850	As009G218290	evm.model.RL_8.2247
OG0002851	As009G216910	evm.model.RL_4.1358
OG0002851	As010G222370	evm.model.RL_7.1500
OG0002852	As009G216990	evm.model.RL_4.1369
OG0002853	As009G218380	evm.model.RL_8.2256
OG0002854	As009G219520, As009G219510, As009G219570, As009G219550	evm.model.RL_8.1960, evm.model.RL_8.1958
OG0002855	As009G219680	evm.model.RL_1.80, evm.model.RL_8.1944
OG0002856	As009G219710, As010G223780	evm.model.RL_7.1655
OG0002857	As010G221240	evm.model.RL_7.1378, evm.model.RL_7.1377, evm.model.RL_7.1370
OG0002859	As010G224720	evm.model.RL_7.1753
OG0002860	As010G226110, As011G263240	evm.model.RL_2.2976
OG0002861	As010G233890	evm.model.RL_5.94, evm.model.RL_3.1502
OG0002862	As010G239100	evm.model.RL_3.1858
OG0002863	As010G243440	evm.model.RL_3.2399, evm.model.RL_5.1442
OG0002864	As012G268420	evm.model.RL_5.3929
OG0002864	As011G245390	evm.model.RL_1.1255
OG0002865	As011G245720	evm.model.RL_1.1291
OG0002866	As011G245990	evm.model.RL_5.3882
OG0002867	As011G246110	evm.model.RL_1.1327
OG0002867	As012G269170	evm.model.RL_5.3871
OG0002868	As011G247630, As012G270140	evm.model.RL_1.1473, evm.model.RL_5.3754
OG0002869	As012G271540	evm.model.RL_5.1975
OG0002869	As011G252800	evm.model.RL_1.1972
OG0002870	As011G260220, As011G260320, As011G260230, As011G260250	evm.model.RL_8.1994
OG0002871	As011G262600	evm.model.RL_1.2732
OG0002872	As011G263520	evm.model.RL_2.1697, evm.model.RL_1.2837
OG0002873	As011G265610	evm.model.RL_1.3061
OG0002874	As011G267620	evm.model.RL_1.3291, evm.model.RL_2.2325
OG0002875	As012G271600	evm.model.RL_5.1970, evm.model.RL_1.1976
OG0002876	As012G272980	evm.model.RL_5.2089
OG0002877	As012G281230	evm.model.RL_7.868, evm.model.RL_6.2041
OG0002879	As012G283630	evm.model.RL_7.658, evm.model.RL_6.2264
OG0002880	As012G283930	evm.model.RL_7.634, evm.model.RL_4.2970
OG0002890	As011G267320	evm.model.RL_1.3256
OG0002890	As001G000270	evm.model.RL_2.2350
OG0002891	As007G179070	evm.model.RL_6.272
OG0002891	As001G002500	evm.model.RL_2.2561
OG0002892	As007G176760	evm.model.RL_6.416
OG0002892	As001G004370	evm.model.RL_2.2707
OG0002893	As001G004560	evm.model.RL_2.2721, evm.model.RL_6.433
OG0002894	As010G226250	evm.model.RL_7.1916
OG0002894	As001G005380	evm.model.RL_2.2778
OG0002895	As006G131970	evm.model.RL_6.518
OG0002895	As001G005770	evm.model.RL_2.2809
OG0002896	As001G012130	evm.model.RL_2.2886
OG0002896	As011G262260	evm.model.RL_1.2691
OG0002897	As001G014440	evm.model.RL_2.2999
OG0002897	As011G263470	evm.model.RL_1.2830
OG0002899	As001G016720	evm.model.RL_5.2739, evm.model.RL_6.1637
OG0002900	As004G079980	evm.model.RL_6.1657
OG0002901	As001G021000	evm.model.RL_3.389
OG0002902	As001G021920	evm.model.RL_3.309
OG0002903	As001G022250	evm.model.RL_5.1366
OG0002904	As008G182720	evm.model.RL_5.1322
OG0002904	As001G023030	evm.model.RL_7.2632
OG0002905	As001G026940	evm.model.RL_7.2210
OG0002906	As001G031240	evm.model.RL_3.133_evm.model.RL_3.134.1.687c975b, evm.model.RL_2.130
OG0002907	As002G049140	evm.model.RL_8.1821
OG0002907	As002G032540	evm.model.RL_2.2100
OG0002908	As002G034870, As002G049680	evm.model.RL_8.1874
OG0002909	As002G036070	evm.model.RL_1.972
OG0002909	As009G214320	evm.model.RL_4.3062
OG0002910	As009G212330	evm.model.RL_4.2909
OG0002910	As002G037490	evm.model.RL_1.1072
OG0002911	As002G039050	evm.model.RL_1.1144, evm.model.RL_4.2240
OG0002912	As002G045830	evm.model.RL_8.1465
OG0002912	As006G132290	evm.model.RL_5.3306
OG0002913	As002G046250	evm.model.RL_2.2242
OG0002914	As002G047770, As006G134250	evm.model.RL_2.2170
OG0002915	As002G049850	evm.model.RL_8.1892
OG0002916	As002G050530	evm.model.RL_5.3147, evm.model.RL_5.3169
OG0002917	As002G051300	evm.model.RL_4.2390, evm.model.RL_4.1141
OG0002918	As002G054630	evm.model.RL_4.1404, evm.model.RL_4.2722
OG0002919	As002G055050	evm.model.RL_4.2775
OG0002920	As002G055540	evm.model.RL_8.2282
OG0002921	As003G055710	evm.model.RL_2.1288
OG0002921	As004G091060	evm.model.RL_4.50
OG0002922	As004G089490	evm.model.RL_4.118, evm.model.RL_4.109
OG0002923	As003G059680	evm.model.RL_2.1667_evm.model.RL_2.1668_evm.model.RL_2.1669_evm.model.RL_2.1670
OG0002924	As004G085010	evm.model.RL_8.561
OG0002924	As003G060750	evm.model.RL_2.1780
OG0002925	As003G060930	evm.model.RL_8.585
OG0002926	As003G062430, As004G083750	evm.model.RL_5.2653, evm.model.RL_5.2656, evm.model.RL_8.734
OG0002927	As003G062980	evm.model.RL_5.2599
OG0002928	As003G063290	evm.model.RL_5.2550
OG0002928	As010G234620	evm.model.RL_3.1575
OG0002929	As003G063510	evm.model.RL_5.2522.1.687c88bb
OG0002930	As003G069000	evm.model.RL_5.3062
OG0002931	As003G071890	evm.model.RL_2.3080
OG0002933	As003G073620	evm.model.RL_2.3256, evm.model.RL_6.218
OG0002934	As003G074190	evm.model.RL_2.3299, evm.model.RL_2.3300
OG0002934	As007G180010	evm.model.RL_6.174
OG0002935	As003G075690	evm.model.RL_6.59
OG0002936	As003G075770	evm.model.RL_2.3423
OG0002937	As003G075880, As003G075870	evm.model.RL_2.3434, evm.model.RL_2.3435
OG0002938	As003G076270	evm.model.RL_2.3471
OG0002939	As004G080670	evm.model.RL_8.919, evm.model.RL_1.2708, evm.model.RL_8.918, evm.model.RL_8.572
OG0002940	As004G080970	evm.model.RL_6.1510, evm.model.RL_8.911
OG0002942	As004G095150	evm.model.RL_2.918
OG0002942	As011G255680	evm.model.RL_1.2275
OG0002943	As004G097800	evm.model.RL_2.106, evm.model.RL_2.108, evm.model.RL_1.2621
OG0002944	As012G288390	evm.model.RL_7.113
OG0002944	As005G099470	evm.model.RL_6.2897
OG0002945	As011G262010, As005G099620	evm.model.RL_8.1908
OG0002946	As005G100780	evm.model.RL_6.2776
OG0002947	As012G286270	evm.model.RL_7.329
OG0002947	As005G102260	evm.model.RL_6.2624
OG0002949	As005G102770	evm.model.RL_7.1804
OG0002951	As005G103310	evm.model.RL_6.2512, evm.model.RL_6.2513
OG0002952	As005G103620	evm.model.RL_6.2489, evm.model.RL_7.398
OG0002953	As005G103850	evm.model.RL_6.2472
OG0002953	As012G285610	evm.model.RL_7.402
OG0002954	As005G103920, As012G285590	evm.model.RL_7.405
OG0002955	As005G106570	evm.model.RL_4.3385
OG0002956	As005G112690	evm.model.RL_4.1541
OG0002957	As010G225170	evm.model.RL_7.1805
OG0002957	As005G114440	evm.model.RL_8.2101
OG0002958	As007G178300, As005G115210, As005G115130, As005G115110	evm.model.RL_4.1427
OG0002959	As005G118360	evm.model.RL_4.2544
OG0002961	As005G120200	evm.model.RL_8.2801, evm.model.RL_7.1300
OG0002962	As006G120960	evm.model.RL_5.3035
OG0002963	As008G198490	evm.model.RL_5.58
OG0002965	As006G124330	evm.model.RL_4.444
OG0002966	As008G197040	evm.model.RL_5.248
OG0002966	As006G124460	evm.model.RL_4.460
OG0002967	As006G124650	evm.model.RL_4.481
OG0002967	As008G196470	evm.model.RL_5.269
OG0002968	As008G196450	evm.model.RL_5.270
OG0002968	As006G124680	evm.model.RL_4.484
OG0002969	As008G196060	evm.model.RL_5.303
OG0002969	As006G125390	evm.model.RL_6.1418
OG0002970	As006G125530	evm.model.RL_6.1407
OG0002970	As008G195970	evm.model.RL_5.313
OG0002971	As008G195980	evm.model.RL_5.312
OG0002971	As006G125540	evm.model.RL_6.1408
OG0002972	As008G195210	evm.model.RL_5.374
OG0002972	As006G126330	evm.model.RL_6.1333
OG0002973	As008G193960	evm.model.RL_5.478
OG0002973	As006G127510	evm.model.RL_6.1210
OG0002974	As006G129330	evm.model.RL_6.993
OG0002975	As006G132020	evm.model.RL_2.2797, evm.model.RL_6.509
OG0002976	As006G133020	evm.model.RL_4.2176, evm.model.RL_1.56
OG0002977	As006G133120	evm.model.RL_1.65
OG0002977	As009G200420	evm.model.RL_4.2161
OG0002978	As006G134070	evm.model.RL_8.1964, evm.model.RL_4.2480
OG0002979	As006G134610	evm.model.RL_8.1625, evm.model.RL_2.2188.2.687c86e5
OG0002980	As006G138640	evm.model.RL_1.451
OG0002980	As009G206310	evm.model.RL_4.1044
OG0002981	As006G139720	evm.model.RL_4.1748
OG0002982	As006G144850	evm.model.RL_6.1723
OG0002983	As006G145220	evm.model.RL_6.1761
OG0002983	As012G276680	evm.model.RL_7.1080
OG0002984	As006G145240	evm.model.RL_6.1765, evm.model.RL_6.1763
OG0002985	As006G145790, As006G145780	evm.model.RL_6.1868
OG0002988	As010G238160	evm.model.RL_3.1956
OG0002988	As007G155970	evm.model.RL_5.1802
OG0002990	As010G229850, As007G161280	evm.model.RL_5.3232
OG0002991	As007G165450	evm.model.RL_2.2063, evm.model.RL_2.2064
OG0002993	As008G188150	evm.model.RL_4.1296.1.687c86d3
OG0002994	As008G195400	evm.model.RL_5.361
OG0002995	As008G197220	evm.model.RL_2.3203, evm.model.RL_5.188
OG0002996	As009G211470	evm.model.RL_4.1115
OG0002996	As009G205440	evm.model.RL_4.1117
OG0002997	As009G207200	evm.model.RL_4.962, evm.model.RL_4.965
OG0002998	As009G211120	evm.model.RL_4.2857
OG0002999	As009G213270	evm.model.RL_4.2997
OG0003000	As009G217860	evm.model.RL_8.2194
OG0003001	As009G218700	evm.model.RL_8.2295
OG0003002	As010G225190	evm.model.RL_7.1806
OG0003003	As010G241350	evm.model.RL_5.1575, evm.model.RL_3.1635
OG0003004	As011G246950	evm.model.RL_5.3801, evm.model.RL_1.1402
OG0003005	As012G274670	evm.model.RL_2.1130.2.687c86e2
OG0003005	As011G248900	evm.model.RL_1.1590.1.687c87ed
OG0003006	As012G274340	evm.model.RL_2.1162
OG0003006	As011G249140	evm.model.RL_1.1620.1.687c87ed
OG0003007	As011G249150	evm.model.RL_2.1176, evm.model.RL_1.1622
OG0003008	As012G273130	evm.model.RL_5.2137, evm.model.RL_5.2207
OG0003008	As011G250370	evm.model.RL_1.1741
OG0003009	As011G251640	evm.model.RL_1.1860
OG0003009	As012G272550	evm.model.RL_5.2044
OG0003010	As012G271740	evm.model.RL_5.1954
OG0003010	As011G253010	evm.model.RL_1.1996
OG0003011	As011G255440	evm.model.RL_1.2253, evm.model.RL_1.2254
OG0003013	As011G263620	evm.model.RL_1.2856, evm.model.RL_2.3028
OG0003014	As011G264920	evm.model.RL_1.2980, evm.model.RL_2.2685, evm.model.RL_1.2609
OG0003015	As011G266410	evm.model.RL_1.3149
OG0003016	As012G271370	evm.model.RL_5.1906, evm.model.RL_1.2044
OG0003018	As012G281520	evm.model.RL_7.853, evm.model.RL_6.2051
OG0003019	As012G282450, As012G282290	evm.model.RL_1.1419, evm.model.RL_5.3787
OG0003020	As012G285870	evm.model.RL_6.2528, evm.model.RL_7.373
OG0003033	As001G000700	evm.model.RL_2.2398
OG0003033	As011G266880	evm.model.RL_1.3196
OG0003036	As001G012870	evm.model.RL_2.2943, evm.model.RL_1.2742
OG0003037	As001G014600	evm.model.RL_2.3008
OG0003038	As001G015900	evm.model.RL_5.2810, evm.model.RL_6.1652
OG0003039	As008G187230	evm.model.RL_5.907
OG0003039	As001G020340	evm.model.RL_3.508, evm.model.RL_3.120
OG0003040	As001G020420	evm.model.RL_3.498, evm.model.RL_3.497
OG0003041	As001G021030	evm.model.RL_3.385
OG0003041	As008G186920	evm.model.RL_5.934
OG0003042	As001G026770	evm.model.RL_7.2234
OG0003044	As008G185100	evm.model.RL_5.1095
OG0003044	As001G031920	evm.model.RL_3.222
OG0003045	As002G037950, As002G037960	evm.model.RL_1.1102_evm.model.RL_1.1103.1.687c9a66, evm.model.RL_1.1101
OG0003046	As002G045170, As002G045180	evm.model.RL_8.1437, evm.model.RL_2.2304
OG0003047	As002G053800	evm.model.RL_4.2641
OG0003048	As005G116650	evm.model.RL_8.2510
OG0003048	As002G054230	evm.model.RL_4.2684
OG0003049	As004G089930	evm.model.RL_4.86
OG0003050	As004G085000	evm.model.RL_8.530
OG0003050	As003G060760	evm.model.RL_2.1781
OG0003051	As003G060980	evm.model.RL_2.1808
OG0003051	As004G084740	evm.model.RL_8.598
OG0003052	As004G080140	evm.model.RL_8.826
OG0003053	As004G080710	evm.model.RL_8.896
OG0003053	As003G064290	evm.model.RL_6.1191
OG0003054	As003G065530	evm.model.RL_5.2256
OG0003054	As004G082430	evm.model.RL_4.649
OG0003055	As003G068720	evm.model.RL_5.3072
OG0003057	As003G071950	evm.model.RL_2.3089
OG0003058	As003G073190	evm.model.RL_2.3215
OG0003059	As004G078830	evm.model.RL_6.1594
OG0003061	As004G091040	evm.model.RL_4.48
OG0003062	As004G091700	evm.model.RL_1.2574
OG0003063	As011G256870	evm.model.RL_1.2371
OG0003064	As004G095360	evm.model.RL_1.2232
OG0003065	As004G096320	evm.model.RL_2.1055, evm.model.RL_1.2111
OG0003066	As005G098610, As012G288910	evm.model.RL_3.96
OG0003067	As005G101750	evm.model.RL_6.2669
OG0003067	As012G286910	evm.model.RL_7.285
OG0003068	As005G103410	evm.model.RL_6.2503
OG0003069	As005G106180	evm.model.RL_6.2272
OG0003069	As012G283700	evm.model.RL_7.649
OG0003070	As010G226890, As005G112350	evm.model.RL_4.1568
OG0003071	As010G225530	evm.model.RL_7.1827
OG0003073	As005G117990, As006G139190	evm.model.RL_1.513
OG0003074	As010G221490	evm.model.RL_7.1419
OG0003074	As005G118890	evm.model.RL_8.2675
OG0003075	As005G118970	evm.model.RL_8.2685
OG0003075	As010G221440	evm.model.RL_7.1413
OG0003076	As005G119750	evm.model.RL_8.2768
OG0003078	As005G120710, As005G120690	evm.model.RL_8.2846
OG0003079	As006G121290	evm.model.RL_8.87
OG0003079	As008G199130	evm.model.RL_8.2884
OG0003080	As006G127070	evm.model.RL_6.1258
OG0003080	As008G194380	evm.model.RL_5.441
OG0003081	As009G218020	evm.model.RL_8.2215
OG0003082	As006G128060	evm.model.RL_6.1141
OG0003083	As008G192920	evm.model.RL_5.581
OG0003083	As006G128710	evm.model.RL_6.1065
OG0003085	As006G130800	evm.model.RL_6.813, evm.model.RL_6.812
OG0003087	As006G136280	evm.model.RL_1.244
OG0003088	As006G138140	evm.model.RL_1.2163
OG0003089	As006G139090	evm.model.RL_1.502, evm.model.RL_4.1079
OG0003090	As009G204770, As009G204780	evm.model.RL_4.1759
OG0003090	As006G139800, As006G139810	evm.model.RL_1.559
OG0003091	As012G278880	evm.model.RL_7.1215
OG0003093	As010G243940	evm.model.RL_3.2448
OG0003093	As007G152110	evm.model.RL_5.1405
OG0003094	As007G153470	evm.model.RL_5.1548
OG0003095	As007G153700	evm.model.RL_5.1569, evm.model.RL_8.1157
OG0003096	As007G159050	evm.model.RL_5.3474, evm.model.RL_5.3476
OG0003099	As010G221090, As008G186160	evm.model.RL_5.2249
OG0003100	As008G193240	evm.model.RL_6.1138
OG0003101	As009G200630	evm.model.RL_4.2143
OG0003101	As009G206010	evm.model.RL_1.77
OG0003102	As009G211480	evm.model.RL_1.2870, evm.model.RL_4.2244
OG0003103	As009G218070	evm.model.RL_8.2222, evm.model.RL_4.2783
OG0003104	As009G218280	evm.model.RL_8.2246
OG0003105	As010G223280, As009G219090	evm.model.RL_7.1588_evm.model.RL_7.1589.1.687c976a
OG0003106	As010G220410	evm.model.RL_7.1269
OG0003107	As010G223630	evm.model.RL_7.1638
OG0003108	As010G227010	evm.model.RL_7.1959
OG0003109	As010G240450	evm.model.RL_3.1732, evm.model.RL_3.1733
OG0003110	As010G243040	evm.model.RL_5.4016
OG0003111	As011G245300	evm.model.RL_1.1249
OG0003111	As012G268350	evm.model.RL_5.3936
OG0003112	As012G268700, As011G245490	evm.model.RL_1.751
OG0003113	As011G248020	evm.model.RL_1.1506
OG0003115	As012G271390, As011G253330	evm.model.RL_5.1908
OG0003116	As011G255420	evm.model.RL_1.2251
OG0003117	As011G257560	evm.model.RL_1.2379, evm.model.RL_2.819
OG0003118	As011G259380	evm.model.RL_8.163
OG0003119	As011G263390	evm.model.RL_1.2821
OG0003120	As011G263430	evm.model.RL_1.2825
OG0003121	As012G269010	evm.model.RL_1.1309, evm.model.RL_5.3890
OG0003122	As012G274910	evm.model.RL_6.1572, evm.model.RL_5.2867
OG0003124	As012G278130	evm.model.RL_6.1899
OG0003139	As001G001020	evm.model.RL_2.2436, evm.model.RL_2.2467
OG0003141	As001G013880, As001G013890	evm.model.RL_2.2959
OG0003142	As001G015570	evm.model.RL_2.3052
OG0003143	As004G083010	evm.model.RL_6.1664
OG0003143	As001G018020	evm.model.RL_2.1201
OG0003144	As008G186710	evm.model.RL_5.950
OG0003144	As001G021150	evm.model.RL_3.435
OG0003145	As001G021160	evm.model.RL_5.952, evm.model.RL_3.391
OG0003146	As001G023390	evm.model.RL_7.2598
OG0003147	As001G025910	evm.model.RL_7.2324.1.687c84bc
OG0003148	As001G026170	evm.model.RL_7.2289
OG0003148	As004G097620	evm.model.RL_2.68
OG0003150	As001G027700	evm.model.RL_7.2114
OG0003150	As004G078350	evm.model.RL_2.289
OG0003151	As001G029590	evm.model.RL_2.568
OG0003152	As004G098120	evm.model.RL_2.159
OG0003153	As001G030750	evm.model.RL_3.65, evm.model.RL_2.158.2.687c86e0
OG0003154	As004G097870	evm.model.RL_2.127
OG0003154	As001G031280	evm.model.RL_3.149
OG0003155	As009G214140, As002G036180	evm.model.RL_4.3044
OG0003156	As002G042480	evm.model.RL_5.2194, evm.model.RL_5.2192
OG0003157	As006G134590, As002G047110	evm.model.RL_8.1619
OG0003158	As002G053170	evm.model.RL_4.2563
OG0003159	As003G058570	evm.model.RL_2.1580
OG0003160	As004G082280	evm.model.RL_4.628
OG0003163	As004G085770	evm.model.RL_8.460
OG0003164	As004G094040	evm.model.RL_2.839
OG0003164	As011G256430	evm.model.RL_1.2334
OG0003165	As010G242190, As004G096240	evm.model.RL_3.2288
OG0003166	As005G101140	evm.model.RL_6.2740
OG0003166	As012G287420	evm.model.RL_7.230
OG0003167	As005G101620, As005G101630	evm.model.RL_6.2686
OG0003168	As005G106450, As005G106500	evm.model.RL_1.801
OG0003169	As005G107740	evm.model.RL_1.865, evm.model.RL_4.3268
OG0003170	As005G119110	evm.model.RL_8.2701
OG0003171	As006G122380	evm.model.RL_8.223
OG0003172	As006G122440	evm.model.RL_8.215.1.687c8555, evm.model.RL_8.217
OG0003173	As006G123600, As006G123610	evm.model.RL_8.316
OG0003175	As008G195660	evm.model.RL_5.337
OG0003175	As006G125860	evm.model.RL_6.1363
OG0003176	As006G125980, As006G125970	evm.model.RL_6.1376
OG0003177	As006G128880	evm.model.RL_6.1041, evm.model.RL_6.1040
OG0003178	As006G133380	evm.model.RL_1.24
OG0003178	As009G200280	evm.model.RL_4.2214
OG0003179	As009G200340	evm.model.RL_4.2221
OG0003180	As009G207110	evm.model.RL_4.970
OG0003180	As006G137880	evm.model.RL_1.384
OG0003181	As006G138760	evm.model.RL_5.769, evm.model.RL_1.477
OG0003182	As006G142190	evm.model.RL_1.800, evm.model.RL_4.3391
OG0003183	As006G143710	evm.model.RL_2.1153, evm.model.RL_6.2035, evm.model.RL_6.2034
OG0003184	As006G144650	evm.model.RL_6.1705
OG0003185	As006G148040	evm.model.RL_6.1926, evm.model.RL_6.1928, evm.model.RL_6.1925
OG0003186	As007G154910	evm.model.RL_5.1681
OG0003186	As010G239450	evm.model.RL_3.1820
OG0003187	As010G237510	evm.model.RL_3.2008.1.687c84bd
OG0003187	As007G156370	evm.model.RL_5.1851
OG0003188	As007G156780	evm.model.RL_5.3672
OG0003189	As007G156790	evm.model.RL_5.3670
OG0003190	As010G235870	evm.model.RL_3.2158
OG0003192	As007G159840	evm.model.RL_6.161, evm.model.RL_5.1636
OG0003193	As010G228330, As007G162010	evm.model.RL_3.1131
OG0003194	As007G178260	evm.model.RL_6.318
OG0003195	As007G180480	evm.model.RL_6.118, evm.model.RL_6.89
OG0003196	As008G182440	evm.model.RL_5.1351
OG0003199	As008G190490	evm.model.RL_1.2703, evm.model.RL_1.2705
OG0003200	As008G190800	evm.model.RL_5.701
OG0003201	As008G194490	evm.model.RL_5.324, evm.model.RL_5.890
OG0003202	As008G197050	evm.model.RL_5.246, evm.model.RL_6.1773
OG0003203	As009G206950	evm.model.RL_4.991, evm.model.RL_1.452
OG0003204	As009G214600	evm.model.RL_4.3085, evm.model.RL_1.958
OG0003205	As011G256540	evm.model.RL_3.1813
OG0003205	As009G215060	evm.model.RL_4.1197
OG0003206	As009G215340	evm.model.RL_4.1201
OG0003207	As009G217560	evm.model.RL_8.2151
OG0003208	As010G236670, As010G236680	evm.model.RL_3.2085
OG0003209	As011G246360	evm.model.RL_1.1350
OG0003211	As011G247480	evm.model.RL_5.1621, evm.model.RL_1.1456.1.687c87ed
OG0003212	As011G248070	evm.model.RL_1.1511
OG0003213	As011G248330	evm.model.RL_1.1540
OG0003214	As011G250070	evm.model.RL_1.1714
OG0003215	As011G250690	evm.model.RL_5.2123
OG0003216	As011G265500	evm.model.RL_1.3003
OG0003217	As011G267290	evm.model.RL_1.3250
OG0003218	As012G270030	evm.model.RL_5.3766, evm.model.RL_5.3767
OG0003219	As012G271490	evm.model.RL_1.2033
OG0003222	As012G281200	evm.model.RL_7.871_evm.model.RL_7.872.2.687c9766.3.687cb0fa.1.687cc9ee
OG0003223	As012G282130	evm.model.RL_2.2761
OG0003224	As012G282320, As012G282440	evm.model.RL_7.766
OG0003225	As012G284760	evm.model.RL_7.735
OG0003226	As012G285770	evm.model.RL_7.384, evm.model.RL_6.2504
OG0003247	As001G002660	evm.model.RL_2.2574
OG0003247	As007G178960	evm.model.RL_6.288
OG0003248	As001G002810, As007G178580	evm.model.RL_6.291
OG0003249	As001G004570	evm.model.RL_2.2722, evm.model.RL_6.435
OG0003250	As001G004950	evm.model.RL_2.2747
OG0003251	As001G010070	evm.model.RL_2.806, evm.model.RL_2.1056
OG0003253	As006G124430, As006G124420, As001G012340	evm.model.RL_4.455, evm.model.RL_4.458, evm.model.RL_4.457, evm.model.RL_4.456
OG0003254	As001G012950, As001G013440	evm.model.RL_6.2319
OG0003254	As005G104800, As001G012960	evm.model.RL_6.2380
OG0003255	As001G015840	evm.model.RL_5.2818
OG0003255	As004G078910	evm.model.RL_5.877
OG0003256	As001G024690	evm.model.RL_5.1177, evm.model.RL_7.2453
OG0003257	As001G026920	evm.model.RL_7.2212, evm.model.RL_2.206
OG0003258	As004G077970	evm.model.RL_2.344
OG0003260	As002G043840	evm.model.RL_7.756
OG0003261	As002G044910	evm.model.RL_8.1405
OG0003262	As002G045810	evm.model.RL_8.1467
OG0003263	As002G046720	evm.model.RL_8.1587
OG0003264	As002G051950	evm.model.RL_4.2459, evm.model.RL_4.1205
OG0003265	As002G052510	evm.model.RL_4.2513
OG0003265	As002G052520, As007G177780	evm.model.RL_7.1730
OG0003266	As009G217180	evm.model.RL_4.1394
OG0003266	As002G054550	evm.model.RL_4.2714
OG0003267	As010G239510	evm.model.RL_3.1810
OG0003267	As002G054690	evm.model.RL_4.2731
OG0003269	As003G063720, As003G063650, As003G063670, As003G060450, As004G085330	evm.model.RL_8.523
OG0003271	As003G068290	evm.model.RL_5.3091, evm.model.RL_3.1577
OG0003272	As003G071130	evm.model.RL_5.2878, evm.model.RL_5.2879
OG0003274	As003G071680	evm.model.RL_2.3064
OG0003275	As003G071920	evm.model.RL_2.3084
OG0003276	As011G265520	evm.model.RL_1.3001
OG0003277	As003G072780	evm.model.RL_2.3174
OG0003278	As003G076070	evm.model.RL_2.3449
OG0003279	As003G076080	evm.model.RL_2.3450
OG0003280	As004G079190	evm.model.RL_6.1644
OG0003283	As004G093520	evm.model.RL_2.814
OG0003284	As004G094590	evm.model.RL_2.875, evm.model.RL_1.2295
OG0003285	As004G094820	evm.model.RL_2.883
OG0003286	As004G095820	evm.model.RL_2.999, evm.model.RL_1.2179
OG0003287	As004G096020	evm.model.RL_2.1020, evm.model.RL_1.2155
OG0003288	As005G099390	evm.model.RL_6.2902
OG0003289	As005G103340	evm.model.RL_6.2510
OG0003290	As005G107020	evm.model.RL_4.3336
OG0003291	As005G112190	evm.model.RL_3.2012
OG0003292	As005G113660, As010G225920	evm.model.RL_7.1868
OG0003293	As010G222620	evm.model.RL_7.1529
OG0003293	As005G116260	evm.model.RL_8.2404.1.687c8561
OG0003294	As005G117700	evm.model.RL_8.2552
OG0003295	As010G221600	evm.model.RL_7.1428
OG0003296	As005G120210	evm.model.RL_8.2802
OG0003296	As010G220690	evm.model.RL_7.1298
OG0003297	As005G120390	evm.model.RL_5.2415
OG0003298	As006G124470	evm.model.RL_4.461
OG0003299	As006G126230	evm.model.RL_6.1347, evm.model.RL_5.366
OG0003300	As006G128530	evm.model.RL_5.569, evm.model.RL_6.1091
OG0003301	As006G130610	evm.model.RL_6.773, evm.model.RL_6.776
OG0003302	As006G131610	evm.model.RL_6.562, evm.model.RL_2.2837
OG0003304	As006G133920	evm.model.RL_4.3424
OG0003304	As006G142030	evm.model.RL_1.784, evm.model.RL_1.785
OG0003305	As006G136050	evm.model.RL_1.226
OG0003305	As009G202840	evm.model.RL_4.1952
OG0003306	As006G138040	evm.model.RL_1.400
OG0003307	As006G138370	evm.model.RL_4.1025
OG0003308	As006G141290	evm.model.RL_1.705, evm.model.RL_4.786
OG0003309	As006G148620, As009G212270	evm.model.RL_2.2035
OG0003310	As007G153460	evm.model.RL_5.1547
OG0003310	As010G241900	evm.model.RL_3.2249
OG0003312	As010G240150	evm.model.RL_3.1757
OG0003312	As007G154450	evm.model.RL_5.1665, evm.model.RL_5.1660
OG0003313	As007G154590	evm.model.RL_5.1645
OG0003314	As010G238780, As007G155340	evm.model.RL_3.1888, evm.model.RL_5.1727
OG0003315	As007G157170	evm.model.RL_5.3625
OG0003316	As007G158290	evm.model.RL_5.3536, evm.model.RL_5.3534
OG0003317	As007G158600	evm.model.RL_5.3509, evm.model.RL_7.1892, evm.model.RL_7.1877, evm.model.RL_5.3506
OG0003318	As007G159430	evm.model.RL_5.3436
OG0003319	As007G160400	evm.model.RL_3.1355
OG0003320	As007G161580	evm.model.RL_5.3205
OG0003321	As007G176610	evm.model.RL_6.420
OG0003322	As008G185720	evm.model.RL_5.1034
OG0003323	As008G192340, As008G192600	evm.model.RL_5.608
OG0003324	As009G200870, As009G200840	evm.model.RL_1.97, evm.model.RL_2.41
OG0003325	As009G206630, As009G206770	evm.model.RL_4.1014
OG0003326	As009G211740	evm.model.RL_4.2874
OG0003327	As009G213040	evm.model.RL_7.774
OG0003329	As010G229480	evm.model.RL_3.1164
OG0003330	As010G232880	evm.model.RL_3.1377, evm.model.RL_5.3345
OG0003331	As010G235720	evm.model.RL_3.2171
OG0003332	As010G238330	evm.model.RL_3.1936
OG0003333	As010G239610	evm.model.RL_3.1800, evm.model.RL_5.1672
OG0003334	As010G242170	evm.model.RL_3.2280_evm.model.RL_3.2281
OG0003335	As010G242230	evm.model.RL_3.2292
OG0003336	As012G268160, As011G245170	evm.model.RL_1.1239_evm.model.RL_1.1238
OG0003337	As011G249300	evm.model.RL_5.2218
OG0003338	As011G254220	evm.model.RL_1.2132, evm.model.RL_2.1034
OG0003341	As012G284510, As012G284500	evm.model.RL_7.545, evm.model.RL_7.546, evm.model.RL_7.544
OG0003359	As001G004550	evm.model.RL_2.2720
OG0003360	As001G004820	evm.model.RL_2.2737
OG0003362	As001G012370	evm.model.RL_1.2698, evm.model.RL_2.2895_evm.model.RL_2.2896
OG0003363	As001G012710	evm.model.RL_2.2952
OG0003364	As001G014620	evm.model.RL_2.3010
OG0003366	As001G017300, As004G079860	evm.model.RL_2.1264, evm.model.RL_6.1602
OG0003367	As001G023260	evm.model.RL_7.2610, evm.model.RL_5.1307
OG0003368	As001G023790	evm.model.RL_7.2560, evm.model.RL_2.175
OG0003369	As001G024340	evm.model.RL_2.232, evm.model.RL_7.2499
OG0003370	As008G184030	evm.model.RL_5.1188
OG0003370	As001G024850	evm.model.RL_7.2438
OG0003371	As004G097400	evm.model.RL_2.43
OG0003371	As001G026520	evm.model.RL_7.2258
OG0003372	As004G078490	evm.model.RL_2.260
OG0003372	As001G027560	evm.model.RL_7.2135
OG0003373	As004G077410	evm.model.RL_2.435
OG0003374	As001G029750	evm.model.RL_3.870
OG0003375	As001G031110	evm.model.RL_3.108
OG0003376	As002G033240, As002G032580	evm.model.RL_2.2106
OG0003378	As002G040740	evm.model.RL_8.1081
OG0003379	As002G047130	evm.model.RL_2.2189
OG0003380	As002G049460	evm.model.RL_8.1854
OG0003381	As002G049570	evm.model.RL_2.2321
OG0003382	As002G053070	evm.model.RL_8.2586, evm.model.RL_4.2555
OG0003383	As009G218010	evm.model.RL_8.2214
OG0003384	As003G057350	evm.model.RL_2.1448
OG0003385	As003G058630, As004G086710	evm.model.RL_2.1586
OG0003386	As008G183260, As008G183150, As011G253860, As003G060190	evm.model.RL_2.1717
OG0003387	As004G083680	evm.model.RL_8.740
OG0003389	As003G069450	evm.model.RL_5.3027
OG0003390	As003G070950	evm.model.RL_5.2894, evm.model.RL_5.2893
OG0003391	As003G072890	evm.model.RL_2.3184
OG0003392	As003G074460	evm.model.RL_2.3320
OG0003392	As007G180200	evm.model.RL_6.153
OG0003393	As007G180240	evm.model.RL_6.148
OG0003394	As004G077150	evm.model.RL_2.504
OG0003395	As004G084260	evm.model.RL_8.673
OG0003396	As004G084450	evm.model.RL_8.651, evm.model.RL_8.647
OG0003397	As004G088040	evm.model.RL_4.280
OG0003399	As004G094640	evm.model.RL_2.880, evm.model.RL_2.879, evm.model.RL_2.881
OG0003400	As004G094890	evm.model.RL_2.895, evm.model.RL_4.524
OG0003402	As004G096470	evm.model.RL_3.1029
OG0003403	As012G288800	evm.model.RL_7.70
OG0003404	As005G099700	evm.model.RL_6.2876
OG0003405	As012G285790, As005G103390	evm.model.RL_7.383
OG0003407	As005G106080, As005G106190	evm.model.RL_4.3414
OG0003407	As006G142110	evm.model.RL_1.791
OG0003408	As010G221480	evm.model.RL_7.1417
OG0003408	As005G118920	evm.model.RL_8.2678
OG0003409	As005G119220	evm.model.RL_7.1405, evm.model.RL_8.2712
OG0003410	As006G121820	evm.model.RL_8.105
OG0003410	As008G198740	evm.model.RL_5.16
OG0003411	As006G123300	evm.model.RL_1.2540, evm.model.RL_8.274
OG0003412	As006G126310	evm.model.RL_6.1335
OG0003412	As008G195230	evm.model.RL_5.372
OG0003413	As006G127980	evm.model.RL_6.1150
OG0003414	As006G128650	evm.model.RL_6.1075
OG0003415	As006G133010, As006G132990	evm.model.RL_1.55
OG0003416	As009G202130	evm.model.RL_4.2017
OG0003417	As006G138460	evm.model.RL_4.1035
OG0003418	As006G138650	evm.model.RL_1.450
OG0003419	As009G204810	evm.model.RL_4.1757
OG0003420	As006G142690, As006G142680	evm.model.RL_8.1078, evm.model.RL_6.2144
OG0003422	As006G146040	evm.model.RL_6.1847
OG0003422	As012G277250	evm.model.RL_7.1035
OG0003423	As006G146860	evm.model.RL_6.1883, evm.model.RL_6.1885, evm.model.RL_6.1884
OG0003424	As006G147230	evm.model.RL_6.1969
OG0003425	As007G152070	evm.model.RL_5.1400
OG0003426	As007G153720	evm.model.RL_5.1570
OG0003427	As007G156960	evm.model.RL_5.3653
OG0003428	As007G157140	evm.model.RL_5.3631
OG0003429	As007G157150	evm.model.RL_5.3627
OG0003429	As010G236620	evm.model.RL_3.2091
OG0003430	As007G160070	evm.model.RL_5.3366
OG0003430	As010G233060	evm.model.RL_3.1399
OG0003431	As007G160430	evm.model.RL_5.3321
OG0003432	As007G161360	evm.model.RL_5.3225.4.687c88c0, evm.model.RL_5.1069
OG0003433	As007G176830	evm.model.RL_6.406
OG0003435	As008G199000	evm.model.RL_8.2870
OG0003436	As008G188270, As008G188260	evm.model.RL_5.811
OG0003437	As009G200110	evm.model.RL_8.1200
OG0003438	As009G200700	evm.model.RL_1.87
OG0003439	As009G203440	evm.model.RL_4.1893
OG0003440	As009G203860	evm.model.RL_4.1852
OG0003443	As010G222150	evm.model.RL_7.1476
OG0003444	As010G223080	evm.model.RL_7.1571_evm.model.RL_7.1573
OG0003445	As010G225730	evm.model.RL_4.1428
OG0003446	As010G233880	evm.model.RL_3.1501, evm.model.RL_5.3458
OG0003447	As010G235060	evm.model.RL_3.1610
OG0003448	As010G242830	evm.model.RL_3.2346, evm.model.RL_5.1483
OG0003449	As011G244700	evm.model.RL_1.1181
OG0003450	As012G268610	evm.model.RL_5.3922
OG0003450	As011G245440	evm.model.RL_1.1259
OG0003451	As011G249780, As011G249760	evm.model.RL_1.1689
OG0003452	As011G250120	evm.model.RL_1.1720, evm.model.RL_1.1719
OG0003454	As011G262740	evm.model.RL_1.2760
OG0003455	As011G263340	evm.model.RL_2.2987, evm.model.RL_1.2817
OG0003456	As012G270150	evm.model.RL_5.3753
OG0003456	As011G267510	evm.model.RL_1.3269
OG0003457	As012G281150	evm.model.RL_7.878, evm.model.RL_7.874, evm.model.RL_7.876
OG0003481	As011G266040	evm.model.RL_1.3118
OG0003481	As001G001730	evm.model.RL_2.2504
OG0003483	As001G003300	evm.model.RL_5.2248
OG0003484	As001G004940	evm.model.RL_2.2745
OG0003485	As005G117350, As001G010570	evm.model.RL_2.2872
OG0003486	As006G126730, As006G124720, As004G079930, As001G018450	evm.model.RL_4.1486
OG0003487	As001G018480	evm.model.RL_2.411
OG0003489	As001G020530	evm.model.RL_3.486.1.687c84ba, evm.model.RL_5.919
OG0003490	As008G186500	evm.model.RL_5.974
OG0003491	As001G026430	evm.model.RL_7.2264, evm.model.RL_2.219, evm.model.RL_2.218, evm.model.RL_2.44
OG0003492	As001G029250	evm.model.RL_3.965, evm.model.RL_2.519
OG0003493	As002G035090	evm.model.RL_1.907
OG0003494	As002G039730	evm.model.RL_8.1040
OG0003499	As002G053620	evm.model.RL_8.2533
OG0003500	As002G053920	evm.model.RL_4.2652
OG0003500	As005G117030	evm.model.RL_8.2486
OG0003501	As002G053940	evm.model.RL_4.2654, evm.model.RL_1.1886
OG0003502	As003G059690	evm.model.RL_2.1671, evm.model.RL_8.433
OG0003503	As003G061590	evm.model.RL_3.283, evm.model.RL_2.1873
OG0003504	As003G063140	evm.model.RL_5.2569
OG0003505	As003G063630	evm.model.RL_8.855
OG0003506	As003G071210	evm.model.RL_5.2871
OG0003507	As003G071290	evm.model.RL_5.2862
OG0003508	As011G264580	evm.model.RL_1.2944
OG0003508	As003G071930	evm.model.RL_2.3085
OG0003509	As003G072510, As011G265050	evm.model.RL_1.2995
OG0003510	As003G073500	evm.model.RL_2.3246
OG0003511	As004G077480	evm.model.RL_2.426
OG0003512	As004G082150	evm.model.RL_4.591, evm.model.RL_5.2296
OG0003513	As004G086220	evm.model.RL_8.414, evm.model.RL_2.1634
OG0003515	As004G090550	evm.model.RL_2.1271
OG0003517	As011G258520, As004G092880	evm.model.RL_2.766, evm.model.RL_2.765
OG0003518	As004G093510	evm.model.RL_2.809
OG0003519	As004G094410	evm.model.RL_2.853
OG0003520	As011G255310, As004G095400, As004G095420	evm.model.RL_1.2230
OG0003521	As005G101360	evm.model.RL_2.79_evm.model.RL_2.80, evm.model.RL_6.2709
OG0003522	As005G102020, As012G286680	evm.model.RL_3.1017, evm.model.RL_3.1013
OG0003523	As005G104950	evm.model.RL_7.542
OG0003524	As005G116500	evm.model.RL_8.2424
OG0003525	As005G118370	evm.model.RL_8.2614
OG0003526	As005G118840	evm.model.RL_8.2670
OG0003526	As010G221590	evm.model.RL_7.1427
OG0003527	As005G119570	evm.model.RL_8.2741.1.687c8563, evm.model.RL_3.1825
OG0003528	As006G128300	evm.model.RL_6.1115, evm.model.RL_5.550
OG0003529	As006G132680	evm.model.RL_2.2215
OG0003530	As009G201820	evm.model.RL_4.2041
OG0003530	As006G135480	evm.model.RL_1.164
OG0003531	As006G139510	evm.model.RL_4.1721
OG0003532	As006G140580	evm.model.RL_1.637, evm.model.RL_4.875
OG0003533	As006G143930, As006G143600	evm.model.RL_3.349, evm.model.RL_6.2057, evm.model.RL_7.2534
OG0003534	As012G281180, As006G143730	evm.model.RL_6.2038
OG0003535	As006G145120	evm.model.RL_6.1749
OG0003536	As007G153480	evm.model.RL_5.1549
OG0003537	As010G240100	evm.model.RL_3.1763
OG0003537	As007G154540	evm.model.RL_5.1649
OG0003538	As010G238740	evm.model.RL_3.1893
OG0003538	As007G155370	evm.model.RL_5.1729
OG0003540	As007G159330	evm.model.RL_5.3446
OG0003541	As007G159720	evm.model.RL_5.3401
OG0003541	As010G233300	evm.model.RL_3.1431
OG0003542	As007G161510	evm.model.RL_3.1194, evm.model.RL_5.3211
OG0003544	As007G161850	evm.model.RL_2.517
OG0003545	As008G186910	evm.model.RL_6.380
OG0003546	As008G194740	evm.model.RL_6.1289, evm.model.RL_5.418
OG0003547	As009G203240	evm.model.RL_4.1911
OG0003549	As009G207460, As009G207450	evm.model.RL_4.927
OG0003550	As009G209470	evm.model.RL_4.841
OG0003551	As009G215900	evm.model.RL_4.1259
OG0003552	As010G223170	evm.model.RL_8.2351.2.687c8560
OG0003553	As009G219420	evm.model.RL_8.2378.1.687c8561
OG0003554	As010G220780, As010G220790	evm.model.RL_7.1314
OG0003555	As010G222500	evm.model.RL_7.1519
OG0003556	As010G234140	evm.model.RL_5.3472, evm.model.RL_3.1531
OG0003558	As010G242270	evm.model.RL_5.1520
OG0003559	As010G242900	evm.model.RL_5.1481
OG0003560	As012G269530	evm.model.RL_5.3830
OG0003561	As011G246970	evm.model.RL_1.1404
OG0003562	As012G274480	evm.model.RL_2.1149
OG0003562	As011G249020	evm.model.RL_1.1608
OG0003564	As012G271290	evm.model.RL_5.1896
OG0003566	As011G256770	evm.model.RL_6.134, evm.model.RL_2.635
OG0003567	As011G265090	evm.model.RL_1.3048, evm.model.RL_1.3052, evm.model.RL_1.3051
OG0003568	As012G285390	evm.model.RL_2.798, evm.model.RL_7.1717, evm.model.RL_7.1715.1.687c84ba
OG0003583	As001G000930	evm.model.RL_2.2428
OG0003584	As001G001330	evm.model.RL_2.2468
OG0003585	As004G094370, As001G001560	evm.model.RL_7.797
OG0003586	As001G002510	evm.model.RL_2.2562
OG0003587	As001G004330	evm.model.RL_6.487
OG0003588	As009G214690, As009G214680	evm.model.RL_4.3095
OG0003588	As001G010330, As001G025770	evm.model.RL_4.3096
OG0003589	As001G013500	evm.model.RL_2.2937
OG0003590	As001G015600	evm.model.RL_2.3054
OG0003591	As008G187420	evm.model.RL_5.882
OG0003591	As001G020120	evm.model.RL_3.540
OG0003592	As001G021480	evm.model.RL_3.366, evm.model.RL_3.367
OG0003594	As001G023630	evm.model.RL_7.2576, evm.model.RL_5.1284
OG0003595	As001G027090, As001G027080	evm.model.RL_7.2195.1.687c84bc
OG0003597	As008G184580	evm.model.RL_5.1130
OG0003598	As002G034020	evm.model.RL_1.826, evm.model.RL_1.812
OG0003599	As002G036480	evm.model.RL_1.1001
OG0003600	As002G037270	evm.model.RL_7.2572, evm.model.RL_1.1053
OG0003601	As002G038900	evm.model.RL_1.1138
OG0003604	As002G045700	evm.model.RL_2.2266
OG0003605	As002G046590	evm.model.RL_7.141
OG0003606	As006G134260	evm.model.RL_2.2171
OG0003606	As002G047760	evm.model.RL_8.1681
OG0003608	As002G052010	evm.model.RL_4.2463, evm.model.RL_3.353, evm.model.RL_5.634
OG0003609	As002G053090, As002G053080	evm.model.RL_4.2556
OG0003610	As005G117640, As002G053540	evm.model.RL_8.2548, evm.model.RL_4.2611
OG0003611	As003G056740	evm.model.RL_8.2172, evm.model.RL_2.1392
OG0003612	As003G056880	evm.model.RL_2.1400
OG0003613	As003G061640	evm.model.RL_4.1113
OG0003614	As003G067760	evm.model.RL_5.3103, evm.model.RL_5.3095
OG0003615	As003G069250	evm.model.RL_5.3032
OG0003616	As003G072090	evm.model.RL_2.3103
OG0003617	As004G080040	evm.model.RL_8.809
OG0003618	As004G080680	evm.model.RL_5.3650, evm.model.RL_7.1061.2.687c84b7, evm.model.RL_5.3986
OG0003619	As004G080810	evm.model.RL_1.989
OG0003620	As004G086980	evm.model.RL_4.397, evm.model.RL_4.398
OG0003621	As004G087120	evm.model.RL_4.383.1.687c9994
OG0003622	As004G089020	evm.model.RL_4.172
OG0003623	As004G089520	evm.model.RL_4.1848, evm.model.RL_3.315
OG0003624	As004G091020	evm.model.RL_4.47
OG0003625	As005G099540	evm.model.RL_6.2890
OG0003626	As005G099800	evm.model.RL_6.2865
OG0003626	As012G288200	evm.model.RL_7.138
OG0003629	As005G102860	evm.model.RL_6.2561
OG0003630	As005G103250	evm.model.RL_6.2519
OG0003631	As005G112390	evm.model.RL_4.1564
OG0003632	As005G116550	evm.model.RL_5.1313
OG0003633	As010G220870	evm.model.RL_7.1319
OG0003633	As005G119880	evm.model.RL_8.2780
OG0003634	As005G119910	evm.model.RL_8.2783
OG0003635	As005G120780	evm.model.RL_8.2853
OG0003636	As006G121740	evm.model.RL_5.13, evm.model.RL_8.99
OG0003637	As006G123230	evm.model.RL_8.266, evm.model.RL_5.141
OG0003638	As006G123700	evm.model.RL_5.174, evm.model.RL_8.307
OG0003639	As006G131900	evm.model.RL_2.2817, evm.model.RL_6.529
OG0003640	As006G133050	evm.model.RL_1.59
OG0003640	As009G199910	evm.model.RL_4.2173
OG0003641	As009G206890	evm.model.RL_4.1002
OG0003641	As006G138200	evm.model.RL_1.431
OG0003642	As009G205990, As006G138720	evm.model.RL_1.479
OG0003644	As010G244340	evm.model.RL_3.2487, evm.model.RL_3.2488
OG0003645	As007G153070	evm.model.RL_5.1504
OG0003646	As007G154850	evm.model.RL_5.1675, evm.model.RL_3.1802
OG0003647	As007G155620	evm.model.RL_5.1760
OG0003648	As007G158410	evm.model.RL_5.3524, evm.model.RL_7.2341
OG0003649	As007G161780	evm.model.RL_5.3189, evm.model.RL_3.1157.3.687c84bb
OG0003650	As007G164430	evm.model.RL_7.526
OG0003651	As008G184180	evm.model.RL_5.1170
OG0003652	As008G194280, As008G193860	evm.model.RL_5.488, evm.model.RL_6.2251
OG0003654	As008G194630, As008G194620, As008G194610	evm.model.RL_5.426
OG0003655	As009G202850	evm.model.RL_4.1951
OG0003656	As009G203220	evm.model.RL_4.1912
OG0003657	As009G209290	evm.model.RL_1.1161
OG0003658	As009G214410	evm.model.RL_4.3069, evm.model.RL_4.3070
OG0003659	As009G218240	evm.model.RL_8.2242
OG0003660	As009G219910	evm.model.RL_8.1920
OG0003661	As010G220530	evm.model.RL_7.1283
OG0003662	As010G224350	evm.model.RL_7.1702, evm.model.RL_8.2011
OG0003663	As010G232730	evm.model.RL_3.1353, evm.model.RL_5.3325
OG0003664	As010G236810	evm.model.RL_6.104, evm.model.RL_8.2158
OG0003665	As010G241450	evm.model.RL_3.1625
OG0003667	As011G244920	evm.model.RL_1.1211, evm.model.RL_1.1212
OG0003669	As012G268950	evm.model.RL_5.3893
OG0003670	As012G269210, As011G246210, As011G246190	evm.model.RL_1.1334, evm.model.RL_1.1335
OG0003671	As011G247450	evm.model.RL_1.1455
OG0003672	As011G249210	evm.model.RL_1.1630
OG0003673	As011G256420	evm.model.RL_1.2333
OG0003674	As011G258320	evm.model.RL_1.2445
OG0003675	As011G260870	evm.model.RL_5.655, evm.model.RL_8.1709
OG0003676	As011G262250	evm.model.RL_1.2692
OG0003677	As012G270250	evm.model.RL_5.3747
OG0003678	As012G271670	evm.model.RL_1.1988, evm.model.RL_5.1962
OG0003679	As012G275890	evm.model.RL_7.1155
OG0003680	As012G275950	evm.model.RL_7.1146
OG0003681	As012G277550	evm.model.RL_7.1018
OG0003682	As012G282610	evm.model.RL_7.730, evm.model.RL_8.940, evm.model.RL_8.955, evm.model.RL_8.932, evm.model.RL_8.957, evm.model.RL_8.949, evm.model.RL_8.959, evm.model.RL_8.930, evm.model.RL_8.947, evm.model.RL_8.938, evm.model.RL_8.945
OG0003683	As012G289380	evm.model.RL_7.1192, evm.model.RL_7.1191
OG0003695	As001G000260	evm.model.RL_2.2757, evm.model.RL_2.2349
OG0003696	As001G002170	evm.model.RL_2.2534
OG0003697	As001G013520	evm.model.RL_2.2936.2.687c86e7
OG0003698	As001G014650	evm.model.RL_2.3012
OG0003699	As003G063440	evm.model.RL_5.2532
OG0003700	As001G017940	evm.model.RL_2.1205
OG0003701	As001G023150	evm.model.RL_7.2617, evm.model.RL_7.2616
OG0003702	As006G146620, As001G025510	evm.model.RL_7.2365
OG0003703	As001G028680	evm.model.RL_2.418
OG0003704	As001G032010	evm.model.RL_3.234
OG0003705	As002G038400, As002G033540, As002G033530, As002G033330, As002G038420	evm.model.RL_6.2216
OG0003707	As002G041790	evm.model.RL_8.1119
OG0003708	As002G047410	evm.model.RL_8.1647
OG0003709	As002G048350	evm.model.RL_8.2877, evm.model.RL_8.1741
OG0003710	As002G050330	evm.model.RL_4.2293
OG0003711	As003G055860	evm.model.RL_2.1302
OG0003712	As004G086990	evm.model.RL_4.396.2.687c86ce
OG0003712	As003G058500	evm.model.RL_2.1572
OG0003713	As003G058930	evm.model.RL_4.430, evm.model.RL_2.1608
OG0003714	As003G060420	evm.model.RL_2.1740
OG0003715	As003G061370	evm.model.RL_2.1851
OG0003716	As012G283080	evm.model.RL_7.707, evm.model.RL_7.708
OG0003717	As003G065150	evm.model.RL_8.98
OG0003718	As012G283390, As003G068900, As012G283000, As012G283420, As003G068910	evm.model.RL_1.2716
OG0003719	As004G079960	evm.model.RL_4.3250
OG0003720	As004G080650	evm.model.RL_4.1849, evm.model.RL_5.1099, evm.model.RL_4.3327
OG0003721	As004G084480	evm.model.RL_8.643
OG0003722	As004G093690	evm.model.RL_1.2378
OG0003723	As011G255400	evm.model.RL_1.2244
OG0003723	As004G095300	evm.model.RL_2.948
OG0003724	As004G096690	evm.model.RL_1.2066, evm.model.RL_2.1092
OG0003725	As004G096900	evm.model.RL_2.213
OG0003726	As005G099480	evm.model.RL_6.2896
OG0003727	As005G100910	evm.model.RL_6.2761
OG0003728	As005G103270	evm.model.RL_6.2517
OG0003728	As005G103260	evm.model.RL_6.2518
OG0003729	As005G103280	evm.model.RL_6.2516
OG0003730	As005G105160	evm.model.RL_6.2338
OG0003730	As012G284400	evm.model.RL_7.555
OG0003731	As005G108120	evm.model.RL_5.1997.3.687c88b8, evm.model.RL_4.3217
OG0003732	As005G115590	evm.model.RL_8.2031
OG0003733	As006G124860	evm.model.RL_4.505, evm.model.RL_5.276
OG0003735	As006G125180	evm.model.RL_4.541
OG0003736	As006G125840	evm.model.RL_6.1361
OG0003738	As006G127030	evm.model.RL_6.1264
OG0003738	As006G129750	evm.model.RL_5.434
OG0003739	As006G127380	evm.model.RL_6.1227
OG0003740	As006G127670	evm.model.RL_6.1188, evm.model.RL_5.495
OG0003741	As006G130380	evm.model.RL_6.861
OG0003742	As006G131050	evm.model.RL_6.1346, evm.model.RL_6.743
OG0003743	As009G201030, As006G135070	evm.model.RL_1.122
OG0003744	As006G136120	evm.model.RL_5.2322, evm.model.RL_2.138.2.687c86e0
OG0003746	As009G204820	evm.model.RL_4.1756
OG0003747	As006G140970	evm.model.RL_1.666
OG0003748	As006G141550	evm.model.RL_1.733
OG0003749	As006G141820	evm.model.RL_1.757
OG0003750	As006G143250	evm.model.RL_7.801
OG0003751	As008G198320, As006G146890	evm.model.RL_5.1941, evm.model.RL_5.190
OG0003754	As007G160060	evm.model.RL_5.3367
OG0003755	As007G160580	evm.model.RL_5.3308
OG0003756	As007G162820	evm.model.RL_2.1950
OG0003758	As007G180320	evm.model.RL_6.141
OG0003759	As008G182680	evm.model.RL_5.1327
OG0003761	As008G194990	evm.model.RL_5.387
OG0003762	As008G195820	evm.model.RL_6.1398, evm.model.RL_6.1443
OG0003763	As008G196490	evm.model.RL_5.267
OG0003764	As008G198650	evm.model.RL_5.41
OG0003765	As009G201670	evm.model.RL_4.2051, evm.model.RL_5.1655
OG0003766	As009G201910	evm.model.RL_4.2038
OG0003767	As009G217110	evm.model.RL_4.1384
OG0003768	As009G219380	evm.model.RL_8.2370
OG0003769	As009G220100	evm.model.RL_8.1903
OG0003770	As010G223730	evm.model.RL_7.1650, evm.model.RL_7.1651, evm.model.RL_7.1652
OG0003771	As010G223770	evm.model.RL_7.1654, evm.model.RL_8.1939
OG0003772	As010G226150	evm.model.RL_2.2893, evm.model.RL_7.1902
OG0003773	As010G232260	evm.model.RL_3.1307
OG0003774	As010G232640	evm.model.RL_3.1340
OG0003776	As010G242140	evm.model.RL_5.1535, evm.model.RL_3.2279
OG0003777	As010G242360	evm.model.RL_3.2303
OG0003778	As011G251910, As012G272310, As012G272320	evm.model.RL_1.1891
OG0003779	As011G252740	evm.model.RL_1.1966
OG0003780	As011G253670	evm.model.RL_5.1902
OG0003781	As011G256130	evm.model.RL_1.2305
OG0003782	As011G260900	evm.model.RL_1.2505
OG0003783	As011G261510	evm.model.RL_1.2543
OG0003785	As012G268460	evm.model.RL_5.3925
OG0003786	As012G271300	evm.model.RL_5.1897
OG0003787	As012G272640	evm.model.RL_5.2054, evm.model.RL_5.2053
OG0003788	As012G278110	evm.model.RL_7.977
OG0003790	As012G282770	evm.model.RL_7.746
OG0003791	As012G283110	evm.model.RL_7.699, evm.model.RL_6.2222
OG0003792	As012G283540, As012G283530	evm.model.RL_7.666, evm.model.RL_7.1001
OG0003823	As001G000130	evm.model.RL_2.2336
OG0003824	As001G003930	evm.model.RL_2.2672
OG0003827	As001G014340	evm.model.RL_2.2990, evm.model.RL_1.2823
OG0003829	As001G016050	evm.model.RL_5.2790
OG0003830	As001G018400	evm.model.RL_3.764
OG0003831	As008G187710, As001G019740	evm.model.RL_5.858
OG0003832	As001G022590	evm.model.RL_8.1197, evm.model.RL_7.2690
OG0003833	As001G029870	evm.model.RL_6.1135
OG0003834	As001G030450	evm.model.RL_7.2653
OG0003835	As001G031760	evm.model.RL_3.197
OG0003836	As002G034190	evm.model.RL_1.840, evm.model.RL_4.3323
OG0003838	As002G043340	evm.model.RL_8.1237_evm.model.RL_8.1239.2.687c97bf
OG0003839	As002G046090	evm.model.RL_8.1525
OG0003840	As002G047330	evm.model.RL_8.1639
OG0003841	As002G048100	evm.model.RL_8.1711
OG0003842	As002G050720	evm.model.RL_4.2327
OG0003843	As002G051750	evm.model.RL_4.2437
OG0003844	As004G088690, As003G056700	evm.model.RL_4.203
OG0003845	As004G088260	evm.model.RL_2.1431.2.687c86e3
OG0003846	As003G061760, As003G061770	evm.model.RL_2.1882
OG0003847	As003G061780	evm.model.RL_2.1883
OG0003848	As003G062940, As003G062930	evm.model.RL_5.2603
OG0003849	As004G083190, As003G063100	evm.model.RL_5.2573.6.687c88bc
OG0003850	As003G066510	evm.model.RL_5.2271, evm.model.RL_5.2273
OG0003851	As003G070320	evm.model.RL_5.2915
OG0003852	As003G072180	evm.model.RL_2.3115.1.687c86e8
OG0003853	As003G073840	evm.model.RL_2.3270_evm.model.RL_2.3271
OG0003854	As004G077370	evm.model.RL_2.440
OG0003855	As004G080850	evm.model.RL_8.907, evm.model.RL_5.2325
OG0003856	As004G080910	evm.model.RL_5.2338
OG0003857	As004G082830	evm.model.RL_4.696, evm.model.RL_7.2009
OG0003858	As004G082850	evm.model.RL_4.698, evm.model.RL_5.2017
OG0003859	As004G084640	evm.model.RL_8.614, evm.model.RL_4.1158
OG0003860	As004G085360, As005G102330	evm.model.RL_6.2720
OG0003861	As004G088000	evm.model.RL_4.284.3.687c86cd
OG0003862	As004G088680	evm.model.RL_4.205.1.687c86cd, evm.model.RL_2.1393.1.687c99f6
OG0003863	As004G090680	evm.model.RL_4.19, evm.model.RL_4.22
OG0003864	As012G288630	evm.model.RL_7.88
OG0003865	As012G287860	evm.model.RL_7.183
OG0003865	As005G100390	evm.model.RL_6.2806
OG0003867	As005G106780, As005G106790	evm.model.RL_4.3363, evm.model.RL_4.3367
OG0003868	As005G114040	evm.model.RL_8.2137, evm.model.RL_7.1828
OG0003869	As005G114220	evm.model.RL_8.2119
OG0003871	As005G114600, As010G224930	evm.model.RL_8.2077, evm.model.RL_3.1947
OG0003872	As006G121350	evm.model.RL_8.83
OG0003873	As006G122480	evm.model.RL_8.211
OG0003874	As006G123540	evm.model.RL_8.297
OG0003875	As008G196530, As006G124610	evm.model.RL_5.707, evm.model.RL_5.776
OG0003876	As006G126090	evm.model.RL_6.2015, evm.model.RL_6.1254
OG0003877	As006G132510	evm.model.RL_2.2236
OG0003878	As006G139920	evm.model.RL_1.569
OG0003880	As006G148820, As006G148810	evm.model.RL_2.137
OG0003881	As010G243230	evm.model.RL_5.1453
OG0003882	As007G154510	evm.model.RL_5.1652.1.687c88b6
OG0003883	As007G158890	evm.model.RL_5.800, evm.model.RL_5.1630
OG0003884	As007G160570	evm.model.RL_5.3309
OG0003885	As007G163750	evm.model.RL_2.2007, evm.model.RL_8.1172
OG0003886	As007G178360	evm.model.RL_2.2604
OG0003887	As008G182590	evm.model.RL_5.1223, evm.model.RL_5.1337
OG0003889	As009G206560	evm.model.RL_4.1029
OG0003889	As008G189240	evm.model.RL_5.752
OG0003890	As008G194200	evm.model.RL_6.1236
OG0003891	As009G201620	evm.model.RL_4.2055
OG0003893	As009G204140	evm.model.RL_4.1824
OG0003894	As009G206320	evm.model.RL_4.1041
OG0003896	As009G207440	evm.model.RL_4.928, evm.model.RL_3.1166
OG0003897	As009G212730	evm.model.RL_4.2945
OG0003898	As009G214230	evm.model.RL_8.2460, evm.model.RL_4.3035
OG0003899	As009G215120	evm.model.RL_4.1174.1.687c86d2, evm.model.RL_4.1173.1.687c86d2
OG0003900	As010G221610	evm.model.RL_8.2661
OG0003901	As010G223350	evm.model.RL_7.1599, evm.model.RL_3.888
OG0003902	As010G224000	evm.model.RL_8.1966
OG0003903	As010G231110	evm.model.RL_2.3374
OG0003904	As010G236930	evm.model.RL_3.2062
OG0003905	As010G237050	evm.model.RL_3.2054
OG0003906	As010G237540	evm.model.RL_5.3417
OG0003907	As010G237560, As010G237570	evm.model.RL_3.2003
OG0003908	As010G242240	evm.model.RL_3.2293
OG0003909	As010G242780	evm.model.RL_3.2342
OG0003911	As011G246660, As011G246610	evm.model.RL_1.1376
OG0003912	As012G269980	evm.model.RL_5.3773
OG0003913	As011G247940	evm.model.RL_1.1498
OG0003914	As011G248290	evm.model.RL_1.1533
OG0003915	As011G251160	evm.model.RL_1.1812
OG0003916	As011G251860	evm.model.RL_1.1885
OG0003917	As011G252470	evm.model.RL_1.1938, evm.model.RL_1.1937, evm.model.RL_7.2302
OG0003918	As011G252890	evm.model.RL_1.1982
OG0003919	As011G253850	evm.model.RL_1.2102
OG0003920	As011G254760	evm.model.RL_1.2180
OG0003921	As011G266120	evm.model.RL_1.3129
OG0003922	As012G269750	evm.model.RL_5.3800
OG0003923	As012G274150	evm.model.RL_5.2215
OG0003924	As012G278770	evm.model.RL_7.1208, evm.model.RL_7.1212
OG0003925	As012G281550	evm.model.RL_7.851, evm.model.RL_7.839
OG0003926	As012G287150	evm.model.RL_7.258, evm.model.RL_6.2722, evm.model.RL_6.2824
OG0003948	As001G001850	evm.model.RL_2.2518
OG0003950	As001G016530	evm.model.RL_5.2754
OG0003951	As001G018200, As001G018180, As011G264680	evm.model.RL_2.1187
OG0003952	As001G018840	evm.model.RL_5.139, evm.model.RL_3.710
OG0003954	As001G023250	evm.model.RL_7.2611
OG0003955	As001G023780	evm.model.RL_7.2561
OG0003956	As001G026420	evm.model.RL_6.2772
OG0003957	As001G026450	evm.model.RL_7.2262
OG0003958	As004G077260	evm.model.RL_2.472
OG0003958	As001G029020	evm.model.RL_3.994
OG0003959	As002G033730	evm.model.RL_6.2198
OG0003960	As009G214470, As002G035970	evm.model.RL_4.3074
OG0003961	As002G036570	evm.model.RL_1.1005
OG0003961	As009G213780	evm.model.RL_4.3009
OG0003962	As002G037220	evm.model.RL_1.1048
OG0003963	As002G040080	evm.model.RL_3.158
OG0003965	As002G042610	evm.model.RL_8.1188
OG0003966	As007G166260, As002G044520	evm.model.RL_2.2311
OG0003968	As002G051630	evm.model.RL_4.1166.2.687c86d2, evm.model.RL_4.2427
OG0003969	As002G051810	evm.model.RL_4.2443
OG0003971	As002G054270	evm.model.RL_4.2688
OG0003972	As002G055130	evm.model.RL_1.936, evm.model.RL_4.2784.2.687c86db
OG0003973	As003G055920, As004G089980	evm.model.RL_4.76.2.687c86cc
OG0003974	As003G057050	evm.model.RL_7.1122, evm.model.RL_2.1416
OG0003975	As003G058840	evm.model.RL_2.1598
OG0003976	As003G060960	evm.model.RL_2.1804
OG0003977	As012G276670, As003G066850	evm.model.RL_7.1081
OG0003978	As006G144580, As003G069520	evm.model.RL_5.3023
OG0003979	As003G071610, As003G071620, As003G071630	evm.model.RL_5.2611
OG0003980	As003G072720	evm.model.RL_2.3172
OG0003981	As003G072830	evm.model.RL_2.3179
OG0003982	As003G073740	evm.model.RL_2.3263
OG0003983	As003G074540	evm.model.RL_6.149
OG0003985	As004G085790	evm.model.RL_1.2920, evm.model.RL_8.456
OG0003986	As004G088130	evm.model.RL_4.263
OG0003987	As004G093320	evm.model.RL_2.793
OG0003988	As004G095470	evm.model.RL_2.958
OG0003989	As004G096680	evm.model.RL_2.1091
OG0003990	As004G097720	evm.model.RL_7.716, evm.model.RL_2.103
OG0003991	As005G099930	evm.model.RL_7.142, evm.model.RL_6.2853
OG0003993	As005G101180, As006G126880	evm.model.RL_7.234
OG0003994	As005G103050, As007G160380	evm.model.RL_5.3330
OG0003995	As005G103140	evm.model.RL_6.64, evm.model.RL_6.2531
OG0003996	As005G103420	evm.model.RL_6.2502
OG0003998	As005G107400	evm.model.RL_4.3306
OG0004001	As005G115180	evm.model.RL_8.2020
OG0004002	As005G116460	evm.model.RL_8.2420
OG0004003	As006G130470, As005G117650	evm.model.RL_6.838
OG0004004	As006G121940	evm.model.RL_8.116
OG0004006	As006G130440	evm.model.RL_6.845
OG0004007	As006G137920	evm.model.RL_1.388, evm.model.RL_1.387
OG0004008	As006G138240, As009G206850	evm.model.RL_1.426_evm.model.RL_1.427.1.687c9a63
OG0004009	As006G140960	evm.model.RL_1.665
OG0004010	As006G141640, As009G212110	evm.model.RL_1.742
OG0004011	As006G142700	evm.model.RL_6.2143
OG0004011	As012G282540	evm.model.RL_7.760
OG0004012	As006G143040	evm.model.RL_6.2107
OG0004013	As012G282260, As006G143070	evm.model.RL_7.780, evm.model.RL_7.2003
OG0004014	As006G143270	evm.model.RL_5.2405
OG0004015	As006G143670	evm.model.RL_6.2033
OG0004016	As006G143900	evm.model.RL_6.2054
OG0004017	As006G145950	evm.model.RL_6.1852
OG0004021	As006G148300	evm.model.RL_6.1958
OG0004022	As007G152020, As007G177620	evm.model.RL_6.385
OG0004023	As007G152360	evm.model.RL_4.66
OG0004024	As007G162480, As007G152540	evm.model.RL_2.890, evm.model.RL_2.887, evm.model.RL_2.889, evm.model.RL_6.1160, evm.model.RL_2.888, evm.model.RL_5.1491, evm.model.RL_5.1486
OG0004025	As007G159370	evm.model.RL_5.3441
OG0004026	As007G163630	evm.model.RL_2.2002
OG0004027	As007G164540	evm.model.RL_2.2037, evm.model.RL_8.1246
OG0004028	As007G165260	evm.model.RL_2.2070
OG0004030	As007G178020	evm.model.RL_6.337
OG0004031	As011G245950, As007G180840, As007G180850	evm.model.RL_6.1672
OG0004032	As007G182130	evm.model.RL_6.8, evm.model.RL_4.82
OG0004033	As008G185010	evm.model.RL_5.1086
OG0004035	As008G191840	evm.model.RL_5.632
OG0004036	As008G194270	evm.model.RL_4.746, evm.model.RL_5.2116
OG0004037	As008G197570	evm.model.RL_8.47
OG0004038	As009G201890, As009G201900	evm.model.RL_4.2039
OG0004039	As009G205460	evm.model.RL_4.1112
OG0004040	As009G206590	evm.model.RL_4.1027, evm.model.RL_4.1028
OG0004041	As009G217840, As009G206830	evm.model.RL_8.2190
OG0004043	As009G208000	evm.model.RL_7.1812, evm.model.RL_4.905
OG0004045	As009G215710	evm.model.RL_4.1235
OG0004046	As009G216920	evm.model.RL_4.1359, evm.model.RL_7.1502
OG0004047	As009G216980	evm.model.RL_4.1365.2.687c86d3
OG0004048	As009G217550	evm.model.RL_4.2735, evm.model.RL_8.2150
OG0004049	As009G218170	evm.model.RL_8.2231
OG0004050	As010G225880	evm.model.RL_7.1864
OG0004051	As010G226350	evm.model.RL_7.1928
OG0004052	As010G234160	evm.model.RL_3.1533, evm.model.RL_3.1534
OG0004053	As010G235210	evm.model.RL_3.2221
OG0004054	As011G244730	evm.model.RL_1.1188
OG0004055	As011G245670	evm.model.RL_1.1287
OG0004056	As012G274720, As011G248850	evm.model.RL_2.1120
OG0004057	As011G249280	evm.model.RL_1.1637
OG0004058	As011G249290	evm.model.RL_1.1638
OG0004060	As011G250180	evm.model.RL_1.1726, evm.model.RL_6.109
OG0004061	As011G250270	evm.model.RL_1.1731
OG0004062	As011G250550, As011G250570, As011G250600, As011G250560	evm.model.RL_1.1760
OG0004063	As011G250770	evm.model.RL_1.1781
OG0004065	As011G253220	evm.model.RL_1.2029
OG0004066	As011G254320	evm.model.RL_1.2142
OG0004067	As011G256390	evm.model.RL_1.2332
OG0004068	As011G262720	evm.model.RL_1.2757
OG0004069	As012G273000	evm.model.RL_5.2090
OG0004070	As012G282310	evm.model.RL_1.1418
OG0004071	As012G283350	evm.model.RL_7.674
OG0004072	As012G284150	evm.model.RL_7.592, evm.model.RL_6.2317
OG0004073	As012G285330	evm.model.RL_7.429
OG0004092	As001G002580	evm.model.RL_2.2567
OG0004093	As001G003020	evm.model.RL_2.2598.1.687c86e6
OG0004094	As001G012290	evm.model.RL_2.2891
OG0004095	As001G012460	evm.model.RL_2.2900
OG0004096	As001G014080	evm.model.RL_2.2954
OG0004097	As001G019550	evm.model.RL_3.592, evm.model.RL_3.594
OG0004098	As001G019910, As008G187860	evm.model.RL_5.873
OG0004099	As001G022420	evm.model.RL_7.2676
OG0004100	As001G027270	evm.model.RL_7.2161
OG0004101	As001G029080	evm.model.RL_8.1633
OG0004102	As001G030300	evm.model.RL_3.15
OG0004102	As004G098370	evm.model.RL_2.190
OG0004103	As002G037810, As002G037800, As002G037790	evm.model.RL_1.1095
OG0004105	As002G046100	evm.model.RL_8.1526
OG0004106	As002G046540, As009G207520	evm.model.RL_8.1566
OG0004107	As002G046780	evm.model.RL_1.3004, evm.model.RL_6.2156
OG0004108	As002G047980	evm.model.RL_8.1701.5.687c855d
OG0004109	As002G052000	evm.model.RL_4.2462
OG0004111	As002G054640	evm.model.RL_4.2724
OG0004112	As009G218120	evm.model.RL_8.2226
OG0004113	As004G088410, As003G057000	evm.model.RL_2.1411
OG0004114	As003G057030, As004G088400	evm.model.RL_2.1414
OG0004115	As003G057230	evm.model.RL_2.1436
OG0004117	As003G059100	evm.model.RL_2.1628
OG0004118	As003G059740	evm.model.RL_2.1678
OG0004119	As003G062860	evm.model.RL_5.2605
OG0004119	As004G083370	evm.model.RL_8.774
OG0004120	As003G063760	evm.model.RL_2.1619
OG0004121	As003G064620	evm.model.RL_5.2351
OG0004122	As004G082890, As003G064780	evm.model.RL_2.1003, evm.model.RL_5.2369
OG0004123	As003G069730	evm.model.RL_6.1501, evm.model.RL_5.3013
OG0004124	As003G071390	evm.model.RL_5.2853
OG0004125	As003G072870	evm.model.RL_2.3182
OG0004126	As003G073720	evm.model.RL_6.1785, evm.model.RL_8.1159
OG0004127	As003G073890	evm.model.RL_6.357
OG0004128	As003G076290	evm.model.RL_2.3472
OG0004129	As004G078290	evm.model.RL_5.616
OG0004130	As004G078500	evm.model.RL_2.259, evm.model.RL_7.2134
OG0004131	As011G267420, As004G079300	evm.model.RL_1.3282
OG0004134	As004G082540	evm.model.RL_4.665, evm.model.RL_5.2228
OG0004135	As004G084160	evm.model.RL_2.1905
OG0004136	As004G084940	evm.model.RL_8.569
OG0004137	As004G089940	evm.model.RL_4.85
OG0004138	As004G095680	evm.model.RL_2.974
OG0004139	As004G097850	evm.model.RL_2.112
OG0004140	As005G099510	evm.model.RL_6.2893
OG0004141	As005G099950, As012G288140	evm.model.RL_6.2851
OG0004142	As005G103000	evm.model.RL_6.2545
OG0004143	As005G103610	evm.model.RL_6.2490
OG0004145	As005G104470	evm.model.RL_6.2413
OG0004146	As012G284840	evm.model.RL_7.504
OG0004147	As005G112540	evm.model.RL_4.1555
OG0004148	As005G113170	evm.model.RL_4.1514
OG0004149	As005G113840	evm.model.RL_4.1426.1.687c86d3
OG0004150	As005G114510, As010G225010	evm.model.RL_8.2087
OG0004151	As005G115870	evm.model.RL_8.1975
OG0004152	As005G117090	evm.model.RL_2.616, evm.model.RL_2.617, evm.model.RL_8.2491
OG0004153	As008G198700	evm.model.RL_5.11
OG0004153	As006G121660	evm.model.RL_8.43
OG0004154	As006G122110	evm.model.RL_8.134, evm.model.RL_8.137, evm.model.RL_8.138
OG0004155	As006G122150	evm.model.RL_8.142
OG0004156	As006G123180	evm.model.RL_8.259
OG0004157	As006G123200	evm.model.RL_8.262
OG0004158	As006G124850	evm.model.RL_4.3246.1.687c86dd, evm.model.RL_4.502
OG0004159	As008G196350	evm.model.RL_5.278
OG0004161	As006G126870	evm.model.RL_6.1280, evm.model.RL_6.1282, evm.model.RL_6.1281
OG0004162	As006G128050	evm.model.RL_6.1142
OG0004163	As006G128110	evm.model.RL_6.1134
OG0004164	As006G128260	evm.model.RL_5.545
OG0004165	As006G129050	evm.model.RL_6.1020
OG0004166	As006G131720	evm.model.RL_7.1984
OG0004167	As006G132450	evm.model.RL_2.2245
OG0004168	As009G200130	evm.model.RL_4.2200
OG0004168	As006G133220	evm.model.RL_1.39
OG0004169	As006G136100	evm.model.RL_1.231
OG0004170	As006G137240	evm.model.RL_1.316
OG0004171	As006G137640	evm.model.RL_4.961, evm.model.RL_1.359
OG0004172	As006G138260	evm.model.RL_1.422
OG0004173	As009G206620	evm.model.RL_4.1022
OG0004173	As006G138350	evm.model.RL_5.2986
OG0004175	As006G142360	evm.model.RL_6.2170
OG0004176	As006G146830	evm.model.RL_6.1879
OG0004178	As007G152740	evm.model.RL_5.1470
OG0004179	As007G155390	evm.model.RL_5.1733, evm.model.RL_5.1731
OG0004181	As007G156800	evm.model.RL_5.3668
OG0004182	As010G233100, As007G158660	evm.model.RL_3.1598
OG0004184	As007G163160	evm.model.RL_2.1983
OG0004185	As007G163590	evm.model.RL_2.1997
OG0004186	As007G163940	evm.model.RL_2.249
OG0004187	As007G164400	evm.model.RL_2.2025
OG0004188	As007G179030, As007G179010	evm.model.RL_8.1295
OG0004189	As008G184410	evm.model.RL_5.1149, evm.model.RL_7.2363
OG0004190	As008G184700, As008G184690	evm.model.RL_5.1116
OG0004191	As008G191410	evm.model.RL_5.689
OG0004192	As008G197350	evm.model.RL_5.175
OG0004194	As009G202240	evm.model.RL_4.2010
OG0004195	As009G203180	evm.model.RL_4.1918, evm.model.RL_7.1887, evm.model.RL_7.1756
OG0004196	As009G205970	evm.model.RL_3.135, evm.model.RL_4.1064
OG0004198	As009G214930	evm.model.RL_4.1160
OG0004199	As009G215090, As009G215070	evm.model.RL_2.2708
OG0004200	As009G216370	evm.model.RL_4.1300_evm.model.RL_4.1302.1.687c9998
OG0004201	As009G217150	evm.model.RL_4.1388
OG0004202	As009G217710	evm.model.RL_8.2170
OG0004203	As009G218930	evm.model.RL_3.1101, evm.model.RL_3.1202
OG0004204	As010G223320	evm.model.RL_7.1594
OG0004204	As009G219070	evm.model.RL_8.2332
OG0004205	As009G219810	evm.model.RL_8.1930
OG0004206	As010G221690	evm.model.RL_7.1439, evm.model.RL_7.1440
OG0004207	As010G225090, As010G225080, As010G225100, As010G225060, As010G225070	evm.model.RL_7.1797
OG0004208	As010G233390	evm.model.RL_3.1787, evm.model.RL_8.832
OG0004209	As010G234300	evm.model.RL_3.1550
OG0004210	As010G234490	evm.model.RL_3.1562
OG0004211	As010G234890	evm.model.RL_3.1599, evm.model.RL_3.1011
OG0004212	As010G235670	evm.model.RL_3.2177
OG0004213	As010G239270	evm.model.RL_3.1838
OG0004214	As010G240480	evm.model.RL_3.1728
OG0004215	As010G241600, As010G241620	evm.model.RL_3.2233
OG0004216	As010G243430	evm.model.RL_3.2398
OG0004217	As011G244640	evm.model.RL_1.1169
OG0004218	As011G247420	evm.model.RL_1.1452
OG0004219	As011G247730	evm.model.RL_1.1481
OG0004220	As011G248180, As012G270710	evm.model.RL_1.1522
OG0004223	As011G251120	evm.model.RL_1.1809
OG0004224	As011G251370, As012G272690	evm.model.RL_1.1834.1.687c87ee
OG0004225	As011G251650	evm.model.RL_1.1861
OG0004226	As011G253300	evm.model.RL_1.2038
OG0004227	As011G253800	evm.model.RL_1.2095
OG0004228	As011G253810	evm.model.RL_1.2096
OG0004229	As011G254240	evm.model.RL_1.2134
OG0004230	As011G254340	evm.model.RL_1.2146.3.687c87ef
OG0004233	As011G255710	evm.model.RL_1.2279
OG0004234	As011G264880	evm.model.RL_1.2976
OG0004235	As011G265830	evm.model.RL_1.3101.2.687c87f1
OG0004236	As011G266690	evm.model.RL_2.2406, evm.model.RL_2.2405
OG0004237	As011G267270, As011G267280	evm.model.RL_2.575, evm.model.RL_2.576, evm.model.RL_1.3245
OG0004238	As012G267910	evm.model.RL_5.3975
OG0004239	As012G268080	evm.model.RL_5.3960
OG0004240	As012G269260	evm.model.RL_5.3865
OG0004241	As012G269460	evm.model.RL_5.3842
OG0004242	As012G269770	evm.model.RL_5.3797
OG0004243	As012G269900	evm.model.RL_5.3783
OG0004244	As012G271830	evm.model.RL_5.1934
OG0004245	As012G273560, As012G273570	evm.model.RL_5.2145
OG0004246	As012G280620, As012G273950	evm.model.RL_5.2190, evm.model.RL_8.814
OG0004247	As012G274970	evm.model.RL_6.1568
OG0004248	As012G275400, As012G276260	evm.model.RL_2.124, evm.model.RL_2.119, evm.model.RL_1.603, evm.model.RL_8.1207
OG0004251	As012G283920	evm.model.RL_7.627
OG0004252	As012G284390	evm.model.RL_7.556, evm.model.RL_6.2339
OG0004253	As012G286840	evm.model.RL_7.291
OG0004254	As012G287640	evm.model.RL_1.361, evm.model.RL_5.399
OG0004255	As012G288240	evm.model.RL_7.134
OG0004275	As001G000870	evm.model.RL_2.2418
OG0004276	As001G002160	evm.model.RL_7.2465, evm.model.RL_2.2950
OG0004277	As011G265640, As001G002210	evm.model.RL_2.2540
OG0004278	As001G003370	evm.model.RL_6.325
OG0004279	As001G003660	evm.model.RL_2.2651
OG0004280	As001G006810	evm.model.RL_2.2835
OG0004281	As001G013770	evm.model.RL_2.2913.1.687c86e7
OG0004282	As001G014300	evm.model.RL_2.2986
OG0004283	As001G015050	evm.model.RL_2.3043
OG0004285	As001G016710	evm.model.RL_7.1963, evm.model.RL_5.2740
OG0004286	As001G018890, As001G018880	evm.model.RL_3.705, evm.model.RL_3.704
OG0004287	As001G022460	evm.model.RL_7.2679
OG0004288	As001G023610	evm.model.RL_7.2578
OG0004289	As001G024600	evm.model.RL_7.2462
OG0004290	As001G026120	evm.model.RL_7.2304
OG0004291	As001G026380, As011G255770	evm.model.RL_4.64
OG0004292	As001G027050	evm.model.RL_7.2199
OG0004293	As001G030010	evm.model.RL_6.516
OG0004294	As001G030160	evm.model.RL_3.784, evm.model.RL_6.2374, evm.model.RL_6.2373
OG0004295	As002G033190	evm.model.RL_6.2244
OG0004296	As002G035220	evm.model.RL_1.914
OG0004297	As002G037050	evm.model.RL_1.1029
OG0004298	As006G130640, As002G037710	evm.model.RL_1.1094
OG0004299	As007G162270, As002G042660	evm.model.RL_8.1190
OG0004301	As002G043300	evm.model.RL_8.1233
OG0004302	As002G043550	evm.model.RL_8.1262
OG0004303	As002G047780	evm.model.RL_2.2168
OG0004304	As002G049650	evm.model.RL_8.1872
OG0004305	As002G051210	evm.model.RL_4.1135
OG0004306	As006G141850, As002G051270	evm.model.RL_4.2279
OG0004307	As002G051350	evm.model.RL_4.2399
OG0004309	As002G054450	evm.model.RL_4.2702
OG0004310	As002G054710	evm.model.RL_4.2733
OG0004311	As003G056500	evm.model.RL_2.1367.3.687c86e2
OG0004312	As003G056690	evm.model.RL_2.1388
OG0004313	As003G057420	evm.model.RL_2.1455
OG0004314	As003G058230	evm.model.RL_2.1553
OG0004315	As003G058610	evm.model.RL_2.1584
OG0004316	As003G058920	evm.model.RL_2.1607
OG0004317	As003G059020	evm.model.RL_2.1618.2.687c86e3
OG0004318	As003G060620	evm.model.RL_2.1770
OG0004319	As003G060790, As003G060800	evm.model.RL_2.1786
OG0004320	As003G061430, As003G061420	evm.model.RL_2.1857
OG0004321	As003G062130	evm.model.RL_2.1919
OG0004322	As003G062240, As010G221830	evm.model.RL_8.710
OG0004323	As003G063810	evm.model.RL_8.845
OG0004324	As006G145530, As003G067450	evm.model.RL_1.2169
OG0004325	As003G069760	evm.model.RL_5.3782
OG0004326	As003G070110	evm.model.RL_5.2969
OG0004327	As003G071060	evm.model.RL_5.2889
OG0004328	As003G071160	evm.model.RL_5.2874
OG0004329	As003G071370, As003G071360	evm.model.RL_6.791, evm.model.RL_6.10
OG0004330	As003G072100	evm.model.RL_2.3104
OG0004331	As003G073090	evm.model.RL_2.3205
OG0004332	As003G073170	evm.model.RL_2.3213
OG0004333	As004G083380	evm.model.RL_8.773, evm.model.RL_8.771
OG0004334	As004G084920	evm.model.RL_8.575
OG0004335	As004G087240	evm.model.RL_3.983
OG0004336	As004G091550	evm.model.RL_2.633
OG0004337	As004G091730	evm.model.RL_1.2452, evm.model.RL_2.744
OG0004338	As004G092930	evm.model.RL_2.767
OG0004339	As004G095500, As011G255130	evm.model.RL_2.962
OG0004341	As004G095920	evm.model.RL_2.1011
OG0004342	As012G267840, As011G267630, As004G098550	evm.model.RL_5.3840
OG0004343	As012G288780, As005G098860	evm.model.RL_7.72
OG0004344	As005G099940	evm.model.RL_6.2852
OG0004345	As005G100750	evm.model.RL_6.2779
OG0004346	As005G100950	evm.model.RL_6.2757
OG0004348	As005G104170	evm.model.RL_6.2440
OG0004349	As005G104940	evm.model.RL_7.541
OG0004350	As005G110660	evm.model.RL_4.1667
OG0004351	As006G142910, As005G111560	evm.model.RL_6.2120
OG0004352	As005G111570	evm.model.RL_6.2119
OG0004353	As010G226220, As010G226230, As005G113390	evm.model.RL_4.1476
OG0004354	As005G115740	evm.model.RL_8.2007
OG0004355	As005G116660	evm.model.RL_8.2439
OG0004356	As005G117010	evm.model.RL_8.2483
OG0004358	As005G119610	evm.model.RL_8.2745
OG0004359	As005G119720	evm.model.RL_8.2763
OG0004360	As008G199550	evm.model.RL_7.1037, evm.model.RL_8.2915
OG0004362	As006G123980	evm.model.RL_8.353
OG0004363	As006G125290	evm.model.RL_6.1427
OG0004364	As008G196110, As006G125340	evm.model.RL_6.1423
OG0004366	As006G127430	evm.model.RL_6.1218
OG0004367	As006G127590	evm.model.RL_6.1200
OG0004368	As006G128080	evm.model.RL_6.1139
OG0004369	As006G128150	evm.model.RL_6.1128
OG0004370	As006G128230, As006G128220	evm.model.RL_6.1123
OG0004371	As006G128560	evm.model.RL_6.1089
OG0004372	As009G206020, As006G132780	evm.model.RL_1.78
OG0004373	As006G135750	evm.model.RL_1.195
OG0004374	As006G138530	evm.model.RL_1.444
OG0004375	As009G206280, As006G138610, As006G138590	evm.model.RL_4.1046
OG0004376	As006G138730	evm.model.RL_1.478.1.687c87ea
OG0004377	As006G139470	evm.model.RL_1.532, evm.model.RL_7.961
OG0004378	As006G139690	evm.model.RL_1.546
OG0004379	As006G140010	evm.model.RL_1.576
OG0004380	As006G141010	evm.model.RL_1.671
OG0004381	As006G144560	evm.model.RL_6.1697
OG0004382	As006G144700	evm.model.RL_6.1711
OG0004383	As006G145490	evm.model.RL_6.1788
OG0004385	As007G152550, As007G152530	evm.model.RL_5.1457, evm.model.RL_6.949
OG0004386	As010G240780, As007G154150	evm.model.RL_5.1605.1.687c88b5
OG0004387	As010G240180, As007G154430	evm.model.RL_3.1749
OG0004388	As007G154920	evm.model.RL_5.1682, evm.model.RL_3.1821
OG0004389	As007G155160	evm.model.RL_5.1707.1.687c88b6
OG0004390	As010G236300	evm.model.RL_3.2117
OG0004391	As010G234860	evm.model.RL_3.1596
OG0004392	As007G159020	evm.model.RL_5.3477, evm.model.RL_4.399
OG0004393	As007G160690, As007G160670	evm.model.RL_5.3293
OG0004394	As007G161540	evm.model.RL_5.3210
OG0004395	As007G163610	evm.model.RL_1.424, evm.model.RL_2.1999
OG0004396	As007G178290	evm.model.RL_6.316
OG0004397	As008G184060	evm.model.RL_5.1191
OG0004398	As008G184470	evm.model.RL_5.1141
OG0004399	As008G184550	evm.model.RL_5.1132
OG0004400	As008G185490	evm.model.RL_5.1058
OG0004401	As008G186530	evm.model.RL_5.970
OG0004402	As008G186970	evm.model.RL_5.926
OG0004403	As008G187820	evm.model.RL_5.870
OG0004404	As008G189000	evm.model.RL_5.764
OG0004405	As008G191210	evm.model.RL_5.652, evm.model.RL_5.653
OG0004406	As008G191790	evm.model.RL_5.640.2.687c88ae
OG0004407	As009G201360	evm.model.RL_4.2110
OG0004408	As009G202170	evm.model.RL_4.2013
OG0004409	As009G202800	evm.model.RL_4.1956
OG0004410	As009G204440	evm.model.RL_4.1797
OG0004411	As009G204520	evm.model.RL_4.1786
OG0004412	As009G205510	evm.model.RL_4.1108
OG0004413	As009G206130	evm.model.RL_4.1054
OG0004414	As009G209000	evm.model.RL_4.780
OG0004415	As009G212570	evm.model.RL_4.2928
OG0004416	As009G215230	evm.model.RL_4.1178
OG0004418	As009G217040	evm.model.RL_4.1371
OG0004419	As009G217350	evm.model.RL_4.1409
OG0004420	As009G217950	evm.model.RL_8.2207
OG0004421	As010G221640	evm.model.RL_7.1431
OG0004422	As010G229220, As010G229210	evm.model.RL_3.1218_evm.model.RL_3.1220
OG0004423	As010G232750	evm.model.RL_3.1356
OG0004424	As010G233230	evm.model.RL_3.1421
OG0004425	As010G233630	evm.model.RL_3.1462
OG0004426	As010G234750	evm.model.RL_3.1586
OG0004427	As010G234950	evm.model.RL_3.1604, evm.model.RL_3.1605
OG0004428	As010G237990	evm.model.RL_3.1968
OG0004429	As010G238940, As010G238950	evm.model.RL_3.1872
OG0004430	As010G238980	evm.model.RL_3.1869, evm.model.RL_3.1868
OG0004431	As010G240900	evm.model.RL_3.1687
OG0004432	As010G241990	evm.model.RL_3.2255
OG0004433	As010G242310	evm.model.RL_3.2300
OG0004433	As010G242320	evm.model.RL_3.2301
OG0004434	As010G242650	evm.model.RL_3.2330
OG0004436	As011G244750	evm.model.RL_1.1190
OG0004437	As011G246140	evm.model.RL_1.1329
OG0004438	As011G246280	evm.model.RL_1.1342
OG0004439	As011G246400	evm.model.RL_5.2536, evm.model.RL_2.83, evm.model.RL_1.1357, evm.model.RL_1.2344, evm.model.RL_2.87
OG0004440	As011G247280	evm.model.RL_1.1431, evm.model.RL_1.1435
OG0004441	As011G247520	evm.model.RL_1.1460
OG0004442	As011G247660	evm.model.RL_1.1476
OG0004443	As011G248380	evm.model.RL_1.1546
OG0004444	As011G250670	evm.model.RL_1.1769
OG0004445	As011G251920	evm.model.RL_1.1892, evm.model.RL_5.2016
OG0004447	As011G253150	evm.model.RL_1.2015
OG0004448	As011G253180, As012G271840	evm.model.RL_1.2017
OG0004449	As011G253600	evm.model.RL_1.2261, evm.model.RL_1.2053
OG0004450	As011G253980	evm.model.RL_1.2109
OG0004451	As011G255250	evm.model.RL_1.2224
OG0004452	As011G263640	evm.model.RL_6.527, evm.model.RL_2.2815, evm.model.RL_2.2814
OG0004453	As011G265220	evm.model.RL_1.3033
OG0004454	As011G265530	evm.model.RL_1.2998
OG0004455	As011G265750	evm.model.RL_1.3096
OG0004456	As011G267180	evm.model.RL_1.3226, evm.model.RL_6.1702
OG0004457	As012G270680	evm.model.RL_5.3707
OG0004458	As012G271520	evm.model.RL_5.1921
OG0004460	As012G273600	evm.model.RL_5.2148
OG0004461	As012G275430	evm.model.RL_6.1530, evm.model.RL_5.2918
OG0004462	As012G275460	evm.model.RL_7.1198
OG0004463	As012G278020	evm.model.RL_7.983.1.687c84b7
OG0004464	As012G281490	evm.model.RL_7.859
OG0004465	As012G282680	evm.model.RL_7.738
OG0004466	As012G283150	evm.model.RL_7.694
OG0004467	As012G283840	evm.model.RL_8.1419
OG0004468	As012G284460	evm.model.RL_7.548.1.687c84b5
OG0004469	As012G284540	evm.model.RL_7.539, evm.model.RL_6.1927
OG0004470	As012G284870	evm.model.RL_7.501
OG0004471	As012G286860	evm.model.RL_6.2661, evm.model.RL_7.289
OG0004472	As012G287440	evm.model.RL_7.228
OG0004473	As012G288260	evm.model.RL_7.132
OG0004474	As012G288860	evm.model.RL_7.65
OG0004498	As001G000170	evm.model.RL_2.2339
OG0004499	As001G000420	evm.model.RL_2.2370
OG0004500	As001G000790	evm.model.RL_2.2407
OG0004501	As011G265920, As001G001860	evm.model.RL_2.2519
OG0004502	As001G002140, As002G049030	evm.model.RL_8.1808
OG0004503	As001G002250	evm.model.RL_2.2543.1.687c86e6
OG0004504	As001G002530	evm.model.RL_6.279
OG0004505	As001G002630	evm.model.RL_2.2571
OG0004506	As001G002870	evm.model.RL_2.2585
OG0004507	As001G003820, As012G284650	evm.model.RL_7.560, evm.model.RL_7.531
OG0004508	As001G004070	evm.model.RL_2.2692
OG0004509	As001G004590, As007G163180	evm.model.RL_6.440
OG0004510	As001G004650	evm.model.RL_6.442
OG0004511	As001G006600	evm.model.RL_2.2816
OG0004512	As001G013860	evm.model.RL_2.2960
OG0004513	As001G014180, As011G263170	evm.model.RL_2.2971.1.687c86e7
OG0004514	As001G017770, As001G017780	evm.model.RL_2.1219
OG0004515	As001G020380, As008G187160	evm.model.RL_3.502
OG0004516	As001G021640	evm.model.RL_3.345
OG0004518	As001G022660	evm.model.RL_2.1881
OG0004519	As001G022670	evm.model.RL_7.2699
OG0004520	As001G024360	evm.model.RL_3.1212, evm.model.RL_8.1332
OG0004521	As001G024900	evm.model.RL_7.2434, evm.model.RL_7.2433
OG0004522	As001G026910	evm.model.RL_7.2213, evm.model.RL_2.207
OG0004523	As001G027440	evm.model.RL_7.2147
OG0004524	As001G027910	evm.model.RL_7.2072
OG0004525	As001G029530	evm.model.RL_2.567, evm.model.RL_3.908.1.687c84bb
OG0004526	As001G031770	evm.model.RL_3.198
OG0004527	As002G032370	evm.model.RL_1.1158.1.687c87ec
OG0004528	As002G048010, As002G048020, As002G035600, As002G048000	evm.model.RL_8.1703
OG0004529	As002G038860	evm.model.RL_1.1134
OG0004530	As004G088910	evm.model.RL_8.2059
OG0004531	As002G047610	evm.model.RL_8.1666.1.687c855c
OG0004532	As002G047950	evm.model.RL_8.1698
OG0004533	As002G048330, As002G048320	evm.model.RL_8.1738, evm.model.RL_8.1739
OG0004534	As002G048480	evm.model.RL_8.1750, evm.model.RL_8.1749
OG0004535	As002G049210	evm.model.RL_8.1829
OG0004536	As002G049590	evm.model.RL_8.1864
OG0004537	As002G050170	evm.model.RL_4.747
OG0004538	As002G050780	evm.model.RL_4.2333
OG0004539	As002G050870	evm.model.RL_4.2345
OG0004540	As002G051190	evm.model.RL_4.2380
OG0004542	As002G052120	evm.model.RL_4.2473
OG0004543	As002G052580	evm.model.RL_4.2518
OG0004544	As005G118330, As002G053000	evm.model.RL_4.2550
OG0004545	As002G054050	evm.model.RL_4.2666
OG0004546	As002G054780	evm.model.RL_4.2743
OG0004547	As002G055310	evm.model.RL_4.2804
OG0004548	As004G088510	evm.model.RL_2.1398
OG0004549	As003G056980	evm.model.RL_2.1409
OG0004550	As003G057550	evm.model.RL_2.1473
OG0004551	As003G060550, As004G085190	evm.model.RL_8.542
OG0004552	As003G061560	evm.model.RL_2.1870
OG0004553	As003G061580	evm.model.RL_2.1872
OG0004554	As003G062110	evm.model.RL_2.1917.1.687c86e4
OG0004557	As003G066240	evm.model.RL_5.2294, evm.model.RL_5.2293
OG0004558	As003G068490	evm.model.RL_5.3082
OG0004559	As004G081350, As003G069100	evm.model.RL_5.3052
OG0004560	As003G069170	evm.model.RL_5.3048
OG0004561	As003G070250	evm.model.RL_5.2952
OG0004562	As003G070690	evm.model.RL_5.2940
OG0004563	As003G071430	evm.model.RL_5.2848, evm.model.RL_5.2847
OG0004564	As003G071740	evm.model.RL_2.3070
OG0004566	As003G072650	evm.model.RL_2.3167
OG0004567	As003G075090	evm.model.RL_2.3378, evm.model.RL_2.484.2.687c86e0
OG0004568	As004G076930	evm.model.RL_2.570
OG0004569	As004G077080	evm.model.RL_2.529, evm.model.RL_3.959
OG0004570	As004G078450	evm.model.RL_5.1543, evm.model.RL_2.264
OG0004571	As004G078690	evm.model.RL_7.1621
OG0004572	As004G078860	evm.model.RL_6.1596, evm.model.RL_4.1773
OG0004573	As004G089620	evm.model.RL_4.96
OG0004574	As004G079990	evm.model.RL_6.1659
OG0004575	As004G081570	evm.model.RL_6.1460
OG0004576	As004G084010	evm.model.RL_8.699
OG0004577	As004G084320	evm.model.RL_8.666
OG0004578	As004G086090	evm.model.RL_8.427
OG0004579	As004G086580, As004G086630	evm.model.RL_4.420.1.687c86ce
OG0004580	As004G086670	evm.model.RL_4.417
OG0004581	As004G088710	evm.model.RL_4.201
OG0004582	As004G089650	evm.model.RL_4.94
OG0004583	As004G092640	evm.model.RL_2.741.2.687c86e1
OG0004584	As004G094230, As004G094130, As004G094150, As004G094120	evm.model.RL_2.845
OG0004585	As004G095110	evm.model.RL_2.912
OG0004586	As011G254200, As004G096140	evm.model.RL_1.2130
OG0004588	As005G101990	evm.model.RL_6.2648
OG0004589	As005G102570	evm.model.RL_6.2592
OG0004590	As005G102580	evm.model.RL_6.2591
OG0004592	As005G103900	evm.model.RL_6.2467
OG0004593	As005G107390	evm.model.RL_4.3307
OG0004594	As005G108270	evm.model.RL_4.3198
OG0004595	As005G112110	evm.model.RL_4.1586
OG0004596	As005G112490	evm.model.RL_4.794, evm.model.RL_4.1558
OG0004597	As005G113240	evm.model.RL_4.1494
OG0004598	As005G113640	evm.model.RL_4.1454
OG0004600	As005G116670	evm.model.RL_8.2440
OG0004601	As005G117060, As005G117070	evm.model.RL_3.1098
OG0004602	As005G117530	evm.model.RL_8.2536
OG0004603	As005G118490	evm.model.RL_8.2628
OG0004604	As005G118570	evm.model.RL_8.2634
OG0004606	As005G120070	evm.model.RL_8.2793
OG0004607	As005G120720, As005G120700	evm.model.RL_8.2847
OG0004608	As006G121010	evm.model.RL_8.11, evm.model.RL_8.2615
OG0004609	As006G123070	evm.model.RL_8.245, evm.model.RL_2.351
OG0004610	As006G125090	evm.model.RL_4.454
OG0004611	As006G125600	evm.model.RL_6.1392
OG0004612	As006G127160	evm.model.RL_6.1247
OG0004613	As006G129290	evm.model.RL_6.996, evm.model.RL_5.611
OG0004614	As006G130790	evm.model.RL_6.810
OG0004615	As006G130930	evm.model.RL_6.834
OG0004616	As006G133000, As006G132980	evm.model.RL_1.54
OG0004617	As006G133180	evm.model.RL_1.43, evm.model.RL_4.2197
OG0004618	As006G133500	evm.model.RL_1.18
OG0004619	As006G133560	evm.model.RL_1.14
OG0004620	As006G141990, As006G133730	evm.model.RL_1.779
OG0004621	As006G135760, As009G202400	evm.model.RL_1.196
OG0004622	As006G135970	evm.model.RL_4.1961, evm.model.RL_1.219
OG0004623	As006G137260	evm.model.RL_1.319
OG0004624	As006G139180	evm.model.RL_1.512
OG0004625	As006G139360	evm.model.RL_1.524
OG0004626	As006G139540	evm.model.RL_1.538
OG0004627	As006G139570	evm.model.RL_1.541
OG0004628	As006G139900	evm.model.RL_1.566
OG0004629	As006G141110, As006G141120	evm.model.RL_1.681
OG0004630	As006G141420	evm.model.RL_1.716
OG0004631	As006G141470	evm.model.RL_1.721
OG0004632	As006G141630	evm.model.RL_1.741
OG0004633	As006G141660	evm.model.RL_1.744
OG0004634	As006G142290	evm.model.RL_6.2179
OG0004635	As006G142670	evm.model.RL_6.2145
OG0004636	As006G142710	evm.model.RL_6.2142
OG0004637	As006G142850	evm.model.RL_6.2127
OG0004638	As006G143330	evm.model.RL_6.2081
OG0004639	As006G144970	evm.model.RL_6.1732
OG0004640	As006G145040	evm.model.RL_6.1739
OG0004641	As006G145410	evm.model.RL_6.1778
OG0004642	As006G146400	evm.model.RL_6.1823
OG0004643	As006G147190	evm.model.RL_6.1972
OG0004644	As007G152340	evm.model.RL_5.1443
OG0004645	As007G154210, As007G152410	evm.model.RL_5.1448
OG0004646	As007G154330	evm.model.RL_5.1618
OG0004647	As007G154990	evm.model.RL_5.1691
OG0004649	As007G157390	evm.model.RL_5.3606.1.687c88c3
OG0004650	As007G158000	evm.model.RL_5.3562
OG0004651	As007G159490	evm.model.RL_5.3430
OG0004652	As007G159630, As007G159640	evm.model.RL_5.3411
OG0004653	As007G159650	evm.model.RL_5.3414
OG0004654	As007G160410	evm.model.RL_5.3326
OG0004655	As007G163000, As007G165660	evm.model.RL_2.1963, evm.model.RL_2.1965
OG0004657	As007G163600	evm.model.RL_2.1998
OG0004658	As007G165800	evm.model.RL_2.2088, evm.model.RL_1.2200
OG0004659	As007G177700	evm.model.RL_6.414
OG0004660	As007G178490, As007G178460	evm.model.RL_6.386, evm.model.RL_6.389
OG0004661	As008G184680	evm.model.RL_5.1118
OG0004662	As008G187370	evm.model.RL_5.883
OG0004664	As008G188000	evm.model.RL_5.835
OG0004665	As008G188240	evm.model.RL_5.813
OG0004666	As008G188780	evm.model.RL_7.779, evm.model.RL_5.777
OG0004667	As008G189020	evm.model.RL_5.762
OG0004668	As008G190320	evm.model.RL_5.712
OG0004669	As008G191130	evm.model.RL_5.647
OG0004670	As008G193050	evm.model.RL_5.560
OG0004671	As008G195650	evm.model.RL_5.339
OG0004672	As009G200150	evm.model.RL_4.2202
OG0004673	As009G202420	evm.model.RL_4.1992
OG0004674	As009G203750	evm.model.RL_4.1863
OG0004675	As009G203800	evm.model.RL_4.1856
OG0004676	As009G204380	evm.model.RL_4.1801
OG0004677	As009G204480	evm.model.RL_4.1793
OG0004678	As009G205010	evm.model.RL_4.1739
OG0004679	As009G205800	evm.model.RL_4.1084
OG0004680	As009G206920	evm.model.RL_4.999
OG0004681	As009G207210	evm.model.RL_4.960
OG0004682	As009G207670, As009G207660, As009G207710, As009G207700	evm.model.RL_4.918
OG0004683	As009G208820	evm.model.RL_4.812
OG0004684	As009G208870	evm.model.RL_4.808
OG0004685	As009G209640	evm.model.RL_4.2252
OG0004687	As009G212090	evm.model.RL_7.403
OG0004688	As009G212420, As009G212410	evm.model.RL_4.2916
OG0004689	As009G213660	evm.model.RL_4.3006
OG0004690	As009G214620	evm.model.RL_4.3087
OG0004691	As009G215110	evm.model.RL_4.1171
OG0004692	As009G215150	evm.model.RL_4.1177
OG0004693	As009G215480	evm.model.RL_4.1218
OG0004694	As009G217250	evm.model.RL_4.1399
OG0004695	As009G218500	evm.model.RL_8.2270
OG0004696	As009G218640	evm.model.RL_8.2289
OG0004697	As009G218750	evm.model.RL_8.2300
OG0004698	As009G218840	evm.model.RL_8.2309
OG0004699	As009G218920	evm.model.RL_8.2318
OG0004700	As009G219250	evm.model.RL_8.2355
OG0004701	As010G220550	evm.model.RL_7.1285
OG0004702	As010G222340	evm.model.RL_7.1498.1.687c84b9
OG0004704	As010G224140	evm.model.RL_7.1686
OG0004705	As011G257540, As010G226740	evm.model.RL_1.2380
OG0004706	As010G226830	evm.model.RL_7.1980, evm.model.RL_8.1488
OG0004707	As010G232320	evm.model.RL_3.1312
OG0004708	As010G232500	evm.model.RL_3.1325.4.687c84bc
OG0004709	As010G232900	evm.model.RL_3.1381
OG0004710	As010G234800	evm.model.RL_3.1591
OG0004711	As010G235100	evm.model.RL_3.1614
OG0004712	As010G237140	evm.model.RL_3.2046.1.687c84bd
OG0004713	As010G237780	evm.model.RL_3.1983, evm.model.RL_5.1825
OG0004714	As010G238010	evm.model.RL_3.1966
OG0004715	As010G238050, As010G238040	evm.model.RL_5.3251
OG0004716	As010G239010	evm.model.RL_3.1865
OG0004717	As010G239890	evm.model.RL_5.1634
OG0004718	As010G242420	evm.model.RL_3.2309
OG0004719	As010G243200	evm.model.RL_3.2380
OG0004720	As010G243480	evm.model.RL_3.2405
OG0004721	As010G243680	evm.model.RL_3.2425
OG0004722	As010G243730	evm.model.RL_3.2432
OG0004723	As010G243830	evm.model.RL_3.2439
OG0004724	As010G243840	evm.model.RL_3.2440
OG0004725	As010G244010	evm.model.RL_5.1398
OG0004726	As011G244610	evm.model.RL_1.1164
OG0004727	As011G244720	evm.model.RL_1.1186
OG0004728	As012G267920	evm.model.RL_1.1216
OG0004729	As011G245400	evm.model.RL_1.1257
OG0004730	As011G245970	evm.model.RL_1.1315
OG0004732	As011G247150	evm.model.RL_1.1421
OG0004733	As011G247580	evm.model.RL_1.1467
OG0004734	As011G248970	evm.model.RL_1.1603
OG0004735	As011G249420	evm.model.RL_5.2203, evm.model.RL_1.1656
OG0004736	As011G250360	evm.model.RL_1.1740
OG0004737	As011G250700	evm.model.RL_1.1772
OG0004738	As011G250930	evm.model.RL_1.1793
OG0004739	As012G272860, As011G251110	evm.model.RL_1.1808
OG0004740	As011G252030	evm.model.RL_1.1912
OG0004741	As011G253470	evm.model.RL_1.2065
OG0004742	As011G254510	evm.model.RL_1.2159
OG0004743	As011G254540	evm.model.RL_1.2162
OG0004744	As011G255150	evm.model.RL_1.2217
OG0004745	As011G255330	evm.model.RL_1.2238
OG0004746	As011G256090	evm.model.RL_1.2302
OG0004748	As011G262550, As011G262540	evm.model.RL_5.3948, evm.model.RL_3.1758
OG0004749	As011G263460	evm.model.RL_1.2827
OG0004750	As011G266140	evm.model.RL_1.3130
OG0004751	As011G267050	evm.model.RL_1.3208
OG0004752	As012G268020	evm.model.RL_5.3965
OG0004753	As012G269500	evm.model.RL_2.95
OG0004754	As012G272120	evm.model.RL_5.1993
OG0004755	As012G272400	evm.model.RL_5.2028
OG0004756	As012G273590	evm.model.RL_5.2147
OG0004757	As012G273670	evm.model.RL_1.2263
OG0004758	As012G277580	evm.model.RL_7.2548
OG0004759	As012G279310	evm.model.RL_7.962, evm.model.RL_7.963
OG0004761	As012G279480	evm.model.RL_7.1227
OG0004762	As012G281540	evm.model.RL_6.587
OG0004763	As012G282030	evm.model.RL_7.805
OG0004765	As012G283070	evm.model.RL_7.709
OG0004766	As012G283240	evm.model.RL_7.685
OG0004767	As012G283940	evm.model.RL_7.626
OG0004768	As012G284140	evm.model.RL_7.595
OG0004769	As012G284280	evm.model.RL_7.567
OG0004770	As012G289140	evm.model.RL_4.1143, evm.model.RL_2.493
OG0004801	As011G267360, As001G000190	evm.model.RL_2.2342
OG0004802	As001G000200	evm.model.RL_2.2343
OG0004803	As001G000240	evm.model.RL_2.2756, evm.model.RL_2.2347
OG0004804	As001G000330	evm.model.RL_2.2360
OG0004805	As001G000920	evm.model.RL_2.2427
OG0004806	As001G002130	evm.model.RL_2.2533
OG0004807	As001G002880	evm.model.RL_2.2586
OG0004808	As001G004040	evm.model.RL_2.2690, evm.model.RL_8.1220
OG0004809	As001G004150	evm.model.RL_2.2697
OG0004810	As001G004320	evm.model.RL_4.936
OG0004811	As001G005970	evm.model.RL_2.2800
OG0004812	As001G006400	evm.model.RL_2.2788
OG0004813	As001G007090	evm.model.RL_2.2820
OG0004814	As001G013570	evm.model.RL_2.2932
OG0004815	As001G014410	evm.model.RL_2.2996
OG0004817	As004G083110, As001G017700	evm.model.RL_2.1222
OG0004818	As001G017790	evm.model.RL_2.1218
OG0004819	As001G018060	evm.model.RL_2.1197
OG0004820	As001G018530	evm.model.RL_3.753, evm.model.RL_3.756
OG0004821	As001G018760	evm.model.RL_3.728
OG0004822	As008G186200	evm.model.RL_5.991
OG0004822	As001G021650	evm.model.RL_3.343
OG0004823	As001G021690	evm.model.RL_3.338
OG0004824	As001G022350	evm.model.RL_7.2671
OG0004826	As001G023400	evm.model.RL_7.2597
OG0004827	As001G025020	evm.model.RL_7.2419
OG0004828	As001G025450	evm.model.RL_7.2371
OG0004829	As001G025570	evm.model.RL_7.2358
OG0004831	As001G026350	evm.model.RL_7.2273
OG0004832	As001G026590, As005G119760	evm.model.RL_7.2253
OG0004833	As001G027610	evm.model.RL_2.210, evm.model.RL_7.2123
OG0004834	As001G027630	evm.model.RL_7.2119
OG0004835	As001G027750	evm.model.RL_7.2098
OG0004836	As001G027800	evm.model.RL_7.2088
OG0004838	As001G028180	evm.model.RL_7.2035.1.687c84bb
OG0004839	As001G028190	evm.model.RL_8.834
OG0004841	As001G031140	evm.model.RL_3.111
OG0004841	As001G031130	evm.model.RL_3.110
OG0004842	As001G031750	evm.model.RL_3.196, evm.model.RL_5.1110
OG0004843	As008G185240, As001G032070	evm.model.RL_5.1079
OG0004844	As002G033080	evm.model.RL_6.2261
OG0004845	As002G034250	evm.model.RL_1.845
OG0004846	As002G035570	evm.model.RL_1.940
OG0004847	As002G035930	evm.model.RL_1.960
OG0004848	As002G037420	evm.model.RL_1.1064.2.687c87ec.1.687c9a66
OG0004849	As002G038820	evm.model.RL_1.1132
OG0004850	As007G164360, As002G042970	evm.model.RL_8.1217
OG0004851	As002G043200	evm.model.RL_2.409, evm.model.RL_8.1227
OG0004852	As002G043810, As009G209900	evm.model.RL_8.1289
OG0004854	As002G044600	evm.model.RL_8.1377
OG0004855	As002G044650	evm.model.RL_8.1382
OG0004856	As002G044980	evm.model.RL_8.1399
OG0004857	As002G045730	evm.model.RL_8.1475
OG0004858	As002G046440	evm.model.RL_8.1554
OG0004859	As002G046640	evm.model.RL_8.1577
OG0004859	As006G132620	evm.model.RL_2.2220
OG0004860	As002G048650	evm.model.RL_8.1776
OG0004861	As002G049390	evm.model.RL_8.1847
OG0004862	As002G049870, As010G227590	evm.model.RL_8.1882
OG0004863	As002G050320	evm.model.RL_4.2292
OG0004864	As002G050440	evm.model.RL_4.2303
OG0004865	As002G050480	evm.model.RL_4.2307
OG0004866	As002G050490	evm.model.RL_4.2308
OG0004867	As002G051840	evm.model.RL_4.2446
OG0004868	As002G051860, As009G201870	evm.model.RL_4.2081.1.687c86d7
OG0004869	As002G052150	evm.model.RL_4.2478
OG0004870	As002G052750	evm.model.RL_4.2529
OG0004872	As002G053820	evm.model.RL_4.2644
OG0004873	As003G055900	evm.model.RL_2.1306
OG0004874	As004G089050	evm.model.RL_4.170
OG0004875	As003G056530	evm.model.RL_2.1370
OG0004876	As003G056620, As004G088760	evm.model.RL_4.196
OG0004877	As003G057300	evm.model.RL_2.1443
OG0004878	As003G057320	evm.model.RL_2.1445
OG0004879	As003G057800	evm.model.RL_2.1498
OG0004880	As003G058210	evm.model.RL_2.1551
OG0004881	As003G058480	evm.model.RL_2.1570
OG0004882	As003G058730	evm.model.RL_2.1591
OG0004883	As003G059030	evm.model.RL_2.1620
OG0004884	As003G059460	evm.model.RL_2.1647
OG0004885	As003G059780	evm.model.RL_4.1708, evm.model.RL_4.1733
OG0004886	As003G059800	evm.model.RL_2.1683
OG0004887	As003G059840	evm.model.RL_2.1686.1.687c86e3
OG0004888	As003G060430	evm.model.RL_2.1741
OG0004889	As003G060940	evm.model.RL_2.1802
OG0004890	As003G061450	evm.model.RL_2.1859
OG0004891	As003G061960	evm.model.RL_2.1900
OG0004892	As003G062150	evm.model.RL_2.1922
OG0004894	As003G065660	evm.model.RL_5.2261.1.687c88ba
OG0004896	As003G068660	evm.model.RL_5.3079
OG0004897	As003G068770	evm.model.RL_5.3069
OG0004898	As012G275180	evm.model.RL_5.2906
OG0004899	As003G070960	evm.model.RL_4.3127
OG0004900	As003G072940	evm.model.RL_2.3189
OG0004901	As003G073810	evm.model.RL_2.3268
OG0004902	As003G074050	evm.model.RL_2.3286
OG0004903	As007G180230, As003G074530	evm.model.RL_6.150
OG0004904	As003G076520	evm.model.RL_2.3483
OG0004905	As004G079710	evm.model.RL_6.1613
OG0004906	As004G086100	evm.model.RL_8.426.1.687c8556
OG0004907	As004G086370	evm.model.RL_8.400
OG0004908	As004G087110, As004G089370, As004G089390	evm.model.RL_4.385.1.687c86ce
OG0004910	As004G088520	evm.model.RL_4.227
OG0004911	As011G262950, As004G088540	evm.model.RL_4.224
OG0004912	As004G089270	evm.model.RL_4.124
OG0004913	As004G090260	evm.model.RL_4.26
OG0004914	As004G090350	evm.model.RL_4.72
OG0004915	As004G090850	evm.model.RL_4.41
OG0004916	As004G093460	evm.model.RL_2.804, evm.model.RL_1.2400
OG0004917	As004G095730	evm.model.RL_2.983
OG0004917	As012G270330	evm.model.RL_5.3745
OG0004919	As004G097840	evm.model.RL_2.120, evm.model.RL_2.115
OG0004920	As004G098270	evm.model.RL_8.2688
OG0004921	As012G288850	evm.model.RL_7.66
OG0004922	As005G099440, As012G288450	evm.model.RL_7.105
OG0004923	As005G100860	evm.model.RL_5.3285
OG0004924	As005G100960	evm.model.RL_6.2756, evm.model.RL_5.1310
OG0004925	As012G287450, As005G101030	evm.model.RL_7.226
OG0004926	As005G101090	evm.model.RL_6.2745
OG0004927	As005G101280	evm.model.RL_6.2725
OG0004929	As005G102400	evm.model.RL_6.2602
OG0004931	As005G104220	evm.model.RL_6.2435
OG0004932	As005G104320	evm.model.RL_6.2425
OG0004933	As005G104880	evm.model.RL_6.2365
OG0004936	As005G107480	evm.model.RL_4.3299
OG0004937	As005G108370	evm.model.RL_4.3182
OG0004938	As005G108800	evm.model.RL_4.3144, evm.model.RL_6.2579
OG0004939	As005G109120	evm.model.RL_4.3119
OG0004940	As005G111070	evm.model.RL_4.1626
OG0004941	As005G111180	evm.model.RL_4.1660
OG0004943	As005G112360	evm.model.RL_4.1567
OG0004944	As005G113020	evm.model.RL_4.1525
OG0004945	As005G113300	evm.model.RL_4.1482
OG0004946	As005G113780	evm.model.RL_4.1434
OG0004947	As005G113910	evm.model.RL_2.2182
OG0004948	As005G114610	evm.model.RL_8.2076
OG0004949	As005G115090	evm.model.RL_8.2017
OG0004950	As005G115760	evm.model.RL_8.2009
OG0004951	As005G115840	evm.model.RL_8.1979
OG0004952	As005G116130	evm.model.RL_8.2394
OG0004954	As005G116380	evm.model.RL_8.2416
OG0004955	As005G117550	evm.model.RL_8.2538
OG0004956	As005G118410	evm.model.RL_8.2618
OG0004957	As005G118630	evm.model.RL_8.2644
OG0004958	As005G118700	evm.model.RL_8.2655
OG0004959	As005G118850	evm.model.RL_8.2671
OG0004960	As005G119160	evm.model.RL_8.2706
OG0004961	As005G119230	evm.model.RL_8.2713
OG0004962	As005G119600	evm.model.RL_8.2744
OG0004963	As005G119980	evm.model.RL_8.2789
OG0004965	As006G121990	evm.model.RL_8.122
OG0004966	As006G124550	evm.model.RL_4.468
OG0004967	As008G196340	evm.model.RL_5.279
OG0004967	As006G124910	evm.model.RL_4.510
OG0004968	As006G125250	evm.model.RL_6.1431
OG0004969	As006G126170	evm.model.RL_6.1352
OG0004970	As006G127960	evm.model.RL_6.1153
OG0004971	As006G128010	evm.model.RL_6.1146, evm.model.RL_6.1147
OG0004972	As006G128270	evm.model.RL_6.1119
OG0004973	As006G128640	evm.model.RL_6.1076
OG0004974	As006G128740	evm.model.RL_6.1061
OG0004975	As006G129710	evm.model.RL_6.958
OG0004976	As006G130190	evm.model.RL_6.896
OG0004977	As006G130530	evm.model.RL_6.760
OG0004978	As006G133540, As009G199820	evm.model.RL_4.2226
OG0004979	As006G133750, As006G141960	evm.model.RL_1.775
OG0004980	As006G142010	evm.model.RL_1.782
OG0004981	As006G134770	evm.model.RL_1.94
OG0004982	As009G202500, As006G135830	evm.model.RL_1.204
OG0004983	As006G136020	evm.model.RL_4.1957
OG0004986	As009G205410, As006G139410	evm.model.RL_4.1121
OG0004987	As009G205170, As006G139500	evm.model.RL_4.1719
OG0004988	As006G139830, As009G204740	evm.model.RL_1.560
OG0004989	As006G140070, As012G283670	evm.model.RL_7.651
OG0004990	As006G140740	evm.model.RL_1.646
OG0004991	As006G141260	evm.model.RL_1.702
OG0004992	As006G141680	evm.model.RL_1.747
OG0004993	As006G141950	evm.model.RL_1.773
OG0004994	As006G142580	evm.model.RL_6.2154
OG0004995	As006G142980	evm.model.RL_6.2112
OG0004996	As006G143310	evm.model.RL_6.2083
OG0004997	As006G143760	evm.model.RL_7.867
OG0004998	As006G144480	evm.model.RL_6.1686
OG0004999	As006G144570	evm.model.RL_6.1698
OG0005000	As006G144590	evm.model.RL_5.3022
OG0005001	As006G147050	evm.model.RL_6.1900
OG0005002	As006G147700	evm.model.RL_6.1913
OG0005003	As006G147990	evm.model.RL_6.1924
OG0005005	As007G151970	evm.model.RL_5.1386
OG0005006	As007G153190	evm.model.RL_5.1517
OG0005007	As007G154040, As007G153880	evm.model.RL_5.1582
OG0005008	As007G153990	evm.model.RL_5.1593
OG0005009	As007G154750	evm.model.RL_5.1628
OG0005010	As007G154930	evm.model.RL_5.1686
OG0005011	As007G155560	evm.model.RL_5.1753
OG0005012	As007G156050	evm.model.RL_5.1814
OG0005013	As007G158050	evm.model.RL_3.2183
OG0005014	As007G158130	evm.model.RL_5.3553
OG0005015	As007G158650	evm.model.RL_5.3501
OG0005016	As007G160000	evm.model.RL_5.3371
OG0005018	As007G160180	evm.model.RL_5.3356
OG0005020	As007G160760	evm.model.RL_5.3282
OG0005021	As007G161470, As007G163920	evm.model.RL_5.3215
OG0005022	As007G161710	evm.model.RL_5.3198
OG0005023	As007G161950	evm.model.RL_5.3174
OG0005024	As007G162060, As010G228460	evm.model.RL_3.1113
OG0005025	As007G163520	evm.model.RL_2.1991
OG0005026	As007G164830	evm.model.RL_2.2054.2.687c86e4
OG0005027	As007G176570	evm.model.RL_2.2830, evm.model.RL_7.446
OG0005028	As008G182510	evm.model.RL_3.2013
OG0005029	As008G183630	evm.model.RL_5.1218
OG0005030	As008G184850	evm.model.RL_3.2400.1.687c84be
OG0005031	As008G184860	evm.model.RL_5.1102
OG0005032	As008G185200	evm.model.RL_5.1083
OG0005033	As008G185880	evm.model.RL_5.1025
OG0005034	As008G187000	evm.model.RL_5.923.1.687c88b0
OG0005035	As008G187350	evm.model.RL_5.887
OG0005036	As008G187850	evm.model.RL_5.1232
OG0005037	As008G188970	evm.model.RL_5.766
OG0005038	As008G190460	evm.model.RL_6.1584
OG0005039	As008G190580	evm.model.RL_5.670
OG0005040	As008G190680	evm.model.RL_5.705
OG0005041	As008G193840	evm.model.RL_5.489
OG0005042	As008G193930, As008G193940	evm.model.RL_5.482
OG0005043	As008G194160	evm.model.RL_5.463.1.687c88ac
OG0005044	As008G195190	evm.model.RL_5.377
OG0005045	As008G195270, As008G195280	evm.model.RL_5.369
OG0005046	As008G197560	evm.model.RL_5.151
OG0005047	As008G198960	evm.model.RL_5.38.2.687c88a9
OG0005048	As008G199030	evm.model.RL_3.512, evm.model.RL_8.2873
OG0005049	As008G199040	evm.model.RL_8.2874
OG0005050	As009G200820	evm.model.RL_4.2119
OG0005051	As009G201840	evm.model.RL_3.1647
OG0005052	As009G201920	evm.model.RL_4.2037
OG0005053	As009G202060	evm.model.RL_4.2023
OG0005054	As009G202510	evm.model.RL_4.1984
OG0005055	As009G203120	evm.model.RL_4.1923
OG0005056	As009G203200	evm.model.RL_4.1913
OG0005057	As009G203710	evm.model.RL_4.1867
OG0005058	As009G204170	evm.model.RL_4.1822
OG0005059	As009G204310	evm.model.RL_4.1809
OG0005060	As009G204730	evm.model.RL_4.1762
OG0005061	As009G205060	evm.model.RL_4.1734
OG0005062	As009G205390	evm.model.RL_4.1123.2.687c86d2
OG0005063	As009G206840	evm.model.RL_1.425, evm.model.RL_4.1008
OG0005064	As009G206910	evm.model.RL_4.1000
OG0005066	As009G207390	evm.model.RL_4.931, evm.model.RL_4.884
OG0005067	As009G208350	evm.model.RL_4.861
OG0005068	As009G209370	evm.model.RL_4.772
OG0005069	As009G210130	evm.model.RL_8.1202.1.687c855a, evm.model.RL_4.778
OG0005070	As009G211070	evm.model.RL_7.947.6.687c84b7
OG0005071	As009G212280	evm.model.RL_4.2907
OG0005072	As009G214020	evm.model.RL_4.3032
OG0005073	As009G216020	evm.model.RL_7.1448
OG0005074	As009G216210, As009G216220	evm.model.RL_4.1281
OG0005075	As009G217570	evm.model.RL_8.2152
OG0005076	As009G217600	evm.model.RL_8.2160
OG0005077	As009G217940	evm.model.RL_8.2206
OG0005078	As009G218030	evm.model.RL_8.2216
OG0005079	As009G218730	evm.model.RL_8.2298
OG0005080	As009G219690	evm.model.RL_8.1943.1.687c855e
OG0005081	As009G219900	evm.model.RL_8.1921
OG0005082	As009G220060	evm.model.RL_8.1907
OG0005083	As009G220070	evm.model.RL_8.1906
OG0005084	As010G221270	evm.model.RL_7.1385
OG0005085	As010G221790	evm.model.RL_7.1451.5.687c84b9
OG0005086	As010G221820	evm.model.RL_7.1454
OG0005087	As010G222060	evm.model.RL_7.1467
OG0005088	As010G222240	evm.model.RL_4.898, evm.model.RL_7.1486
OG0005089	As010G223760	evm.model.RL_7.1653
OG0005090	As010G227320	evm.model.RL_4.1611
OG0005091	As010G227690	evm.model.RL_3.1153
OG0005092	As010G230480	evm.model.RL_3.1233
OG0005093	As010G230830	evm.model.RL_3.1239
OG0005094	As010G231100	evm.model.RL_3.1242
OG0005095	As010G231510	evm.model.RL_7.2661
OG0005097	As010G232030	evm.model.RL_3.1291
OG0005098	As010G232760	evm.model.RL_3.1359
OG0005099	As010G234810	evm.model.RL_3.1592
OG0005100	As010G235320	evm.model.RL_3.2208
OG0005101	As010G235560, As010G235550	evm.model.RL_3.2187
OG0005102	As010G235970	evm.model.RL_6.515, evm.model.RL_2.807
OG0005103	As010G236600	evm.model.RL_3.2094
OG0005104	As010G237160	evm.model.RL_3.2044
OG0005105	As010G237330	evm.model.RL_3.2031
OG0005106	As010G238190	evm.model.RL_3.1953
OG0005107	As010G242810	evm.model.RL_3.2344
OG0005108	As010G243740	evm.model.RL_3.2433
OG0005109	As010G243850	evm.model.RL_3.2441
OG0005110	As010G244380	evm.model.RL_5.1378
OG0005111	As011G245140	evm.model.RL_1.1235
OG0005112	As011G245560	evm.model.RL_1.1269
OG0005113	As011G245600	evm.model.RL_1.1277
OG0005114	As011G245840	evm.model.RL_1.1302.1.687c87ec
OG0005115	As011G246010	evm.model.RL_5.3879, evm.model.RL_5.3880
OG0005116	As011G246550, As012G269560	evm.model.RL_1.1372
OG0005117	As011G247300	evm.model.RL_1.1437
OG0005118	As011G247570	evm.model.RL_1.1465
OG0005119	As011G247670	evm.model.RL_1.1477
OG0005120	As011G247850	evm.model.RL_1.1495
OG0005121	As011G248190	evm.model.RL_1.1523
OG0005122	As011G248500	evm.model.RL_1.1565
OG0005123	As011G248720	evm.model.RL_1.1581
OG0005124	As011G250650	evm.model.RL_1.1767
OG0005125	As011G251080	evm.model.RL_1.1805
OG0005126	As011G252180	evm.model.RL_1.1926.3.687c87ee
OG0005127	As011G252870	evm.model.RL_1.1980
OG0005128	As011G252920	evm.model.RL_1.1987
OG0005129	As011G252980	evm.model.RL_1.1994
OG0005130	As011G253260	evm.model.RL_1.2032
OG0005131	As011G253360	evm.model.RL_1.2043
OG0005133	As011G253680	evm.model.RL_1.2048
OG0005134	As011G253700	evm.model.RL_1.2045
OG0005135	As011G254010	evm.model.RL_2.1053, evm.model.RL_1.2113
OG0005137	As011G256120	evm.model.RL_1.2304
OG0005138	As011G256170	evm.model.RL_1.2310
OG0005139	As011G262510	evm.model.RL_1.2722
OG0005140	As011G265140	evm.model.RL_1.2846.1.687c9a6d, evm.model.RL_1.3038
OG0005141	As011G265790, As011G265760, As011G265800, As011G265780, As011G265770	evm.model.RL_1.3097
OG0005142	As011G265810	evm.model.RL_1.3099
OG0005143	As011G265870	evm.model.RL_1.3104
OG0005144	As011G266960	evm.model.RL_1.3203
OG0005145	As012G268090	evm.model.RL_5.3957, evm.model.RL_5.3958, evm.model.RL_5.3959
OG0005146	As012G268410	evm.model.RL_5.3930, evm.model.RL_1.1254
OG0005148	As012G271810	evm.model.RL_5.1936
OG0005149	As012G273270, As012G273280	evm.model.RL_5.2112
OG0005150	As012G275500	evm.model.RL_7.1194
OG0005151	As012G275980	evm.model.RL_7.1144
OG0005152	As012G276380	evm.model.RL_7.1102
OG0005153	As012G278160	evm.model.RL_7.974
OG0005154	As012G278270	evm.model.RL_7.972
OG0005155	As012G278420	evm.model.RL_7.1204
OG0005156	As012G280450	evm.model.RL_7.898
OG0005157	As012G280490	evm.model.RL_7.897
OG0005159	As012G282630	evm.model.RL_7.732, evm.model.RL_8.971, evm.model.RL_8.941, evm.model.RL_8.951, evm.model.RL_8.958, evm.model.RL_8.965, evm.model.RL_8.934, evm.model.RL_8.952, evm.model.RL_8.935, evm.model.RL_8.962, evm.model.RL_8.928
OG0005160	As012G282710	evm.model.RL_7.741
OG0005161	As012G282890	evm.model.RL_7.728
OG0005162	As012G284100	evm.model.RL_7.601
OG0005163	As012G285650	evm.model.RL_5.3887
OG0005164	As012G285670	evm.model.RL_1.2235, evm.model.RL_7.396
OG0005165	As012G287130	evm.model.RL_7.260
OG0005166	As012G287510	evm.model.RL_1.2565
OG0005167	As012G287550	evm.model.RL_7.214
OG0005168	As012G287590	evm.model.RL_7.210
OG0005192	As001G000030	evm.model.RL_2.2326
OG0005193	As001G000450	evm.model.RL_2.2371
OG0005194	As001G000820	evm.model.RL_2.2412
OG0005195	As001G000860	evm.model.RL_2.2417
OG0005196	As001G001460	evm.model.RL_2.2486
OG0005197	As011G265330, As001G001510	evm.model.RL_1.3022
OG0005199	As001G001750	evm.model.RL_2.2507
OG0005200	As001G001880	evm.model.RL_3.1327
OG0005201	As001G002200	evm.model.RL_2.2539
OG0005202	As001G002220	evm.model.RL_2.2541, evm.model.RL_2.2590
OG0005204	As001G002730, As001G002720	evm.model.RL_2.2577
OG0005205	As001G003030	evm.model.RL_2.2599
OG0005206	As001G003180	evm.model.RL_2.2606
OG0005207	As001G003510	evm.model.RL_2.2636
OG0005208	As001G003980, As008G184210	evm.model.RL_5.1166
OG0005209	As001G004470	evm.model.RL_2.2806
OG0005210	As001G006380	evm.model.RL_2.2790
OG0005211	As001G013560	evm.model.RL_2.2933
OG0005212	As001G013840	evm.model.RL_2.2963
OG0005213	As001G013850	evm.model.RL_2.2961
OG0005214	As001G014850	evm.model.RL_2.3030
OG0005215	As001G016310	evm.model.RL_5.2779.1.687c88bd
OG0005217	As001G017460	evm.model.RL_2.1250
OG0005218	As001G019600	evm.model.RL_3.579
OG0005221	As001G022830	evm.model.RL_7.2713
OG0005222	As001G023020	evm.model.RL_7.2633
OG0005223	As001G023090	evm.model.RL_7.2623
OG0005225	As001G023510	evm.model.RL_7.2588
OG0005226	As001G024000	evm.model.RL_7.2527
OG0005227	As001G024070	evm.model.RL_7.2519
OG0005228	As001G024300	evm.model.RL_7.2502
OG0005229	As001G024310	evm.model.RL_7.2501
OG0005230	As001G025120	evm.model.RL_7.2409
OG0005231	As008G184490, As001G025700	evm.model.RL_5.1138
OG0005232	As001G025830	evm.model.RL_7.2333
OG0005233	As002G050110, As001G026680	evm.model.RL_4.742
OG0005234	As001G026780	evm.model.RL_7.2233
OG0005235	As001G027570	evm.model.RL_7.2133
OG0005236	As001G028240	evm.model.RL_3.1100
OG0005237	As001G031580	evm.model.RL_3.178, evm.model.RL_5.1129
OG0005238	As001G031860	evm.model.RL_3.213
OG0005240	As002G033370	evm.model.RL_6.2217
OG0005241	As002G035650	evm.model.RL_1.949
OG0005242	As002G037520	evm.model.RL_1.1076
OG0005243	As002G038200	evm.model.RL_1.1114, evm.model.RL_4.2880
OG0005244	As002G040220	evm.model.RL_8.1044
OG0005245	As002G044780	evm.model.RL_8.1417.1.687c855b
OG0005246	As002G044790	evm.model.RL_8.1416
OG0005247	As002G046190	evm.model.RL_2.1952
OG0005248	As002G047450	evm.model.RL_8.1651
OG0005249	As002G047550	evm.model.RL_7.328
OG0005250	As002G047570	evm.model.RL_8.1662
OG0005251	As002G049350	evm.model.RL_8.1843
OG0005252	As002G049940	evm.model.RL_8.1889
OG0005253	As002G050050	evm.model.RL_5.2280
OG0005254	As002G050270	evm.model.RL_4.2282
OG0005255	As002G050710	evm.model.RL_4.2326
OG0005256	As002G050800	evm.model.RL_4.2336
OG0005257	As002G051180	evm.model.RL_4.2378.1.687c86d9
OG0005258	As002G051280	evm.model.RL_4.2388
OG0005259	As002G051440	evm.model.RL_4.2405
OG0005260	As002G052400	evm.model.RL_4.1228.1.687c86d2
OG0005261	As002G052420	evm.model.RL_4.2509.1.687c86da
OG0005262	As002G053420	evm.model.RL_4.2590
OG0005263	As002G054560	evm.model.RL_4.2715
OG0005264	As002G054620	evm.model.RL_4.2721
OG0005265	As002G054940	evm.model.RL_4.2764
OG0005266	As002G055500	evm.model.RL_4.2823
OG0005267	As003G056420	evm.model.RL_2.1358.3.687c86e2
OG0005268	As003G056520	evm.model.RL_2.1369
OG0005269	As004G087090, As003G058360	evm.model.RL_2.1564.1.687c86e3
OG0005270	As003G060400	evm.model.RL_2.1737
OG0005271	As003G062220	evm.model.RL_2.1926
OG0005272	As003G063090, As003G063080	evm.model.RL_5.2574
OG0005274	As003G064590, As004G080920	evm.model.RL_5.2339
OG0005275	As003G067440	evm.model.RL_1.2170
OG0005276	As003G067920	evm.model.RL_5.3118
OG0005277	As003G068670	evm.model.RL_5.3077
OG0005278	As003G068760	evm.model.RL_5.3070
OG0005279	As003G069010	evm.model.RL_5.3061
OG0005280	As004G081400, As003G069020	evm.model.RL_5.3060
OG0005282	As003G070120	evm.model.RL_5.2967_evm.model.RL_5.2968
OG0005283	As003G070550, As003G070630, As003G070540	evm.model.RL_5.2934
OG0005284	As003G070820	evm.model.RL_5.2905
OG0005285	As003G073530	evm.model.RL_2.3248
OG0005286	As003G073790	evm.model.RL_2.3266
OG0005288	As007G180210, As003G074510	evm.model.RL_6.151
OG0005289	As003G074790	evm.model.RL_6.131, evm.model.RL_2.3348
OG0005290	As003G075710	evm.model.RL_7.1382, evm.model.RL_2.3418
OG0005291	As004G076710	evm.model.RL_7.85
OG0005292	As004G078110	evm.model.RL_8.1393
OG0005293	As004G078660	evm.model.RL_6.1581
OG0005294	As004G079840	evm.model.RL_6.1603
OG0005295	As012G278310, As010G237850	evm.model.RL_3.1977
OG0005296	As004G083990	evm.model.RL_8.701
OG0005297	As004G084530	evm.model.RL_2.1850
OG0005298	As004G085110	evm.model.RL_8.551
OG0005299	As004G086400, As005G113080	evm.model.RL_8.397
OG0005300	As004G086500	evm.model.RL_4.433
OG0005302	As004G089670	evm.model.RL_4.91
OG0005303	As004G092590	evm.model.RL_2.972
OG0005304	As004G093480	evm.model.RL_1.2398
OG0005305	As004G094220	evm.model.RL_2.848
OG0005306	As004G094400	evm.model.RL_2.852
OG0005307	As004G095160	evm.model.RL_2.921
OG0005308	As004G097330	evm.model.RL_6.2622
OG0005309	As004G098310	evm.model.RL_5.3301.2.687c88c1, evm.model.RL_2.183
OG0005310	As005G101900	evm.model.RL_6.2656
OG0005311	As005G101940	evm.model.RL_6.2653
OG0005312	As005G102030	evm.model.RL_6.2644
OG0005313	As005G102990	evm.model.RL_6.2546
OG0005314	As005G103830	evm.model.RL_6.2474
OG0005316	As005G104140	evm.model.RL_6.2442
OG0005317	As005G104740	evm.model.RL_6.2387
OG0005318	As005G105010	evm.model.RL_6.2320
OG0005319	As005G105050	evm.model.RL_6.2324
OG0005320	As005G105080	evm.model.RL_6.2328
OG0005321	As005G105830	evm.model.RL_6.2293
OG0005322	As005G106390	evm.model.RL_4.3400
OG0005323	As005G107120	evm.model.RL_4.3333
OG0005324	As005G107610	evm.model.RL_4.3283
OG0005325	As005G107770	evm.model.RL_4.3265
OG0005326	As005G108100	evm.model.RL_4.3218
OG0005327	As005G108310	evm.model.RL_4.3190
OG0005330	As005G109560	evm.model.RL_4.1138
OG0005331	As005G110880	evm.model.RL_4.1622
OG0005332	As005G111210	evm.model.RL_4.1617
OG0005333	As005G111980	evm.model.RL_4.1591
OG0005334	As005G112100	evm.model.RL_4.1587
OG0005335	As005G112280	evm.model.RL_4.1575
OG0005336	As005G112520	evm.model.RL_2.1933
OG0005337	As005G112640	evm.model.RL_4.1543
OG0005338	As005G113040, As010G226430	evm.model.RL_4.1523.1.687c86d4
OG0005339	As005G113270	evm.model.RL_4.1484
OG0005340	As005G113290	evm.model.RL_4.1657
OG0005341	As010G226240, As005G113340	evm.model.RL_4.1478.1.687c86d4
OG0005342	As005G113890	evm.model.RL_8.2148
OG0005343	As005G114460	evm.model.RL_8.2099
OG0005344	As005G114910	evm.model.RL_8.2050
OG0005345	As005G115620	evm.model.RL_8.2028
OG0005347	As005G116700	evm.model.RL_8.2443
OG0005348	As005G116970	evm.model.RL_4.381, evm.model.RL_4.933
OG0005349	As005G116990	evm.model.RL_8.2481
OG0005350	As005G117270	evm.model.RL_8.2506
OG0005351	As005G117780	evm.model.RL_8.2559
OG0005352	As005G117820	evm.model.RL_8.2564
OG0005354	As005G118650	evm.model.RL_8.2646
OG0005355	As005G119000	evm.model.RL_8.2689
OG0005356	As005G119020	evm.model.RL_8.2691
OG0005357	As005G119650	evm.model.RL_8.2751
OG0005358	As005G120230	evm.model.RL_6.460
OG0005359	As006G135260, As005G120420	evm.model.RL_8.2816.1.687c8563
OG0005360	As008G199610	evm.model.RL_8.841
OG0005361	As006G121060	evm.model.RL_8.16
OG0005362	As006G121210	evm.model.RL_8.95
OG0005363	As006G122260	evm.model.RL_8.151
OG0005364	As006G122320	evm.model.RL_5.67
OG0005365	As006G122550	evm.model.RL_8.207
OG0005366	As006G123900	evm.model.RL_8.346
OG0005368	As006G125730	evm.model.RL_6.1314
OG0005369	As006G125790	evm.model.RL_6.1357
OG0005370	As006G127060	evm.model.RL_6.1259
OG0005371	As006G127310	evm.model.RL_6.1232
OG0005372	As006G127400	evm.model.RL_6.1222
OG0005373	As006G130030	evm.model.RL_6.914
OG0005374	As006G130880	evm.model.RL_6.828
OG0005375	As006G131170	evm.model.RL_8.1270
OG0005376	As006G132090	evm.model.RL_2.2801
OG0005377	As006G133310	evm.model.RL_1.31, evm.model.RL_3.162
OG0005378	As006G136010	evm.model.RL_1.222
OG0005379	As006G136190	evm.model.RL_1.239
OG0005381	As006G138810	evm.model.RL_1.471
OG0005382	As006G139330	evm.model.RL_1.521
OG0005383	As006G139670	evm.model.RL_4.2256
OG0005384	As006G140170	evm.model.RL_1.590
OG0005385	As006G140490	evm.model.RL_1.628
OG0005386	As006G141090	evm.model.RL_1.679
OG0005387	As006G141390	evm.model.RL_1.712
OG0005388	As006G142900	evm.model.RL_6.2122
OG0005389	As012G282400, As006G142930	evm.model.RL_6.2117
OG0005390	As006G143390	evm.model.RL_6.2074
OG0005391	As006G143790	evm.model.RL_6.2045
OG0005392	As006G144000	evm.model.RL_6.2023
OG0005393	As006G144220	evm.model.RL_7.916
OG0005394	As006G144290	evm.model.RL_6.1990, evm.model.RL_6.1994
OG0005395	As006G144490	evm.model.RL_6.1689
OG0005396	As006G145630	evm.model.RL_6.1800
OG0005397	As006G146190	evm.model.RL_6.1838
OG0005398	As006G146370	evm.model.RL_6.1825
OG0005399	As006G147040	evm.model.RL_6.1898
OG0005400	As006G147530, As012G278560	evm.model.RL_6.1917
OG0005401	As007G163120, As006G147870	evm.model.RL_1.694
OG0005402	As006G148690	evm.model.RL_6.1938
OG0005403	As007G152380	evm.model.RL_6.485, evm.model.RL_5.1445
OG0005404	As007G153370	evm.model.RL_5.1537
OG0005405	As007G155080	evm.model.RL_5.1699
OG0005406	As007G155200	evm.model.RL_5.1712
OG0005407	As007G155290	evm.model.RL_5.1723
OG0005408	As007G155310	evm.model.RL_5.1725
OG0005409	As007G155490	evm.model.RL_5.1745
OG0005410	As007G155980, As010G238120	evm.model.RL_5.1803
OG0005411	As007G156250	evm.model.RL_5.1837
OG0005412	As007G156740	evm.model.RL_5.3675
OG0005413	As007G157620	evm.model.RL_5.3593
OG0005414	As010G235650, As007G158030	evm.model.RL_3.2179
OG0005415	As007G158210	evm.model.RL_5.3540
OG0005418	As007G158920	evm.model.RL_3.1557
OG0005419	As007G160140	evm.model.RL_5.3354
OG0005420	As007G160270	evm.model.RL_5.3339
OG0005421	As007G160420	evm.model.RL_5.3324
OG0005422	As007G160840	evm.model.RL_5.3272.1.687c88c1
OG0005423	As007G161750	evm.model.RL_4.367, evm.model.RL_3.1162, evm.model.RL_5.3192
OG0005424	As007G161800	evm.model.RL_5.3187
OG0005425	As007G161820	evm.model.RL_5.3186
OG0005426	As007G164240	evm.model.RL_2.2016
OG0005427	As007G165270	evm.model.RL_2.2068
OG0005429	As007G178550	evm.model.RL_6.294
OG0005432	As008G185190	evm.model.RL_5.1084
OG0005433	As008G185260	evm.model.RL_5.1077
OG0005434	As008G186720	evm.model.RL_5.949
OG0005435	As008G186740	evm.model.RL_5.947
OG0005436	As008G187770	evm.model.RL_5.865
OG0005437	As008G187800	evm.model.RL_5.747, evm.model.RL_5.868
OG0005438	As008G188070	evm.model.RL_5.828
OG0005439	As008G188380	evm.model.RL_5.798
OG0005440	As008G188430	evm.model.RL_5.794
OG0005441	As008G189400	evm.model.RL_5.742
OG0005442	As008G190710	evm.model.RL_5.2233
OG0005443	As008G191180	evm.model.RL_5.654
OG0005444	As008G193410	evm.model.RL_5.524
OG0005445	As008G194470, As008G194460	evm.model.RL_5.433
OG0005446	As008G194650	evm.model.RL_5.424
OG0005447	As008G198530	evm.model.RL_5.54
OG0005448	As009G199760	evm.model.RL_4.2235
OG0005449	As009G199880	evm.model.RL_4.2170, evm.model.RL_2.2627, evm.model.RL_2.2626
OG0005450	As009G200330	evm.model.RL_4.2220
OG0005451	As009G200560	evm.model.RL_4.2151
OG0005452	As009G202220	evm.model.RL_4.2012.1.687c86d6
OG0005453	As009G202520	evm.model.RL_4.1983
OG0005454	As009G203370	evm.model.RL_4.1908
OG0005455	As009G203540	evm.model.RL_4.1884
OG0005456	As009G203720	evm.model.RL_4.1866
OG0005457	As009G204260	evm.model.RL_4.1812.2.687c86d6
OG0005458	As009G205380	evm.model.RL_4.1124
OG0005459	As009G206170	evm.model.RL_4.1050
OG0005460	As009G207070	evm.model.RL_4.975
OG0005461	As009G208680	evm.model.RL_4.857
OG0005462	As009G211500	evm.model.RL_4.2866
OG0005463	As009G212510	evm.model.RL_4.2923
OG0005464	As009G213280	evm.model.RL_4.2998
OG0005465	As009G213960	evm.model.RL_4.3025
OG0005466	As009G214080	evm.model.RL_4.3050
OG0005467	As009G214330	evm.model.RL_4.3063
OG0005468	As009G214350	evm.model.RL_4.3065
OG0005469	As009G214590	evm.model.RL_4.3084
OG0005470	As009G215170	evm.model.RL_4.1175
OG0005471	As009G218530	evm.model.RL_8.2273
OG0005472	As009G218540	evm.model.RL_8.2274
OG0005473	As009G218600	evm.model.RL_8.2283
OG0005474	As009G218900, As010G223550	evm.model.RL_8.2316
OG0005475	As009G220040	evm.model.RL_8.1909
OG0005476	As010G220650	evm.model.RL_7.1292
OG0005477	As010G223310	evm.model.RL_7.1592
OG0005478	As010G223900, As010G227850	evm.model.RL_7.1665
OG0005479	As010G224970	evm.model.RL_7.1788
OG0005480	As010G227370	evm.model.RL_4.1649
OG0005481	As010G227770	evm.model.RL_3.1151
OG0005482	As010G230120	evm.model.RL_1.651.2.687c87eb
OG0005484	As010G231250	evm.model.RL_3.1248
OG0005485	As010G232340	evm.model.RL_3.1313
OG0005486	As010G232680	evm.model.RL_3.1346
OG0005487	As010G233660	evm.model.RL_3.1466
OG0005488	As010G234000	evm.model.RL_3.1514
OG0005490	As010G235270	evm.model.RL_3.2214
OG0005491	As010G235360	evm.model.RL_3.2205
OG0005492	As010G236640	evm.model.RL_3.2089, evm.model.RL_3.2088
OG0005493	As010G236980	evm.model.RL_5.3655
OG0005494	As010G237580	evm.model.RL_3.2001
OG0005495	As010G237980	evm.model.RL_3.1970
OG0005496	As010G238020	evm.model.RL_3.1965
OG0005498	As010G239260	evm.model.RL_3.1839
OG0005499	As010G239280	evm.model.RL_3.1837
OG0005500	As010G239620	evm.model.RL_3.1799
OG0005501	As010G239980	evm.model.RL_4.1198
OG0005502	As010G240960	evm.model.RL_3.1673
OG0005503	As010G241410	evm.model.RL_3.1629
OG0005504	As010G241690	evm.model.RL_3.2243
OG0005505	As010G243330	evm.model.RL_3.2387
OG0005506	As010G243530	evm.model.RL_3.2410
OG0005507	As010G243800	evm.model.RL_3.2436
OG0005508	As011G244660, As012G267750	evm.model.RL_1.1174
OG0005509	As011G245180	evm.model.RL_1.1240
OG0005511	As011G247560	evm.model.RL_1.1464
OG0005512	As011G247600	evm.model.RL_1.1469
OG0005513	As011G248560	evm.model.RL_1.1572
OG0005514	As011G248700	evm.model.RL_1.1580
OG0005515	As011G248780	evm.model.RL_1.1584
OG0005516	As011G248860	evm.model.RL_2.1129
OG0005517	As011G249180	evm.model.RL_1.1626
OG0005518	As011G249590	evm.model.RL_1.1671
OG0005520	As011G250780	evm.model.RL_1.1782
OG0005521	As011G250870	evm.model.RL_1.1788
OG0005522	As011G250990	evm.model.RL_1.1799, evm.model.RL_1.1893
OG0005523	As011G251240, As011G257370	evm.model.RL_1.1821
OG0005524	As011G251620	evm.model.RL_1.1857
OG0005525	As011G252560	evm.model.RL_1.1948
OG0005526	As011G252910	evm.model.RL_1.1986.3.687c87ee
OG0005527	As011G254490	evm.model.RL_1.2157
OG0005528	As011G257670, As011G257660	evm.model.RL_2.3058
OG0005529	As011G262000, As011G262680	evm.model.RL_1.3292
OG0005530	As011G262240	evm.model.RL_2.2884
OG0005531	As011G263780	evm.model.RL_1.2871
OG0005532	As011G263890	evm.model.RL_1.2881.1.687c87f0
OG0005533	As011G264950	evm.model.RL_1.2983
OG0005534	As011G265510	evm.model.RL_1.3002
OG0005535	As011G266540	evm.model.RL_1.3160
OG0005536	As012G268750	evm.model.RL_5.3912
OG0005537	As012G269120	evm.model.RL_5.3876
OG0005538	As012G269130	evm.model.RL_5.3875
OG0005539	As012G269280	evm.model.RL_5.3863
OG0005540	As012G269570	evm.model.RL_5.3829
OG0005541	As012G269860	evm.model.RL_5.3786
OG0005542	As012G272150	evm.model.RL_5.2000
OG0005544	As012G273870	evm.model.RL_5.2179
OG0005545	As012G273980	evm.model.RL_5.2196
OG0005546	As012G277470	evm.model.RL_7.1015
OG0005547	As012G278040	evm.model.RL_7.982
OG0005548	As012G279160	evm.model.RL_7.1223
OG0005549	As012G279470	evm.model.RL_7.1228
OG0005550	As012G283980	evm.model.RL_7.622
OG0005551	As012G284120	evm.model.RL_7.597
OG0005552	As012G284430	evm.model.RL_7.551
OG0005554	As012G286950	evm.model.RL_7.283
OG0005556	As012G288420	evm.model.RL_7.108
OG0005557	As012G288720	evm.model.RL_7.75.1.687c84b3
OG0005592	As001G000970	evm.model.RL_2.2432
OG0005593	As001G002110	evm.model.RL_2.2531, evm.model.RL_6.255
OG0005594	As006G136630, As001G002230	evm.model.RL_5.709
OG0005595	As001G002670	evm.model.RL_2.2575
OG0005597	As001G002940	evm.model.RL_2.2588
OG0005598	As001G003080	evm.model.RL_2.2602
OG0005599	As001G003160	evm.model.RL_2.2605
OG0005600	As001G003530	evm.model.RL_2.2638
OG0005601	As001G003860	evm.model.RL_2.2668
OG0005603	As001G005240	evm.model.RL_2.2769.1.687c86e7
OG0005604	As006G131940, As001G005600	evm.model.RL_2.2813
OG0005605	As001G005830	evm.model.RL_2.2803
OG0005606	As001G012120	evm.model.RL_2.2883
OG0005607	As001G013590	evm.model.RL_2.2926
OG0005608	As001G015710	evm.model.RL_4.1513
OG0005609	As004G079180, As001G016190	evm.model.RL_6.1645
OG0005610	As001G018030	evm.model.RL_2.1200.1.687c86e2
OG0005611	As008G188180, As001G019310	evm.model.RL_3.626
OG0005612	As001G019680	evm.model.RL_4.2340
OG0005613	As001G021190	evm.model.RL_3.397
OG0005614	As001G021890	evm.model.RL_3.314
OG0005615	As001G022220	evm.model.RL_5.9
OG0005616	As001G023370	evm.model.RL_7.2600
OG0005617	As001G023570	evm.model.RL_7.2582, evm.model.RL_7.1996
OG0005618	As001G024320	evm.model.RL_7.2500
OG0005619	As008G183820, As001G024480	evm.model.RL_5.2221, evm.model.RL_5.2355, evm.model.RL_7.2477
OG0005621	As001G024560	evm.model.RL_7.2486.2.687c84bd
OG0005622	As001G025080	evm.model.RL_7.2413
OG0005623	As001G025110	evm.model.RL_7.2410.1.687c84bd
OG0005624	As001G025980	evm.model.RL_7.2317
OG0005625	As001G026930	evm.model.RL_7.2211
OG0005626	As004G078310, As001G027760	evm.model.RL_7.2096
OG0005627	As001G027810	evm.model.RL_7.2082, evm.model.RL_3.118
OG0005628	As001G028350	evm.model.RL_4.588, evm.model.RL_3.1089
OG0005629	As004G076910	evm.model.RL_2.582
OG0005630	As004G098390	evm.model.RL_2.191
OG0005631	As001G031070	evm.model.RL_3.102
OG0005632	As001G031180, As009G201530	evm.model.RL_4.2064
OG0005633	As008G184530, As001G031460	evm.model.RL_3.166
OG0005634	As001G031680	evm.model.RL_3.189
OG0005635	As002G032560	evm.model.RL_2.2103
OG0005636	As002G033070	evm.model.RL_6.2262
OG0005637	As002G033850	evm.model.RL_6.2185
OG0005638	As005G107710	evm.model.RL_4.3271.1.687c86de
OG0005639	As002G034720, As005G108070	evm.model.RL_1.886
OG0005640	As002G035100	evm.model.RL_1.908
OG0005641	As002G038610	evm.model.RL_1.1126
OG0005642	As002G043760	evm.model.RL_8.1284.1.687c855a
OG0005643	As002G044740	evm.model.RL_8.1421
OG0005644	As002G044970	evm.model.RL_8.1400
OG0005645	As002G046580	evm.model.RL_8.1569
OG0005646	As002G047000	evm.model.RL_8.1607
OG0005647	As006G134300, As002G047690	evm.model.RL_8.1675
OG0005648	As002G047990	evm.model.RL_8.1702.1.687c855d
OG0005649	As002G048200	evm.model.RL_8.1725
OG0005650	As002G048770	evm.model.RL_8.1785
OG0005651	As002G049090	evm.model.RL_8.1816
OG0005652	As002G049520	evm.model.RL_8.1858
OG0005653	As002G049860	evm.model.RL_8.1881
OG0005654	As002G050000	evm.model.RL_4.741
OG0005655	As002G050360	evm.model.RL_4.2296
OG0005656	As002G050400	evm.model.RL_4.2300
OG0005657	As002G050640	evm.model.RL_4.2321
OG0005659	As002G051500	evm.model.RL_4.2409
OG0005660	As002G051530	evm.model.RL_4.2413
OG0005661	As002G051570	evm.model.RL_4.2418
OG0005662	As002G051910	evm.model.RL_4.2454
OG0005663	As002G053900	evm.model.RL_7.3
OG0005664	As002G054020	evm.model.RL_4.2662
OG0005665	As002G054720	evm.model.RL_4.2734
OG0005666	As003G055610	evm.model.RL_2.1273
OG0005668	As004G089530, As003G056060	evm.model.RL_4.104.4.687c86cd
OG0005669	As003G057730	evm.model.RL_2.1491
OG0005670	As003G057810	evm.model.RL_2.1499
OG0005671	As003G058060	evm.model.RL_2.1534
OG0005672	As003G058080, As004G087440	evm.model.RL_2.1536
OG0005673	As003G059120	evm.model.RL_2.1630.1.687c86e3
OG0005674	As003G060330	evm.model.RL_2.1731.1.687c86e3
OG0005675	As003G060650	evm.model.RL_1.3217, evm.model.RL_2.1773
OG0005676	As003G060780	evm.model.RL_2.1785.5.687c86e4
OG0005678	As003G063370	evm.model.RL_5.2541
OG0005680	As003G068930	evm.model.RL_5.3065
OG0005681	As003G069990	evm.model.RL_5.2988
OG0005682	As003G070090	evm.model.RL_5.2973.1.687c88bf
OG0005683	As003G071570	evm.model.RL_5.2842
OG0005684	As003G072040	evm.model.RL_2.3097_evm.model.RL_2.3098
OG0005685	As003G072410	evm.model.RL_2.3141
OG0005686	As003G072600	evm.model.RL_2.3164
OG0005687	As003G073130	evm.model.RL_2.3210, evm.model.RL_2.3208
OG0005688	As003G073860, As007G179770	evm.model.RL_6.208
OG0005689	As003G074090	evm.model.RL_2.3290
OG0005691	As003G074760	evm.model.RL_2.3345
OG0005692	As003G074890	evm.model.RL_2.3358
OG0005693	As003G075440	evm.model.RL_2.3392
OG0005694	As003G075450	evm.model.RL_2.3393
OG0005695	As004G077720	evm.model.RL_2.381
OG0005697	As004G079740	evm.model.RL_6.1609
OG0005698	As004G081030	evm.model.RL_1.2916, evm.model.RL_6.1523
OG0005699	As004G081880	evm.model.RL_4.556
OG0005700	As004G081900	evm.model.RL_4.2322.1.687c86d8
OG0005701	As004G081910	evm.model.RL_4.559, evm.model.RL_4.560
OG0005703	As004G085090	evm.model.RL_8.554
OG0005704	As004G085370	evm.model.RL_8.521, evm.model.RL_2.1739
OG0005705	As004G087970, As004G087950	evm.model.RL_4.287
OG0005706	As004G087960	evm.model.RL_4.288
OG0005707	As004G088580	evm.model.RL_4.221
OG0005708	As004G088860, As004G088830	evm.model.RL_4.184
OG0005710	As004G090190	evm.model.RL_4.37
OG0005711	As004G090210	evm.model.RL_4.36
OG0005712	As004G090660	evm.model.RL_4.17
OG0005713	As004G090690	evm.model.RL_4.20, evm.model.RL_4.23
OG0005714	As004G092450	evm.model.RL_2.595
OG0005715	As004G094330	evm.model.RL_2.850
OG0005716	As004G095850	evm.model.RL_2.1002, evm.model.RL_2.1004
OG0005717	As004G096500	evm.model.RL_1.2087
OG0005718	As005G099150	evm.model.RL_6.2922
OG0005720	As005G099650	evm.model.RL_6.2881
OG0005721	As005G100240	evm.model.RL_6.2820
OG0005722	As005G100400	evm.model.RL_7.184
OG0005724	As005G100700, As012G287700	evm.model.RL_7.203
OG0005725	As005G101370	evm.model.RL_6.2706
OG0005726	As012G287060, As005G101510	evm.model.RL_7.266
OG0005727	As005G101650	evm.model.RL_6.2684
OG0005728	As005G102170	evm.model.RL_6.2629
OG0005729	As012G286250	evm.model.RL_7.331
OG0005731	As005G102890	evm.model.RL_6.2558
OG0005732	As005G102920	evm.model.RL_6.2555
OG0005733	As005G103870	evm.model.RL_6.2470
OG0005734	As005G104020	evm.model.RL_6.2458
OG0005735	As005G104870	evm.model.RL_6.2371, evm.model.RL_6.2370, evm.model.RL_6.2369
OG0005736	As005G106100	evm.model.RL_6.2280
OG0005737	As005G107140	evm.model.RL_4.3330
OG0005738	As005G107360	evm.model.RL_4.3310
OG0005739	As005G109570	evm.model.RL_4.1137
OG0005740	As005G109650	evm.model.RL_4.1136
OG0005741	As005G109720	evm.model.RL_4.1697
OG0005742	As005G110700	evm.model.RL_4.1673
OG0005744	As010G227100, As005G112230	evm.model.RL_4.1581
OG0005745	As005G112270	evm.model.RL_4.1576.2.687c86d4
OG0005746	As005G113210	evm.model.RL_4.1498
OG0005747	As005G113420	evm.model.RL_4.1468
OG0005748	As005G113530	evm.model.RL_4.1461
OG0005749	As005G114100	evm.model.RL_8.2131
OG0005750	As005G114350	evm.model.RL_8.2106, evm.model.RL_4.592
OG0005751	As005G115900	evm.model.RL_8.1972
OG0005752	As005G116790	evm.model.RL_8.2455
OG0005753	As005G116850	evm.model.RL_8.2459
OG0005754	As005G117610	evm.model.RL_8.2545, evm.model.RL_8.2544
OG0005755	As005G117720	evm.model.RL_8.2553
OG0005756	As005G118270	evm.model.RL_8.2601
OG0005757	As005G119990	evm.model.RL_8.2790
OG0005759	As006G121240	evm.model.RL_8.91
OG0005760	As006G121530	evm.model.RL_8.61.1.687c8555
OG0005761	As006G121710, As006G121870	evm.model.RL_8.106
OG0005762	As006G121920	evm.model.RL_8.111
OG0005763	As006G122470	evm.model.RL_8.212
OG0005764	As006G123560	evm.model.RL_8.299, evm.model.RL_8.2662
OG0005765	As006G124020	evm.model.RL_8.357
OG0005766	As006G124130	evm.model.RL_8.367
OG0005767	As006G124260	evm.model.RL_4.435.1.687c86ce
OG0005768	As006G124290	evm.model.RL_7.1329, evm.model.RL_5.2694, evm.model.RL_4.516, evm.model.RL_4.438
OG0005770	As006G124500	evm.model.RL_4.464
OG0005771	As006G125230	evm.model.RL_6.1433
OG0005772	As006G125240	evm.model.RL_6.1432
OG0005773	As006G125800	evm.model.RL_6.1358
OG0005774	As006G126490	evm.model.RL_6.1293
OG0005775	As006G128310	evm.model.RL_6.1114
OG0005777	As012G269220, As006G129360	evm.model.RL_6.989
OG0005778	As006G129460	evm.model.RL_6.1246
OG0005779	As006G130120	evm.model.RL_6.905
OG0005780	As006G130690	evm.model.RL_6.788
OG0005782	As006G131560	evm.model.RL_2.2839
OG0005784	As009G199830, As006G133520	evm.model.RL_4.2224
OG0005785	As006G134900	evm.model.RL_1.110
OG0005786	As006G135270	evm.model.RL_1.139
OG0005787	As006G135360	evm.model.RL_1.146
OG0005788	As006G135410	evm.model.RL_1.152
OG0005789	As006G136390	evm.model.RL_1.255
OG0005790	As006G139310	evm.model.RL_1.520
OG0005791	As006G140230	evm.model.RL_1.595
OG0005792	As006G140370	evm.model.RL_1.614
OG0005793	As006G140430	evm.model.RL_1.622
OG0005794	As006G140500	evm.model.RL_1.629
OG0005795	As006G141280	evm.model.RL_1.704
OG0005796	As006G141300	evm.model.RL_3.340
OG0005797	As006G141540	evm.model.RL_1.732
OG0005798	As006G141920	evm.model.RL_1.768
OG0005799	As006G142460	evm.model.RL_6.2165
OG0005800	As006G142780	evm.model.RL_6.2136
OG0005801	As006G143030	evm.model.RL_6.1834
OG0005802	As006G143590	evm.model.RL_6.2058
OG0005803	As006G145440	evm.model.RL_6.1781
OG0005804	As006G146090	evm.model.RL_7.1033
OG0005805	As006G146130	evm.model.RL_6.1843
OG0005806	As006G146600	evm.model.RL_6.1819
OG0005807	As006G146740	evm.model.RL_6.1811
OG0005808	As006G147110	evm.model.RL_6.1934
OG0005809	As006G147130	evm.model.RL_6.1974
OG0005810	As006G147400	evm.model.RL_6.1964
OG0005811	As006G148400	evm.model.RL_6.1956
OG0005812	As007G151980	evm.model.RL_5.1389
OG0005813	As007G152850	evm.model.RL_5.1484
OG0005814	As007G152900, As007G162490	evm.model.RL_5.1488
OG0005815	As007G153110	evm.model.RL_5.1508
OG0005816	As007G153210	evm.model.RL_5.1521
OG0005817	As007G153560	evm.model.RL_5.1557
OG0005818	As007G154250, As010G240610	evm.model.RL_3.1712
OG0005819	As007G154280, As007G177410	evm.model.RL_5.1612
OG0005820	As007G155920	evm.model.RL_5.1795
OG0005821	As007G156600	evm.model.RL_5.3688
OG0005822	As007G156720	evm.model.RL_5.3677
OG0005823	As007G157840	evm.model.RL_5.3572
OG0005825	As007G159610	evm.model.RL_5.3420
OG0005826	As007G159750	evm.model.RL_5.3398
OG0005827	As007G159900	evm.model.RL_5.3380
OG0005828	As009G200310, As007G162190	evm.model.RL_4.2218
OG0005829	As007G162370	evm.model.RL_5.3132
OG0005830	As007G162630	evm.model.RL_5.3144.6.687c88c0
OG0005831	As007G162920	evm.model.RL_2.1955
OG0005832	As007G163340	evm.model.RL_6.484
OG0005833	As007G163990	evm.model.RL_2.2011
OG0005834	As007G164230	evm.model.RL_2.2015
OG0005835	As007G164670	evm.model.RL_2.2044
OG0005836	As007G178540	evm.model.RL_6.297
OG0005837	As009G216810	evm.model.RL_4.1348
OG0005838	As008G182380	evm.model.RL_5.1359
OG0005839	As008G182710	evm.model.RL_5.1323
OG0005840	As008G183450	evm.model.RL_5.1239
OG0005841	As008G184040	evm.model.RL_5.1189
OG0005842	As008G184480	evm.model.RL_5.1140
OG0005843	As008G184600	evm.model.RL_5.1128
OG0005844	As008G184720	evm.model.RL_5.1115
OG0005845	As008G185090	evm.model.RL_5.1094
OG0005846	As008G185210	evm.model.RL_5.1082
OG0005847	As008G185500	evm.model.RL_5.1057
OG0005848	As008G185770	evm.model.RL_5.1031
OG0005849	As008G186170	evm.model.RL_5.994.1.687c88b1
OG0005850	As008G186180	evm.model.RL_5.993
OG0005852	As008G187110	evm.model.RL_3.495
OG0005853	As008G187720	evm.model.RL_5.2181, evm.model.RL_5.859
OG0005854	As008G188170	evm.model.RL_5.819
OG0005855	As008G188460	evm.model.RL_5.792
OG0005856	As008G190000	evm.model.RL_5.726
OG0005857	As008G190730	evm.model.RL_5.696
OG0005858	As008G191080	evm.model.RL_5.646
OG0005859	As008G191910	evm.model.RL_5.623, evm.model.RL_5.622
OG0005860	As008G192550	evm.model.RL_5.605
OG0005861	As008G193070	evm.model.RL_5.558
OG0005862	As008G195890	evm.model.RL_5.322
OG0005863	As008G195900	evm.model.RL_5.321
OG0005864	As008G195940	evm.model.RL_5.317
OG0005865	As008G197460	evm.model.RL_5.163
OG0005866	As008G197980	evm.model.RL_5.95
OG0005867	As008G198380	evm.model.RL_5.71
OG0005868	As008G199050	evm.model.RL_8.2875, evm.model.RL_4.824
OG0005870	As009G200040	evm.model.RL_4.2188
OG0005871	As009G200270	evm.model.RL_4.2213
OG0005872	As009G200830	evm.model.RL_4.2118
OG0005873	As009G200900	evm.model.RL_4.2075
OG0005874	As009G201810	evm.model.RL_4.2042
OG0005875	As009G203450	evm.model.RL_4.1892
OG0005876	As009G204330	evm.model.RL_4.1806
OG0005877	As009G205000	evm.model.RL_4.1741
OG0005878	As009G206730	evm.model.RL_4.1017, evm.model.RL_4.1016, evm.model.RL_4.1015
OG0005879	As009G207310	evm.model.RL_4.953
OG0005880	As009G207380	evm.model.RL_4.934
OG0005881	As009G207620	evm.model.RL_4.921
OG0005882	As009G207830	evm.model.RL_4.885
OG0005883	As009G208760	evm.model.RL_4.846
OG0005884	As009G209480	evm.model.RL_4.2253
OG0005885	As009G213290	evm.model.RL_4.2999
OG0005886	As009G215000, As009G214990	evm.model.RL_4.1167
OG0005887	As009G215730	evm.model.RL_4.1237
OG0005888	As009G216730	evm.model.RL_4.1339
OG0005889	As009G217700	evm.model.RL_8.2169
OG0005890	As009G218040	evm.model.RL_8.2217
OG0005891	As009G218670	evm.model.RL_8.2292
OG0005892	As009G218890	evm.model.RL_8.2314
OG0005892	As010G223620	evm.model.RL_7.1637
OG0005893	As009G219200	evm.model.RL_8.2348
OG0005894	As009G219650	evm.model.RL_8.1950
OG0005895	As009G219700	evm.model.RL_8.1941, evm.model.RL_8.1942
OG0005896	As009G219780	evm.model.RL_8.1934
OG0005897	As009G219840	evm.model.RL_8.1927
OG0005898	As009G219950	evm.model.RL_8.1917
OG0005899	As009G219960	evm.model.RL_1.1011
OG0005900	As009G220150	evm.model.RL_8.1897
OG0005901	As010G220240	evm.model.RL_7.1238
OG0005902	As010G221040	evm.model.RL_7.1345
OG0005903	As010G222080	evm.model.RL_7.1469
OG0005904	As010G223050	evm.model.RL_7.1565
OG0005906	As010G226820	evm.model.RL_4.1145, evm.model.RL_2.495
OG0005908	As010G232940	evm.model.RL_3.1382, evm.model.RL_3.1385
OG0005909	As010G234370	evm.model.RL_3.1558, evm.model.RL_2.256
OG0005910	As010G234790	evm.model.RL_3.1590
OG0005911	As010G235430	evm.model.RL_3.2199
OG0005912	As010G236120	evm.model.RL_3.2138
OG0005915	As010G238310	evm.model.RL_3.1937
OG0005916	As010G238540, As010G238420	evm.model.RL_3.1914
OG0005917	As010G238880	evm.model.RL_3.1878
OG0005918	As010G241580	evm.model.RL_5.1564
OG0005919	As010G242020	evm.model.RL_3.2258
OG0005920	As010G242080	evm.model.RL_3.2267
OG0005921	As010G243410	evm.model.RL_3.2395
OG0005922	As010G243960	evm.model.RL_3.2451
OG0005924	As011G244740	evm.model.RL_1.1189
OG0005925	As011G245050	evm.model.RL_1.1225
OG0005926	As011G245860	evm.model.RL_1.1307
OG0005927	As011G246790	evm.model.RL_1.1385
OG0005928	As011G246890	evm.model.RL_1.1395
OG0005929	As012G270060, As011G247460	evm.model.RL_5.3765
OG0005931	As011G249670	evm.model.RL_1.1678
OG0005932	As011G250460	evm.model.RL_1.1751
OG0005933	As011G250620, As011G250610	evm.model.RL_3.342
OG0005934	As011G251710	evm.model.RL_1.1869
OG0005935	As011G252020	evm.model.RL_1.1909
OG0005936	As011G252550	evm.model.RL_1.1947
OG0005937	As011G253240	evm.model.RL_1.2031
OG0005938	As011G254360	evm.model.RL_1.2147
OG0005939	As011G254370	evm.model.RL_1.2148
OG0005940	As011G254570	evm.model.RL_1.2166
OG0005941	As011G255500	evm.model.RL_1.2260
OG0005942	As011G255750	evm.model.RL_1.2282
OG0005943	As011G255790	evm.model.RL_1.2286
OG0005944	As011G256800	evm.model.RL_1.2365
OG0005945	As011G261470	evm.model.RL_1.2552
OG0005947	As011G262430	evm.model.RL_1.2717
OG0005948	As011G263550	evm.model.RL_1.2843
OG0005949	As011G264980	evm.model.RL_1.2986
OG0005950	As011G265420	evm.model.RL_1.3016.2.687c87f0
OG0005952	As011G266280	evm.model.RL_1.3139
OG0005953	As011G266660	evm.model.RL_1.3180
OG0005954	As011G266950	evm.model.RL_1.3201
OG0005955	As012G267950	evm.model.RL_5.3971
OG0005956	As012G268270	evm.model.RL_5.3944
OG0005957	As012G269670	evm.model.RL_5.3808.1.687c88c5
OG0005958	As012G270120	evm.model.RL_5.3757
OG0005959	As012G270510	evm.model.RL_5.3730, evm.model.RL_5.3710
OG0005960	As012G273120	evm.model.RL_5.2138
OG0005961	As012G273190	evm.model.RL_5.2131
OG0005962	As012G274040	evm.model.RL_5.2205
OG0005963	As012G274760	evm.model.RL_2.1115
OG0005964	As012G275940	evm.model.RL_7.1147
OG0005965	As012G278490	evm.model.RL_7.1205.2.687c84b8, evm.model.RL_7.1209
OG0005966	As012G280370	evm.model.RL_7.905
OG0005967	As012G282520	evm.model.RL_7.761, evm.model.RL_6.2139
OG0005968	As012G282740	evm.model.RL_7.745.1.687c84b6
OG0005969	As012G283470	evm.model.RL_7.670
OG0005970	As012G283580	evm.model.RL_7.662
OG0005971	As012G284020	evm.model.RL_7.616
OG0005972	As012G284030	evm.model.RL_7.614, evm.model.RL_7.615
OG0005973	As012G285230	evm.model.RL_7.449
OG0005974	As012G287360	evm.model.RL_7.238
OG0005975	As012G287540	evm.model.RL_7.200
OG0005976	As012G287560	evm.model.RL_7.213
OG0005977	As012G289310	evm.model.RL_7.21
OG0005978	As012G289470	evm.model.RL_7.10.3.687c84b2
OG0006016	As011G266650, As001G000800	evm.model.RL_2.2408
OG0006017	As011G265900, As001G001870	evm.model.RL_1.3106
OG0006018	As001G002410	evm.model.RL_2.2555
OG0006019	As001G002490, As007G179100	evm.model.RL_6.268
OG0006020	As001G002830	evm.model.RL_2.2583
OG0006021	As001G003250	evm.model.RL_5.2319, evm.model.RL_5.683
OG0006022	As001G003350	evm.model.RL_2.2618
OG0006023	As001G003440	evm.model.RL_2.2630
OG0006024	As007G177940, As001G003950	evm.model.RL_6.361
OG0006025	As001G005300	evm.model.RL_5.2912
OG0006026	As001G010530	evm.model.RL_2.2868
OG0006027	As001G010610	evm.model.RL_2.2877
OG0006028	As001G010720	evm.model.RL_2.2878.2.687c86e7
OG0006029	As011G262500, As001G012720	evm.model.RL_1.2721
OG0006031	As001G014500	evm.model.RL_2.3002
OG0006032	As001G014560	evm.model.RL_2.3006
OG0006033	As001G015530	evm.model.RL_8.2129
OG0006034	As011G256000, As004G079060, As001G015920	evm.model.RL_5.2806
OG0006035	As001G016750	evm.model.RL_5.2736.1.687c88bd
OG0006036	As001G017050	evm.model.RL_5.2704.3.687c88bc
OG0006037	As001G017210	evm.model.RL_5.2686, evm.model.RL_1.1813
OG0006038	As001G017380	evm.model.RL_2.1256
OG0006039	As001G018050	evm.model.RL_2.1198
OG0006040	As001G018690	evm.model.RL_5.1939.1.687c88b8, evm.model.RL_3.678, evm.model.RL_1.2828, evm.model.RL_1.2829
OG0006041	As001G019590	evm.model.RL_3.581
OG0006042	As001G020610	evm.model.RL_8.868
OG0006043	As001G020800	evm.model.RL_3.466
OG0006044	As008G186780, As001G021070	evm.model.RL_5.942
OG0006045	As001G022260	evm.model.RL_7.2662
OG0006046	As001G022450, As011G261420	evm.model.RL_2.780, evm.model.RL_1.2403, evm.model.RL_1.2548
OG0006047	As001G022570	evm.model.RL_7.2688
OG0006049	As001G023240	evm.model.RL_7.2612
OG0006050	As001G023340	evm.model.RL_3.1548
OG0006051	As001G023620	evm.model.RL_7.2577
OG0006052	As001G024020	evm.model.RL_7.2525
OG0006053	As001G024400	evm.model.RL_7.2491
OG0006054	As008G184340, As001G025380, As001G024700	evm.model.RL_5.1156
OG0006055	As001G024950	evm.model.RL_7.2427
OG0006056	As001G025480	evm.model.RL_2.425, evm.model.RL_7.2368
OG0006057	As001G025960	evm.model.RL_7.2319
OG0006058	As001G026140	evm.model.RL_7.2292
OG0006059	As001G026290	evm.model.RL_7.2279
OG0006060	As001G026340	evm.model.RL_7.2274
OG0006061	As001G026850	evm.model.RL_7.2220
OG0006062	As001G026880	evm.model.RL_7.2217
OG0006063	As001G026980	evm.model.RL_7.2205
OG0006064	As001G027190	evm.model.RL_7.2177.2.687c84bc
OG0006065	As001G027530	evm.model.RL_2.257
OG0006067	As001G028060	evm.model.RL_7.2053
OG0006068	As001G028660	evm.model.RL_3.1044, evm.model.RL_3.1043, evm.model.RL_3.1045
OG0006069	As001G029160	evm.model.RL_3.971
OG0006070	As001G029370	evm.model.RL_3.945
OG0006071	As001G030460	evm.model.RL_3.30
OG0006072	As001G030480	evm.model.RL_2.196
OG0006073	As001G031210	evm.model.RL_3.130.4.687c84b9
OG0006074	As001G031350	evm.model.RL_3.154
OG0006075	As001G031690	evm.model.RL_3.190
OG0006076	As002G033100, As012G283520	evm.model.RL_6.2257
OG0006077	As002G033280	evm.model.RL_6.2236
OG0006078	As002G034220	evm.model.RL_1.843
OG0006079	As002G035610	evm.model.RL_1.945
OG0006080	As002G036510	evm.model.RL_1.1004
OG0006081	As002G037500, As009G212250	evm.model.RL_4.2906
OG0006082	As002G039070	evm.model.RL_1.1148
OG0006084	As002G042230	evm.model.RL_8.1146
OG0006085	As002G043110	evm.model.RL_8.1218
OG0006086	As002G043640	evm.model.RL_8.1274
OG0006088	As002G045030	evm.model.RL_8.1391
OG0006089	As002G045040	evm.model.RL_2.2303
OG0006090	As002G045330	evm.model.RL_8.1452
OG0006092	As002G045410	evm.model.RL_8.1463
OG0006093	As002G046040	evm.model.RL_8.1520
OG0006094	As002G046310, As007G179400	evm.model.RL_8.1540
OG0006095	As002G046410	evm.model.RL_8.1551
OG0006096	As002G046470	evm.model.RL_8.1560
OG0006097	As002G046880	evm.model.RL_8.1599
OG0006098	As002G047480	evm.model.RL_8.1655
OG0006099	As002G048490	evm.model.RL_8.1751.2.687c855d, evm.model.RL_6.2
OG0006100	As002G049200	evm.model.RL_8.1828
OG0006101	As002G049280	evm.model.RL_8.1837
OG0006102	As002G049500	evm.model.RL_5.1397
OG0006103	As002G049660, As002G049690	evm.model.RL_8.1873
OG0006104	As008G183560	evm.model.RL_5.1225
OG0006105	As002G049810	evm.model.RL_8.1876
OG0006106	As002G050840	evm.model.RL_4.2341
OG0006107	As002G050890	evm.model.RL_4.2348
OG0006108	As002G051780	evm.model.RL_4.2440
OG0006109	As002G052970	evm.model.RL_4.2547
OG0006110	As002G053180	evm.model.RL_4.2565
OG0006111	As002G053730	evm.model.RL_4.2630
OG0006112	As002G054150	evm.model.RL_4.2674
OG0006113	As002G054520	evm.model.RL_4.2710, evm.model.RL_4.2709
OG0006114	As002G054740	evm.model.RL_4.2737
OG0006115	As002G054770	evm.model.RL_4.2740
OG0006116	As002G055100	evm.model.RL_4.2780
OG0006117	As009G218510, As002G055470	evm.model.RL_8.2271
OG0006118	As003G055680	evm.model.RL_2.1285
OG0006119	As003G055930	evm.model.RL_2.1308
OG0006120	As003G056280	evm.model.RL_6.2542, evm.model.RL_2.1341
OG0006121	As003G056330	evm.model.RL_2.1349
OG0006122	As003G056760	evm.model.RL_2.1395
OG0006124	As003G057020	evm.model.RL_2.1413
OG0006125	As003G057850	evm.model.RL_2.1511
OG0006126	As003G058490	evm.model.RL_6.754
OG0006127	As003G058520	evm.model.RL_2.1574
OG0006128	As003G059050	evm.model.RL_2.1622
OG0006129	As003G059250, As004G086200	evm.model.RL_2.1641
OG0006130	As003G059660	evm.model.RL_2.1666
OG0006131	As003G060000	evm.model.RL_2.1703
OG0006132	As003G060720, As012G283800, As003G060730, As003G060740	evm.model.RL_2.1779
OG0006133	As003G060830, As003G060840	evm.model.RL_2.1790
OG0006134	As003G061440	evm.model.RL_2.1858
OG0006135	As003G061720	evm.model.RL_2.1879
OG0006136	As003G061900	evm.model.RL_2.1894
OG0006137	As003G062120	evm.model.RL_2.1918
OG0006138	As003G062140	evm.model.RL_8.815, evm.model.RL_8.816
OG0006138	As004G083970	evm.model.RL_8.703
OG0006139	As003G063130	evm.model.RL_5.2570
OG0006140	As003G064410, As006G137780	evm.model.RL_5.2315
OG0006141	As003G064700	evm.model.RL_5.2361
OG0006144	As003G067360	evm.model.RL_5.3110
OG0006145	As003G067510	evm.model.RL_5.3092
OG0006146	As003G068060	evm.model.RL_5.2283
OG0006147	As003G069030	evm.model.RL_5.3058
OG0006148	As003G069050	evm.model.RL_5.3056.8.687c88bf
OG0006149	As003G069820	evm.model.RL_5.3007
OG0006150	As003G069910	evm.model.RL_5.2996
OG0006151	As003G069940	evm.model.RL_5.2993
OG0006152	As003G069980	evm.model.RL_5.2989
OG0006153	As003G070640, As012G275280	evm.model.RL_5.2935
OG0006154	As003G070720	evm.model.RL_5.2944
OG0006155	As003G070880	evm.model.RL_5.2896
OG0006156	As003G070970	evm.model.RL_5.2892
OG0006157	As003G072050	evm.model.RL_2.3099
OG0006158	As003G072920	evm.model.RL_2.3187
OG0006159	As003G073290	evm.model.RL_2.3223
OG0006160	As003G073630	evm.model.RL_3.1857
OG0006161	As003G074690	evm.model.RL_2.3338, evm.model.RL_6.139
OG0006162	As007G180710	evm.model.RL_2.3402
OG0006163	As003G076200	evm.model.RL_2.3462
OG0006164	As004G077250	evm.model.RL_2.477
OG0006165	As004G077820	evm.model.RL_2.370
OG0006166	As004G077920	evm.model.RL_2.356, evm.model.RL_2.359, evm.model.RL_2.349, evm.model.RL_2.465, evm.model.RL_2.350
OG0006167	As004G078960	evm.model.RL_1.454
OG0006168	As004G079000	evm.model.RL_5.2808
OG0006169	As004G079160	evm.model.RL_5.2788
OG0006170	As004G079790, As004G079800	evm.model.RL_6.1706
OG0006171	As004G080090	evm.model.RL_8.820
OG0006172	As004G080690, As004G080700	evm.model.RL_8.917.1.687c8559
OG0006173	As004G081290	evm.model.RL_6.1489
OG0006174	As004G081440	evm.model.RL_6.1474
OG0006175	As004G082710	evm.model.RL_4.690, evm.model.RL_4.688, evm.model.RL_4.689
OG0006176	As004G083230	evm.model.RL_8.792
OG0006177	As004G083640	evm.model.RL_8.749
OG0006178	As004G083920, As004G083880	evm.model.RL_8.559
OG0006179	As004G084590	evm.model.RL_8.621.1.687c8557
OG0006180	As004G084710	evm.model.RL_8.601
OG0006182	As004G085020	evm.model.RL_8.560
OG0006183	As004G085420	evm.model.RL_8.513
OG0006184	As004G085650	evm.model.RL_8.479
OG0006185	As004G085730	evm.model.RL_8.466
OG0006186	As004G086120	evm.model.RL_8.423.1.687c8556
OG0006187	As004G087630	evm.model.RL_4.332
OG0006188	As004G087820	evm.model.RL_4.301
OG0006189	As004G088730	evm.model.RL_4.199
OG0006190	As004G088740	evm.model.RL_4.200, evm.model.RL_4.198
OG0006191	As004G088960	evm.model.RL_4.174, evm.model.RL_4.177
OG0006192	As004G090100	evm.model.RL_4.5
OG0006193	As004G091670	evm.model.RL_1.2573.1.687c87f0
OG0006194	As004G093270	evm.model.RL_5.481
OG0006195	As004G093390, As004G093370, As004G093350	evm.model.RL_2.794
OG0006196	As011G256520, As004G094030	evm.model.RL_2.836
OG0006197	As004G094600	evm.model.RL_2.876, evm.model.RL_2.35
OG0006199	As004G095490	evm.model.RL_2.961
OG0006200	As004G096190	evm.model.RL_2.1041
OG0006201	As004G096700	evm.model.RL_2.1093
OG0006202	As004G097880	evm.model.RL_2.128
OG0006203	As004G098030	evm.model.RL_2.147
OG0006204	As005G100090	evm.model.RL_6.2842
OG0006205	As005G100220	evm.model.RL_6.2822
OG0006206	As005G100250	evm.model.RL_6.2819
OG0006207	As005G100410	evm.model.RL_6.2805
OG0006208	As005G100480	evm.model.RL_6.2798
OG0006209	As005G100550, As012G287720	evm.model.RL_7.201
OG0006210	As005G100900	evm.model.RL_6.2762
OG0006211	As005G101720	evm.model.RL_6.2676
OG0006212	As005G101790	evm.model.RL_6.2665
OG0006213	As005G102060	evm.model.RL_6.2640, evm.model.RL_6.2670
OG0006214	As005G102160	evm.model.RL_6.2630
OG0006216	As005G103430	evm.model.RL_6.2501
OG0006217	As005G103550	evm.model.RL_6.2496
OG0006218	As005G104050	evm.model.RL_5.2663, evm.model.RL_6.2460
OG0006219	As005G104770	evm.model.RL_6.2384
OG0006220	As005G105330	evm.model.RL_7.605
OG0006221	As012G283820, As005G106020	evm.model.RL_7.638
OG0006222	As005G106040	evm.model.RL_6.2281
OG0006223	As005G106650	evm.model.RL_4.3378
OG0006224	As005G107420	evm.model.RL_4.3304
OG0006225	As005G107900	evm.model.RL_4.3259
OG0006226	As005G107920	evm.model.RL_4.2249
OG0006227	As005G108440	evm.model.RL_4.3173
OG0006228	As005G109010	evm.model.RL_4.3125
OG0006229	As005G110670	evm.model.RL_4.1670
OG0006230	As005G111880	evm.model.RL_4.1598
OG0006231	As005G112080	evm.model.RL_4.1588
OG0006232	As005G113000	evm.model.RL_4.1527
OG0006234	As005G113180	evm.model.RL_4.1512
OG0006236	As005G114480	evm.model.RL_8.2094.2.687c855f
OG0006237	As005G115190, As010G224500	evm.model.RL_7.1722
OG0006238	As005G115340	evm.model.RL_8.1999.1.687c855e
OG0006239	As005G115950	evm.model.RL_8.1968
OG0006240	As005G116030	evm.model.RL_8.2390
OG0006241	As005G116430	evm.model.RL_8.2419
OG0006242	As005G116480	evm.model.RL_8.2422.2.687c8561
OG0006243	As005G116910	evm.model.RL_8.2476
OG0006244	As005G117160, As005G117150	evm.model.RL_1.2805
OG0006246	As005G117730	evm.model.RL_8.2554
OG0006247	As005G118430	evm.model.RL_8.2619
OG0006248	As005G118550	evm.model.RL_8.2633
OG0006249	As005G118620	evm.model.RL_8.2640
OG0006250	As005G118690	evm.model.RL_8.2651, evm.model.RL_8.2654
OG0006251	As005G120150	evm.model.RL_8.2799
OG0006252	As005G120480	evm.model.RL_8.2819
OG0006253	As006G121170	evm.model.RL_8.33
OG0006254	As006G121810, As006G121790	evm.model.RL_8.104
OG0006255	As006G122420	evm.model.RL_8.219
OG0006256	As006G122790	evm.model.RL_8.175
OG0006257	As006G123170	evm.model.RL_8.258
OG0006258	As006G123390	evm.model.RL_8.280
OG0006259	As006G123410	evm.model.RL_8.282
OG0006260	As006G123430	evm.model.RL_8.284
OG0006261	As006G124620	evm.model.RL_4.477
OG0006262	As006G125260	evm.model.RL_6.1430
OG0006263	As006G125470	evm.model.RL_6.1400
OG0006264	As008G195460, As006G126050	evm.model.RL_6.1384
OG0006265	As006G126160	evm.model.RL_6.1330
OG0006266	As006G126900	evm.model.RL_6.1278
OG0006267	As006G126980, As006G126970, As006G126990	evm.model.RL_6.1273
OG0006268	As006G127500	evm.model.RL_6.1211
OG0006269	As006G127630	evm.model.RL_6.1192
OG0006270	As006G128120	evm.model.RL_6.1132
OG0006271	As006G128680	evm.model.RL_6.1069
OG0006272	As006G128690	evm.model.RL_6.1067
OG0006273	As006G128790	evm.model.RL_6.1056
OG0006274	As006G128800	evm.model.RL_6.1055
OG0006275	As006G129810	evm.model.RL_6.946
OG0006276	As006G130310	evm.model.RL_5.681, evm.model.RL_6.877
OG0006277	As006G132370, As006G132360	evm.model.RL_2.2253
OG0006278	As006G132790	evm.model.RL_1.76
OG0006279	As006G133660	evm.model.RL_1.4
OG0006280	As006G133710	evm.model.RL_1.769
OG0006281	As006G133930	evm.model.RL_4.3423
OG0006282	As006G134240	evm.model.RL_2.2169
OG0006283	As006G134840	evm.model.RL_1.104
OG0006284	As006G135000	evm.model.RL_1.116
OG0006285	As006G135280	evm.model.RL_4.2062
OG0006286	As006G136430	evm.model.RL_1.258
OG0006287	As006G136590	evm.model.RL_1.272_evm.model.RL_1.273.2.687c9a62
OG0006288	As006G136830	evm.model.RL_1.294
OG0006289	As006G137140	evm.model.RL_1.305
OG0006290	As006G137550	evm.model.RL_1.347
OG0006291	As006G138900	evm.model.RL_1.460
OG0006293	As006G140760	evm.model.RL_1.648
OG0006294	As006G140990	evm.model.RL_1.669
OG0006295	As006G142370	evm.model.RL_6.2169
OG0006296	As006G142380	evm.model.RL_6.2168
OG0006297	As006G143290	evm.model.RL_6.2085
OG0006298	As006G143490	evm.model.RL_6.2068
OG0006299	As006G143970	evm.model.RL_6.2026
OG0006300	As006G144330	evm.model.RL_6.1985
OG0006301	As006G144460	evm.model.RL_6.1679
OG0006302	As006G144890, As012G276300	evm.model.RL_6.1725
OG0006303	As006G145100	evm.model.RL_6.1746
OG0006304	As012G277370	evm.model.RL_7.1021
OG0006305	As009G212840, As006G146330	evm.model.RL_6.1830
OG0006306	As006G146810	evm.model.RL_6.1877
OG0006307	As006G148450	evm.model.RL_6.1946
OG0006309	As007G152680	evm.model.RL_5.1463
OG0006310	As007G153040	evm.model.RL_5.1501
OG0006311	As007G153050	evm.model.RL_5.1502
OG0006312	As007G153230	evm.model.RL_5.1523.1.687c88b5
OG0006314	As007G153520	evm.model.RL_5.1554
OG0006316	As007G154500	evm.model.RL_5.1653
OG0006317	As007G154640	evm.model.RL_5.1640
OG0006318	As007G155530	evm.model.RL_5.1749
OG0006319	As007G156450	evm.model.RL_5.1856
OG0006320	As007G156560	evm.model.RL_5.3693.1.687c88c4
OG0006321	As010G237190, As007G156700	evm.model.RL_3.2043
OG0006322	As007G156810, As010G237110	evm.model.RL_5.3667
OG0006325	As007G158930	evm.model.RL_5.3485
OG0006326	As007G160600	evm.model.RL_5.3302
OG0006328	As007G162000	evm.model.RL_3.1136
OG0006329	As007G162160	evm.model.RL_5.3163
OG0006330	As007G162380	evm.model.RL_5.3133
OG0006331	As007G162410	evm.model.RL_5.3134
OG0006332	As007G162650	evm.model.RL_5.3140
OG0006334	As007G162720	evm.model.RL_2.1938
OG0006335	As007G163100	evm.model.RL_2.1977
OG0006336	As007G163620	evm.model.RL_2.2001
OG0006337	As007G164640	evm.model.RL_2.2040
OG0006338	As007G179690	evm.model.RL_7.2164
OG0006339	As007G180340	evm.model.RL_6.140, evm.model.RL_8.1062.1.687c8559
OG0006340	As007G181080, As007G181720, As007G181380	evm.model.RL_6.41
OG0006342	As008G182600	evm.model.RL_5.1335
OG0006343	As010G233450, As008G182630	evm.model.RL_5.1333
OG0006344	As008G183000	evm.model.RL_5.1285
OG0006346	As008G184660	evm.model.RL_5.1120
OG0006347	As008G184750	evm.model.RL_8.744, evm.model.RL_8.743, evm.model.RL_5.1111
OG0006348	As008G185660	evm.model.RL_4.776
OG0006350	As008G187010	evm.model.RL_1.2919, evm.model.RL_5.657
OG0006351	As008G187590	evm.model.RL_5.848
OG0006352	As008G187880	evm.model.RL_5.875
OG0006353	As008G189270	evm.model.RL_5.751
OG0006354	As008G191050	evm.model.RL_5.695
OG0006355	As008G192640	evm.model.RL_3.354, evm.model.RL_5.635
OG0006356	As008G193000	evm.model.RL_5.572
OG0006358	As008G193260	evm.model.RL_5.537
OG0006359	As008G193360	evm.model.RL_7.1258
OG0006360	As008G193890, As008G193900	evm.model.RL_5.485
OG0006361	As008G194010	evm.model.RL_5.472
OG0006363	As008G196560	evm.model.RL_5.260
OG0006364	As008G197180	evm.model.RL_5.194.1.687c88aa
OG0006365	As008G197200	evm.model.RL_5.197
OG0006366	As008G197900	evm.model.RL_8.593, evm.model.RL_5.2620, evm.model.RL_5.111
OG0006367	As008G198210	evm.model.RL_5.80
OG0006368	As009G200220	evm.model.RL_4.2208, evm.model.RL_1.28
OG0006369	As009G200790	evm.model.RL_4.2122
OG0006370	As009G201250	evm.model.RL_4.2101
OG0006371	As009G201410	evm.model.RL_4.2113
OG0006372	As009G202250	evm.model.RL_4.2009
OG0006373	As009G202780	evm.model.RL_4.1958
OG0006374	As009G203490	evm.model.RL_4.1887
OG0006375	As010G228010, As009G203520	evm.model.RL_3.1145
OG0006376	As009G203630	evm.model.RL_4.1874
OG0006377	As009G203760	evm.model.RL_4.1861
OG0006378	As009G204460	evm.model.RL_4.1795
OG0006379	As009G209250	evm.model.RL_4.791
OG0006380	As012G275740	evm.model.RL_7.1167
OG0006381	As009G211760	evm.model.RL_4.2876
OG0006382	As009G212580	evm.model.RL_4.2929
OG0006383	As009G212610	evm.model.RL_1.607, evm.model.RL_1.606, evm.model.RL_4.2933.5.687c86dc
OG0006384	As009G212720	evm.model.RL_4.2944
OG0006385	As009G214490	evm.model.RL_8.38
OG0006386	As009G215270	evm.model.RL_4.1187
OG0006387	As009G215350	evm.model.RL_4.1200
OG0006388	As009G215970	evm.model.RL_7.904
OG0006389	As009G216260	evm.model.RL_4.1276
OG0006390	As009G216410	evm.model.RL_4.1306
OG0006392	As009G216790	evm.model.RL_4.1344
OG0006393	As009G216840	evm.model.RL_4.1349
OG0006394	As009G217730	evm.model.RL_8.2175
OG0006395	As009G218220	evm.model.RL_8.2239
OG0006396	As009G218480	evm.model.RL_8.2269
OG0006397	As009G218620	evm.model.RL_8.2285
OG0006398	As009G218710	evm.model.RL_8.2296
OG0006399	As009G218820	evm.model.RL_8.2306
OG0006400	As009G219050	evm.model.RL_8.2330
OG0006401	As009G219210	evm.model.RL_8.2349
OG0006402	As009G219220	evm.model.RL_8.2350
OG0006403	As009G219630	evm.model.RL_8.1952
OG0006404	As009G219980	evm.model.RL_8.1914
OG0006405	As010G220440	evm.model.RL_7.1273.2.687c84b8
OG0006407	As010G220540	evm.model.RL_7.1284
OG0006408	As010G221460	evm.model.RL_7.1415
OG0006409	As010G222440	evm.model.RL_7.1513
OG0006410	As010G223260	evm.model.RL_7.1586
OG0006411	As010G225240	evm.model.RL_7.1811
OG0006412	As010G225310	evm.model.RL_3.1225
OG0006413	As010G225700	evm.model.RL_8.1091, evm.model.RL_7.1845
OG0006414	As010G227660	evm.model.RL_3.1155
OG0006415	As010G227860	evm.model.RL_5.3180, evm.model.RL_5.3274
OG0006416	As010G228720	evm.model.RL_3.1158
OG0006417	As010G231690	evm.model.RL_3.1274
OG0006418	As010G232090	evm.model.RL_3.1298
OG0006419	As010G232690	evm.model.RL_3.1347
OG0006420	As010G232840	evm.model.RL_3.1372.1.687c84bc
OG0006421	As010G233000	evm.model.RL_3.1389
OG0006422	As010G233440	evm.model.RL_2.382, evm.model.RL_5.1332
OG0006424	As010G234760	evm.model.RL_3.1587
OG0006425	As010G234850	evm.model.RL_3.1595
OG0006426	As010G235020	evm.model.RL_4.2522
OG0006427	As010G235090	evm.model.RL_3.1613
OG0006428	As010G235280	evm.model.RL_3.2213
OG0006429	As010G235680	evm.model.RL_3.2176
OG0006430	As010G235710	evm.model.RL_3.2172
OG0006431	As010G236280	evm.model.RL_3.2121
OG0006432	As010G237930	evm.model.RL_3.1973
OG0006433	As010G238220	evm.model.RL_3.1949
OG0006434	As010G238720	evm.model.RL_3.1896
OG0006435	As010G239820	evm.model.RL_3.1781
OG0006436	As010G240500	evm.model.RL_3.1725
OG0006437	As010G241220	evm.model.RL_3.1646
OG0006438	As010G242400	evm.model.RL_3.2307
OG0006439	As010G242540	evm.model.RL_3.2321
OG0006440	As010G242760	evm.model.RL_3.2340
OG0006441	As010G243550	evm.model.RL_3.2413
OG0006442	As011G244710	evm.model.RL_1.1184
OG0006443	As011G246180	evm.model.RL_1.1333
OG0006444	As012G269830, As011G247090	evm.model.RL_5.3791
OG0006445	As011G247610	evm.model.RL_1.1470
OG0006446	As011G247760	evm.model.RL_1.1484
OG0006447	As011G248040	evm.model.RL_1.1509
OG0006448	As011G248340	evm.model.RL_1.1541
OG0006449	As011G249260	evm.model.RL_1.1635
OG0006450	As011G249430, As012G276940	evm.model.RL_7.1471
OG0006451	As011G249520	evm.model.RL_1.1664
OG0006452	As011G249570	evm.model.RL_1.1669
OG0006453	As011G249600	evm.model.RL_1.1672
OG0006454	As011G249680	evm.model.RL_1.1679
OG0006455	As011G249820	evm.model.RL_1.1693
OG0006457	As011G249930, As012G273690	evm.model.RL_1.1702
OG0006458	As011G249960	evm.model.RL_1.1704
OG0006459	As011G250050	evm.model.RL_1.1712
OG0006460	As011G250220	evm.model.RL_2.1039
OG0006461	As011G250300	evm.model.RL_1.1733
OG0006462	As011G250490	evm.model.RL_1.1754
OG0006463	As011G250920	evm.model.RL_5.2096
OG0006464	As011G250950	evm.model.RL_1.1795
OG0006465	As011G251630	evm.model.RL_1.1859
OG0006466	As011G252140	evm.model.RL_1.1922.1.687c87ee
OG0006467	As011G252600	evm.model.RL_1.1952
OG0006468	As011G253000, As011G252990	evm.model.RL_1.1995
OG0006469	As011G253080	evm.model.RL_1.2004
OG0006470	As011G253170	evm.model.RL_1.2016
OG0006471	As011G253390	evm.model.RL_1.2080
OG0006472	As011G254260	evm.model.RL_1.2136.1.687c87ef
OG0006473	As011G254330	evm.model.RL_1.2144_evm.model.RL_1.2145.1.687c9a6b
OG0006474	As011G254730	evm.model.RL_1.2176, evm.model.RL_1.2175
OG0006475	As011G254800	evm.model.RL_8.1366
OG0006476	As011G255180	evm.model.RL_1.2219
OG0006477	As011G255220	evm.model.RL_1.2222
OG0006478	As011G255430	evm.model.RL_1.2252
OG0006479	As011G256270	evm.model.RL_1.2320
OG0006480	As011G258950	evm.model.RL_1.2471
OG0006481	As011G262730	evm.model.RL_1.2759
OG0006482	As011G264260	evm.model.RL_1.2904
OG0006483	As011G264540	evm.model.RL_1.2941
OG0006484	As011G264810	evm.model.RL_1.2967
OG0006485	As011G265110	evm.model.RL_1.3046
OG0006486	As011G265320	evm.model.RL_1.3023
OG0006487	As011G265450	evm.model.RL_1.3012
OG0006488	As011G266100	evm.model.RL_1.3127.3.687c87f1
OG0006489	As011G266150	evm.model.RL_1.3131.1.687c87f1
OG0006490	As011G267150	evm.model.RL_1.3224
OG0006491	As011G267230	evm.model.RL_1.3243
OG0006492	As012G268100	evm.model.RL_5.3956
OG0006493	As012G268150	evm.model.RL_5.3953
OG0006494	As012G268640	evm.model.RL_5.3919
OG0006495	As012G269050	evm.model.RL_5.3884
OG0006496	As012G269140	evm.model.RL_5.3874
OG0006497	As012G269160	evm.model.RL_5.3872
OG0006498	As012G269760	evm.model.RL_5.3798
OG0006499	As012G269810	evm.model.RL_5.3793
OG0006500	As012G270930	evm.model.RL_5.1872
OG0006501	As012G271050	evm.model.RL_5.1882
OG0006502	As012G271790	evm.model.RL_5.1938
OG0006503	As012G271890	evm.model.RL_5.1927
OG0006504	As012G272200	evm.model.RL_5.2005
OG0006505	As012G272590	evm.model.RL_5.2047
OG0006506	As012G272720	evm.model.RL_5.2061
OG0006507	As012G274130	evm.model.RL_5.2210
OG0006508	As012G274360	evm.model.RL_2.1160
OG0006509	As012G275160	evm.model.RL_6.1552
OG0006510	As012G275210	evm.model.RL_6.1550
OG0006511	As012G275270	evm.model.RL_6.1544
OG0006512	As012G275290	evm.model.RL_6.1543
OG0006513	As012G275660	evm.model.RL_7.1176
OG0006514	As012G275700	evm.model.RL_7.1172
OG0006515	As012G280650	evm.model.RL_7.895
OG0006517	As012G281920, As012G281910, As012G281900	evm.model.RL_7.818
OG0006518	As012G282380	evm.model.RL_7.772
OG0006519	As012G282850	evm.model.RL_7.729
OG0006520	As012G283040	evm.model.RL_7.712
OG0006521	As012G283810	evm.model.RL_7.639
OG0006522	As012G285020	evm.model.RL_7.489
OG0006523	As012G286080	evm.model.RL_7.350
OG0006524	As012G286790	evm.model.RL_7.298
OG0006525	As012G287080	evm.model.RL_6.2711
OG0006526	As012G287740	evm.model.RL_7.197
OG0006528	As012G288830, As012G288820	evm.model.RL_7.67
OG0006529	As012G289090	evm.model.RL_7.41
OG0006530	As012G289100	evm.model.RL_7.40
OG0006531	As012G289390	evm.model.RL_7.16
OG0006570	As001G000410	evm.model.RL_2.2369
OG0006571	As001G000540	evm.model.RL_2.2378
OG0006572	As001G000600	evm.model.RL_2.2387
OG0006573	As001G000660	evm.model.RL_2.2393
OG0006574	As001G001050	evm.model.RL_2.2441
OG0006575	As001G001070	evm.model.RL_2.2443
OG0006576	As001G001440	evm.model.RL_2.2485
OG0006577	As001G001830	evm.model.RL_2.2516
OG0006579	As001G002480	evm.model.RL_2.2560
OG0006580	As001G003400	evm.model.RL_2.2622
OG0006581	As001G003550	evm.model.RL_2.2639
OG0006582	As001G003720	evm.model.RL_2.2656
OG0006583	As001G004460	evm.model.RL_2.2710
OG0006584	As001G004680	evm.model.RL_2.2729
OG0006585	As001G005280	evm.model.RL_2.2771
OG0006586	As001G006560, As007G155190	evm.model.RL_5.1711
OG0006587	As001G006590	evm.model.RL_2.2782
OG0006589	As001G012220	evm.model.RL_2.2889
OG0006590	As001G012600	evm.model.RL_2.2905
OG0006591	As001G013670	evm.model.RL_2.2921
OG0006592	As001G014380	evm.model.RL_2.3430, evm.model.RL_2.2994
OG0006593	As001G014570	evm.model.RL_2.3007
OG0006594	As001G014780	evm.model.RL_1.2842, evm.model.RL_2.3021
OG0006595	As001G014790	evm.model.RL_2.3022
OG0006596	As001G014890	evm.model.RL_2.3034
OG0006597	As001G015510	evm.model.RL_2.3048
OG0006598	As001G015690	evm.model.RL_5.2830
OG0006599	As001G016970	evm.model.RL_5.2714
OG0006601	As001G017490	evm.model.RL_2.1246
OG0006602	As001G017500	evm.model.RL_2.1245
OG0006603	As001G017750	evm.model.RL_2.1221
OG0006604	As001G018080	evm.model.RL_6.1665
OG0006605	As001G018550	evm.model.RL_4.954
OG0006606	As008G188090, As001G019370	evm.model.RL_5.824
OG0006607	As001G020130	evm.model.RL_3.539
OG0006608	As001G020480	evm.model.RL_5.914
OG0006609	As001G021440	evm.model.RL_3.427, evm.model.RL_3.428
OG0006610	As001G021770	evm.model.RL_3.327
OG0006610	As008G186060	evm.model.RL_5.1002
OG0006611	As008G186020, As001G021810	evm.model.RL_5.1009
OG0006612	As008G185620, As001G022110	evm.model.RL_5.1043
OG0006613	As001G022290	evm.model.RL_5.1361
OG0006615	As001G022520	evm.model.RL_7.2686
OG0006616	As001G022850	evm.model.RL_7.2716.3.687c84be
OG0006617	As001G023830	evm.model.RL_7.2556
OG0006618	As001G024100, As008G183520	evm.model.RL_5.1231
OG0006619	As001G024260	evm.model.RL_5.1217
OG0006620	As001G024470	evm.model.RL_7.2478
OG0006621	As001G024660	evm.model.RL_7.2457
OG0006622	As001G024870	evm.model.RL_7.2436
OG0006623	As001G025300	evm.model.RL_7.2385
OG0006624	As001G025340	evm.model.RL_7.2380
OG0006625	As001G025580	evm.model.RL_7.2357
OG0006626	As001G025610	evm.model.RL_7.2354
OG0006627	As001G025870	evm.model.RL_7.2328
OG0006628	As001G025920	evm.model.RL_7.2323
OG0006629	As001G026460	evm.model.RL_7.2261
OG0006630	As001G026510	evm.model.RL_7.2259
OG0006631	As001G026870	evm.model.RL_7.2218
OG0006632	As001G027140	evm.model.RL_7.2183
OG0006633	As001G027240	evm.model.RL_7.267
OG0006634	As001G027600	evm.model.RL_7.2124
OG0006635	As002G046370, As001G028960	evm.model.RL_8.1546
OG0006636	As001G029710	evm.model.RL_3.853
OG0006637	As001G029720	evm.model.RL_3.867
OG0006638	As001G029760	evm.model.RL_3.871
OG0006639	As001G029950	evm.model.RL_3.786, evm.model.RL_1.3126
OG0006640	As001G029990	evm.model.RL_8.2174
OG0006641	As001G030110	evm.model.RL_3.595
OG0006642	As001G030210	evm.model.RL_2.202
OG0006643	As001G030270	evm.model.RL_2.185
OG0006644	As001G030990	evm.model.RL_3.90
OG0006645	As001G031490	evm.model.RL_3.168
OG0006646	As001G031640	evm.model.RL_3.184
OG0006647	As002G033810	evm.model.RL_6.2189
OG0006648	As002G033930	evm.model.RL_1.814
OG0006649	As002G033980	evm.model.RL_1.820
OG0006650	As003G071750, As003G071770, As002G034130	evm.model.RL_2.3071
OG0006651	As002G034160	evm.model.RL_1.837
OG0006652	As002G034710	evm.model.RL_1.885
OG0006652	As005G108050	evm.model.RL_4.3228, evm.model.RL_4.3183
OG0006653	As002G035210	evm.model.RL_1.913
OG0006654	As002G036010	evm.model.RL_1.964
OG0006655	As009G214000, As002G036340	evm.model.RL_1.987
OG0006656	As002G036500	evm.model.RL_1.1003.2.687c87ec
OG0006657	As002G036660	evm.model.RL_1.1014
OG0006658	As002G036670	evm.model.RL_1.1013
OG0006659	As002G037230	evm.model.RL_1.1050
OG0006660	As002G037480	evm.model.RL_1.1071
OG0006661	As002G037560	evm.model.RL_1.1083
OG0006662	As002G037690, As002G037660	evm.model.RL_1.1093
OG0006663	As002G038360, As002G038470	evm.model.RL_1.1117
OG0006664	As002G038680	evm.model.RL_1.1123
OG0006665	As002G039060	evm.model.RL_1.1147
OG0006666	As002G040680	evm.model.RL_8.1067
OG0006667	As002G041760	evm.model.RL_4.1643
OG0006668	As002G042490, As007G164030	evm.model.RL_2.2012
OG0006669	As002G042890	evm.model.RL_8.1213
OG0006670	As002G043320	evm.model.RL_8.1235
OG0006671	As002G044250	evm.model.RL_8.1340
OG0006672	As002G044320, As007G164900	evm.model.RL_8.1353
OG0006673	As002G044890	evm.model.RL_8.1407
OG0006674	As002G044900	evm.model.RL_8.1406
OG0006675	As002G045140	evm.model.RL_8.1434
OG0006676	As002G045430	evm.model.RL_8.1509
OG0006677	As002G045750	evm.model.RL_8.1473
OG0006678	As002G046180	evm.model.RL_8.1533
OG0006680	As002G046340	evm.model.RL_8.1543
OG0006681	As002G046420	evm.model.RL_8.1552
OG0006682	As002G046760	evm.model.RL_8.1592
OG0006683	As002G046950, As002G046930	evm.model.RL_8.779, evm.model.RL_8.2755, evm.model.RL_8.778
OG0006684	As002G047510	evm.model.RL_8.1657
OG0006685	As002G048030	evm.model.RL_8.1704
OG0006686	As002G048230	evm.model.RL_8.1727
OG0006687	As002G048860	evm.model.RL_8.1792
OG0006688	As002G048980	evm.model.RL_8.1803.1.687c855d
OG0006689	As002G049180	evm.model.RL_8.1826
OG0006691	As002G050140	evm.model.RL_4.745
OG0006692	As002G050670	evm.model.RL_4.2324
OG0006693	As002G050730	evm.model.RL_4.2328
OG0006694	As002G050820	evm.model.RL_4.2338
OG0006695	As002G050860	evm.model.RL_4.2344
OG0006696	As002G052620	evm.model.RL_4.2523
OG0006697	As005G118560, As002G052780	evm.model.RL_4.2531
OG0006698	As002G053150	evm.model.RL_4.2561
OG0006699	As002G053210	evm.model.RL_4.2569
OG0006700	As002G053480	evm.model.RL_4.2598
OG0006701	As002G053890	evm.model.RL_8.2492.3.687c8561
OG0006703	As002G054280	evm.model.RL_4.2689
OG0006704	As002G054510	evm.model.RL_4.2708
OG0006705	As002G054610	evm.model.RL_4.2720
OG0006706	As002G054800	evm.model.RL_4.2745
OG0006707	As002G055120	evm.model.RL_4.2782
OG0006708	As003G055630	evm.model.RL_2.1276
OG0006709	As003G055670	evm.model.RL_2.1283
OG0006710	As004G079890, As003G055990	evm.model.RL_2.1314
OG0006711	As003G056030	evm.model.RL_2.1318
OG0006712	As003G056400	evm.model.RL_2.1356
OG0006713	As003G056430	evm.model.RL_2.1359
OG0006714	As003G056600	evm.model.RL_2.1376
OG0006715	As003G056970	evm.model.RL_2.1407
OG0006716	As003G057430	evm.model.RL_3.1035, evm.model.RL_2.1456
OG0006717	As003G057670	evm.model.RL_2.1482
OG0006718	As003G057930	evm.model.RL_2.1521
OG0006720	As004G087180, As003G058180	evm.model.RL_4.374
OG0006721	As003G058470, As004G087010	evm.model.RL_2.1569
OG0006722	As003G058530	evm.model.RL_2.1575
OG0006723	As003G058790	evm.model.RL_2.1280
OG0006724	As003G059470	evm.model.RL_2.1648
OG0006725	As003G059760	evm.model.RL_2.1680
OG0006726	As003G059940	evm.model.RL_2.1692
OG0006727	As003G060610	evm.model.RL_2.1768
OG0006728	As003G061480	evm.model.RL_2.1861
OG0006729	As003G061520	evm.model.RL_2.1865
OG0006731	As003G061870	evm.model.RL_2.1889, evm.model.RL_8.671
OG0006732	As003G061910	evm.model.RL_2.1895
OG0006733	As004G084060, As003G062050	evm.model.RL_2.1912
OG0006734	As003G062070	evm.model.RL_2.1915
OG0006735	As003G062100	evm.model.RL_2.1916
OG0006736	As003G062230	evm.model.RL_2.1927
OG0006737	As003G062270	evm.model.RL_2.1929
OG0006738	As003G062960	evm.model.RL_5.2601
OG0006739	As003G063990	evm.model.RL_5.2449
OG0006740	As003G064520	evm.model.RL_6.2430, evm.model.RL_5.1659
OG0006741	As003G064610	evm.model.RL_5.2350
OG0006742	As003G064760	evm.model.RL_5.2371
OG0006743	As003G065070	evm.model.RL_5.1373
OG0006745	As003G065830	evm.model.RL_5.2266
OG0006746	As003G066870	evm.model.RL_5.3106
OG0006747	As003G067040, As008G191580	evm.model.RL_5.613
OG0006748	As003G067370	evm.model.RL_2.1934
OG0006749	As004G082010, As003G067930	evm.model.RL_5.3121
OG0006750	As003G068020, As004G082250	evm.model.RL_5.2284
OG0006751	As003G068280	evm.model.RL_5.3113.1.687c88bf
OG0006752	As003G068710, As011G266700	evm.model.RL_1.2481, evm.model.RL_1.3183
OG0006753	As003G069180	evm.model.RL_5.3047
OG0006754	As003G069720	evm.model.RL_5.3014
OG0006755	As003G069780	evm.model.RL_5.3012
OG0006756	As003G069810	evm.model.RL_5.3008
OG0006757	As003G069950	evm.model.RL_5.2992
OG0006758	As003G070240	evm.model.RL_5.2953
OG0006759	As003G070660	evm.model.RL_5.2937
OG0006760	As003G070850	evm.model.RL_5.2902
OG0006761	As012G275100, As003G071050	evm.model.RL_5.2891
OG0006762	As003G071270	evm.model.RL_5.2864
OG0006763	As003G071560	evm.model.RL_5.2843
OG0006764	As003G072010	evm.model.RL_2.3094
OG0006765	As003G072480	evm.model.RL_2.3150
OG0006766	As003G072800	evm.model.RL_2.3177
OG0006767	As003G072930	evm.model.RL_2.3188
OG0006768	As003G073330	evm.model.RL_2.3230
OG0006770	As003G073900	evm.model.RL_2.3274
OG0006771	As003G073960	evm.model.RL_2.3277
OG0006774	As007G180490	evm.model.RL_6.117
OG0006775	As007G181790, As003G075940	evm.model.RL_6.36
OG0006777	As003G076210	evm.model.RL_2.3463
OG0006778	As003G076560	evm.model.RL_2.3480
OG0006781	As004G079510	evm.model.RL_6.1632
OG0006782	As004G080490	evm.model.RL_8.869
OG0006783	As004G080960, As004G080980	evm.model.RL_5.2377
OG0006784	As004G081170	evm.model.RL_6.1509
OG0006785	As004G081470	evm.model.RL_6.1470
OG0006786	As004G082220	evm.model.RL_4.614
OG0006787	As004G082270	evm.model.RL_4.624
OG0006788	As004G082580	evm.model.RL_4.672.1.687c86cf
OG0006789	As004G083030	evm.model.RL_1.208
OG0006790	As004G083220, As004G083210, As004G083200	evm.model.RL_8.793
OG0006791	As004G084410	evm.model.RL_8.658
OG0006792	As004G084610	evm.model.RL_8.617.1.687c8557
OG0006794	As004G084690	evm.model.RL_8.605
OG0006795	As004G084750	evm.model.RL_8.597.1.687c8557
OG0006796	As004G084970	evm.model.RL_8.566
OG0006797	As004G085670	evm.model.RL_8.477
OG0006798	As004G085800, As004G085830	evm.model.RL_8.455.1.687c8556
OG0006799	As004G086480	evm.model.RL_8.386
OG0006800	As004G086550	evm.model.RL_4.427
OG0006801	As004G086740	evm.model.RL_4.410
OG0006802	As004G087410	evm.model.RL_6.794, evm.model.RL_2.2273
OG0006803	As004G088300	evm.model.RL_4.245
OG0006804	As004G088620	evm.model.RL_4.214
OG0006805	As004G089090	evm.model.RL_4.162
OG0006806	As004G089140	evm.model.RL_4.141
OG0006807	As004G089200	evm.model.RL_4.137
OG0006808	As004G089260	evm.model.RL_4.125, evm.model.RL_4.131
OG0006809	As004G089480	evm.model.RL_4.119
OG0006810	As004G089660	evm.model.RL_4.92
OG0006811	As006G147080, As004G089740	evm.model.RL_6.1902
OG0006812	As004G090250	evm.model.RL_4.27
OG0006813	As004G090510	evm.model.RL_4.11
OG0006815	As011G258230	evm.model.RL_1.2450
OG0006816	As011G257610, As004G093430	evm.model.RL_1.2404
OG0006817	As004G093730	evm.model.RL_1.2370
OG0006818	As004G093800	evm.model.RL_2.826
OG0006819	As004G095140	evm.model.RL_2.916
OG0006820	As011G254890	evm.model.RL_1.2189
OG0006821	As004G095880	evm.model.RL_2.534, evm.model.RL_2.1007
OG0006822	As004G095960	evm.model.RL_2.1013
OG0006823	As004G096490	evm.model.RL_2.1066
OG0006825	As004G096660	evm.model.RL_2.1088
OG0006826	As004G097580	evm.model.RL_2.65
OG0006827	As004G097700	evm.model.RL_2.73.1.687c86df
OG0006828	As004G098440	evm.model.RL_2.195
OG0006829	As004G098480	evm.model.RL_2.199, evm.model.RL_2.201
OG0006830	As005G098620	evm.model.RL_6.2959
OG0006831	As012G288890, As005G098650	evm.model.RL_6.2955
OG0006832	As005G099380	evm.model.RL_5.2627
OG0006833	As005G099490	evm.model.RL_6.2895
OG0006834	As005G100190	evm.model.RL_6.1540
OG0006835	As005G100210	evm.model.RL_6.2823
OG0006836	As005G100340	evm.model.RL_6.2811
OG0006837	As005G100720	evm.model.RL_6.2782
OG0006838	As005G100810	evm.model.RL_6.2773
OG0006839	As005G101060	evm.model.RL_6.2748
OG0006840	As005G101110	evm.model.RL_6.2743
OG0006841	As005G101240	evm.model.RL_6.2729
OG0006842	As005G101380	evm.model.RL_6.2705
OG0006843	As005G101400	evm.model.RL_6.2703
OG0006844	As005G101700	evm.model.RL_6.2678
OG0006845	As005G102320, As012G286240	evm.model.RL_7.2106, evm.model.RL_6.2616
OG0006846	As005G104040	evm.model.RL_6.2461
OG0006847	As005G104180	evm.model.RL_6.2439
OG0006848	As005G104510	evm.model.RL_6.2410
OG0006849	As005G104560	evm.model.RL_6.2407
OG0006850	As005G104900	evm.model.RL_6.2363
OG0006851	As005G105250	evm.model.RL_6.2348
OG0006852	As005G105510	evm.model.RL_6.2306
OG0006853	As005G106170	evm.model.RL_6.2273
OG0006854	As005G107190	evm.model.RL_4.3324
OG0006855	As005G107380	evm.model.RL_4.3308
OG0006857	As005G107530	evm.model.RL_4.3291
OG0006859	As005G108040	evm.model.RL_4.3229
OG0006860	As005G108130	evm.model.RL_4.3216
OG0006861	As005G108230	evm.model.RL_4.3203
OG0006862	As005G108860	evm.model.RL_4.3139
OG0006863	As005G108890	evm.model.RL_4.3136.1.687c86dd
OG0006864	As005G109710	evm.model.RL_5.3034
OG0006865	As007G179320, As005G110070	evm.model.RL_4.1679.1.687c86d5
OG0006866	As005G110630	evm.model.RL_4.1659
OG0006867	As005G110650	evm.model.RL_4.1651
OG0006868	As005G111390	evm.model.RL_4.1627
OG0006869	As005G111480	evm.model.RL_4.1613
OG0006870	As005G112320, As005G112310	evm.model.RL_4.1572
OG0006871	As010G226880, As005G112370	evm.model.RL_4.1566
OG0006872	As005G112470, As005G112460	evm.model.RL_4.1559, evm.model.RL_4.795
OG0006873	As005G112970	evm.model.RL_4.1529
OG0006874	As005G113160	evm.model.RL_4.1515
OG0006875	As005G113830, As010G225760	evm.model.RL_4.1429
OG0006876	As005G114080, As006G129840	evm.model.RL_8.2133
OG0006877	As005G114340	evm.model.RL_4.594, evm.model.RL_8.2107
OG0006878	As006G145260, As005G114640	evm.model.RL_8.2073.1.687c855f
OG0006879	As005G114810	evm.model.RL_8.2058
OG0006880	As005G116100	evm.model.RL_8.2391
OG0006881	As005G116730	evm.model.RL_8.2448
OG0006882	As005G116740	evm.model.RL_8.2449
OG0006883	As005G116950	evm.model.RL_8.2479
OG0006884	As005G117040	evm.model.RL_8.2487
OG0006885	As005G117230	evm.model.RL_8.2503
OG0006886	As005G117300	evm.model.RL_8.2511
OG0006887	As005G117450	evm.model.RL_8.2526
OG0006888	As005G117460	evm.model.RL_8.2527
OG0006889	As005G117810	evm.model.RL_8.2563
OG0006890	As005G117940	evm.model.RL_8.2575
OG0006891	As005G118110	evm.model.RL_8.2585
OG0006892	As005G118180	evm.model.RL_8.2592
OG0006893	As005G118440	evm.model.RL_8.2621
OG0006894	As005G118600	evm.model.RL_8.2637
OG0006895	As005G119140	evm.model.RL_8.2704
OG0006896	As005G119180	evm.model.RL_8.2707
OG0006897	As005G119280	evm.model.RL_8.2718
OG0006898	As010G229390, As005G120090	evm.model.RL_3.1183
OG0006899	As005G120400	evm.model.RL_8.2814
OG0006900	As005G120470	evm.model.RL_4.1917
OG0006901	As005G120500	evm.model.RL_8.2820
OG0006902	As006G121020	evm.model.RL_8.12
OG0006903	As006G121180, As009G214500	evm.model.RL_8.34
OG0006904	As006G121280	evm.model.RL_8.88
OG0006905	As008G199070, As006G121520	evm.model.RL_8.62
OG0006906	As006G121980	evm.model.RL_8.121
OG0006907	As006G122240	evm.model.RL_8.150
OG0006908	As008G198460	evm.model.RL_5.63
OG0006909	As006G122930	evm.model.RL_8.232
OG0006910	As006G123720	evm.model.RL_8.318
OG0006911	As006G123770	evm.model.RL_8.326
OG0006912	As006G123870	evm.model.RL_8.343
OG0006913	As006G124040	evm.model.RL_8.359
OG0006914	As008G196910, As006G124250	evm.model.RL_5.228
OG0006915	As006G124580	evm.model.RL_4.474
OG0006916	As006G124640	evm.model.RL_4.480
OG0006917	As006G124750	evm.model.RL_4.488
OG0006918	As006G125360	evm.model.RL_6.1421
OG0006919	As008G195830	evm.model.RL_6.1396
OG0006920	As006G125740	evm.model.RL_6.2451, evm.model.RL_5.1315, evm.model.RL_6.1312
OG0006921	As006G125780, As008G195760	evm.model.RL_6.1356
OG0006923	As006G125830	evm.model.RL_6.1360
OG0006924	As008G195570, As006G125950	evm.model.RL_6.1373
OG0006925	As006G126260	evm.model.RL_6.1342
OG0006926	As006G126300	evm.model.RL_6.1336
OG0006927	As006G126360	evm.model.RL_6.1310, evm.model.RL_6.1309
OG0006928	As006G126460	evm.model.RL_6.1298
OG0006929	As006G126940	evm.model.RL_6.1269
OG0006930	As006G126960	evm.model.RL_6.1272
OG0006931	As006G127100	evm.model.RL_6.1253
OG0006932	As006G127640	evm.model.RL_6.1190
OG0006933	As006G127900	evm.model.RL_6.1164
OG0006934	As006G128040	evm.model.RL_6.1143
OG0006935	As006G128160	evm.model.RL_6.1127
OG0006936	As006G128190	evm.model.RL_5.544
OG0006937	As006G128370	evm.model.RL_6.1109
OG0006938	As006G128420	evm.model.RL_6.1098
OG0006939	As006G128720	evm.model.RL_6.1064
OG0006940	As006G129170, As006G129150	evm.model.RL_6.1007
OG0006941	As006G129350	evm.model.RL_6.991
OG0006942	As006G129530	evm.model.RL_6.978
OG0006943	As006G129700	evm.model.RL_6.960
OG0006944	As006G129870	evm.model.RL_6.941
OG0006945	As006G130520	evm.model.RL_6.759, evm.model.RL_3.1460.6.687c84bc
OG0006946	As006G130590	evm.model.RL_6.771
OG0006947	As006G130660	evm.model.RL_6.784
OG0006948	As006G130830	evm.model.RL_6.817
OG0006949	As006G130910	evm.model.RL_6.831
OG0006950	As006G131860	evm.model.RL_6.532
OG0006951	As006G131980	evm.model.RL_6.517
OG0006952	As006G132060	evm.model.RL_6.503
OG0006953	As006G132730	evm.model.RL_1.85
OG0006954	As006G134110	evm.model.RL_2.2155
OG0006956	As006G134760	evm.model.RL_1.93
OG0006957	As006G134930	evm.model.RL_1.112
OG0006958	As006G134980	evm.model.RL_1.114
OG0006959	As006G135150	evm.model.RL_1.127
OG0006960	As006G135590	evm.model.RL_1.174
OG0006961	As006G135660	evm.model.RL_1.183
OG0006962	As006G135850	evm.model.RL_1.206
OG0006963	As006G135990	evm.model.RL_1.221
OG0006964	As006G136070	evm.model.RL_1.228
OG0006965	As006G136660	evm.model.RL_1.281
OG0006966	As006G136820	evm.model.RL_1.293
OG0006967	As006G136960	evm.model.RL_1.304
OG0006968	As006G137300	evm.model.RL_1.324
OG0006969	As006G137460	evm.model.RL_1.345
OG0006970	As006G137560	evm.model.RL_1.355
OG0006971	As006G137740, As009G207040	evm.model.RL_1.369
OG0006972	As006G138010	evm.model.RL_1.396
OG0006973	As006G138160	evm.model.RL_1.412
OG0006974	As006G138620	evm.model.RL_1.456
OG0006975	As006G138800	evm.model.RL_1.472
OG0006976	As006G139480	evm.model.RL_1.533
OG0006977	As006G139490	evm.model.RL_1.534
OG0006978	As006G139580	evm.model.RL_1.542
OG0006979	As006G139790	evm.model.RL_1.558
OG0006980	As006G139840	evm.model.RL_1.561
OG0006981	As009G204370, As006G140050	evm.model.RL_4.1802
OG0006982	As006G140420	evm.model.RL_1.616
OG0006983	As006G140440	evm.model.RL_1.623
OG0006984	As006G140680	evm.model.RL_1.643
OG0006985	As006G140850	evm.model.RL_1.657.1.687c87eb
OG0006986	As006G141150	evm.model.RL_1.684
OG0006987	As006G141530	evm.model.RL_1.731
OG0006988	As006G142260	evm.model.RL_1.805
OG0006989	As006G142740	evm.model.RL_6.2140
OG0006990	As006G142830	evm.model.RL_6.2131
OG0006991	As006G142920	evm.model.RL_6.2118
OG0006992	As006G143200	evm.model.RL_6.2095
OG0006993	As006G143280	evm.model.RL_6.2086
OG0006994	As006G143430	evm.model.RL_6.2072
OG0006995	As006G143770	evm.model.RL_6.2042
OG0006996	As006G143830	evm.model.RL_6.2048
OG0006997	As006G144250	evm.model.RL_6.1999
OG0006998	As006G144300	evm.model.RL_6.1989
OG0006999	As006G144340	evm.model.RL_6.1984
OG0007000	As006G144350	evm.model.RL_6.1983
OG0007001	As006G144420	evm.model.RL_6.1676
OG0007002	As006G144450	evm.model.RL_6.1678
OG0007003	As006G144600	evm.model.RL_6.1699
OG0007004	As006G144630	evm.model.RL_6.1703
OG0007005	As012G276150, As006G144710	evm.model.RL_6.1712
OG0007007	As006G145050	evm.model.RL_6.1740
OG0007008	As006G145730	evm.model.RL_6.1872
OG0007009	As006G145910	evm.model.RL_6.1876, evm.model.RL_6.1858
OG0007010	As006G146000, As006G145980, As006G146010	evm.model.RL_6.1849
OG0007011	As006G146070	evm.model.RL_6.1845
OG0007012	As006G146180	evm.model.RL_6.1839
OG0007013	As006G146970	evm.model.RL_6.1892
OG0007014	As006G147100	evm.model.RL_6.1933
OG0007015	As006G148290	evm.model.RL_6.1959
OG0007016	As007G152300	evm.model.RL_5.1437
OG0007017	As007G152320	evm.model.RL_3.2404
OG0007018	As007G152820	evm.model.RL_5.1479
OG0007019	As007G152840	evm.model.RL_1.1171
OG0007020	As007G153260	evm.model.RL_5.1527
OG0007021	As007G153310	evm.model.RL_5.1532
OG0007022	As007G153530	evm.model.RL_5.1555
OG0007023	As010G241460, As007G153710	evm.model.RL_3.1624
OG0007024	As007G154030	evm.model.RL_5.1598
OG0007025	As007G154110, As007G154050	evm.model.RL_5.1603
OG0007026	As007G154310	evm.model.RL_5.1616
OG0007027	As007G154400	evm.model.RL_5.1626
OG0007028	As007G155040	evm.model.RL_5.1696
OG0007029	As007G155400	evm.model.RL_5.1732, evm.model.RL_5.1734
OG0007030	As007G155410	evm.model.RL_5.1735
OG0007031	As007G155580	evm.model.RL_5.1756
OG0007032	As007G155590	evm.model.RL_5.1757
OG0007033	As007G155860	evm.model.RL_5.1788
OG0007034	As007G155960	evm.model.RL_5.1801
OG0007035	As007G156760	evm.model.RL_5.3673
OG0007036	As007G156930, As010G231390	evm.model.RL_5.3656
OG0007037	As007G157330	evm.model.RL_5.3611
OG0007038	As007G157890	evm.model.RL_5.3569
OG0007039	As007G157990	evm.model.RL_5.3563
OG0007042	As010G234650, As007G158750	evm.model.RL_3.1580
OG0007043	As007G159580	evm.model.RL_5.3424
OG0007044	As007G159730	evm.model.RL_5.3400
OG0007045	As007G159830, As010G233240	evm.model.RL_5.3387
OG0007046	As007G160090	evm.model.RL_5.3364
OG0007047	As007G161190	evm.model.RL_5.3276, evm.model.RL_5.3242
OG0007048	As007G161740	evm.model.RL_5.3193
OG0007049	As007G161880	evm.model.RL_5.3178
OG0007050	As007G162770	evm.model.RL_2.1946
OG0007051	As007G163030	evm.model.RL_2.1968
OG0007052	As007G163140	evm.model.RL_2.1982.2.687c86e4
OG0007053	As007G164680	evm.model.RL_8.1263
OG0007054	As007G177630, As007G177120	evm.model.RL_2.2278
OG0007055	As007G178080	evm.model.RL_6.335
OG0007056	As007G179390	evm.model.RL_6.243
OG0007057	As007G179500	evm.model.RL_6.1904
OG0007058	As007G179940	evm.model.RL_6.185
OG0007059	As007G180460	evm.model.RL_6.120
OG0007060	As007G182010	evm.model.RL_6.14
OG0007061	As007G182190	evm.model.RL_4.770
OG0007062	As008G182850	evm.model.RL_5.1302
OG0007063	As008G183210, As008G183220	evm.model.RL_5.1264
OG0007065	As008G184150	evm.model.RL_5.1174
OG0007066	As008G184310	evm.model.RL_5.1159
OG0007067	As008G184370	evm.model.RL_5.1153
OG0007068	As008G184760	evm.model.RL_5.1108
OG0007069	As008G184820	evm.model.RL_5.1104
OG0007070	As008G185510	evm.model.RL_5.1056
OG0007072	As008G186290	evm.model.RL_5.981
OG0007073	As008G186320	evm.model.RL_5.979
OG0007074	As008G186540	evm.model.RL_5.968
OG0007075	As008G186560	evm.model.RL_5.966
OG0007076	As008G187300	evm.model.RL_5.894
OG0007077	As008G187760	evm.model.RL_5.864
OG0007078	As008G188030	evm.model.RL_5.832
OG0007079	As008G188040	evm.model.RL_5.831
OG0007080	As008G188520	evm.model.RL_5.788
OG0007081	As008G189030	evm.model.RL_5.761
OG0007082	As008G189480	evm.model.RL_5.740
OG0007083	As008G191030	evm.model.RL_5.686
OG0007084	As008G192230	evm.model.RL_6.2794
OG0007085	As008G192660	evm.model.RL_5.601
OG0007086	As008G192910	evm.model.RL_5.582
OG0007087	As008G192930	evm.model.RL_5.580
OG0007088	As008G193230	evm.model.RL_5.540
OG0007089	As008G193280	evm.model.RL_8.1193
OG0007090	As008G193810	evm.model.RL_2.2826
OG0007091	As008G193950	evm.model.RL_5.480
OG0007092	As008G194130, As008G194120	evm.model.RL_5.466
OG0007093	As008G194500	evm.model.RL_5.429
OG0007094	As008G195580	evm.model.RL_5.348.1.687c88ab
OG0007095	As008G195810	evm.model.RL_5.329
OG0007096	As008G195920	evm.model.RL_5.319
OG0007097	As008G195990	evm.model.RL_5.311
OG0007098	As008G196030	evm.model.RL_5.307
OG0007099	As008G196320	evm.model.RL_5.281
OG0007100	As008G196750	evm.model.RL_5.249
OG0007101	As008G197010	evm.model.RL_5.240
OG0007102	As008G197520	evm.model.RL_5.155
OG0007103	As008G197540	evm.model.RL_5.153
OG0007104	As008G197590	evm.model.RL_5.149
OG0007105	As008G197600	evm.model.RL_5.147
OG0007106	As008G198770	evm.model.RL_5.19.1.687c88a9
OG0007107	As008G199340	evm.model.RL_7.1233
OG0007108	As008G199480	evm.model.RL_8.2914
OG0007109	As009G200050	evm.model.RL_4.2189
OG0007110	As009G200070	evm.model.RL_4.2192
OG0007111	As009G200090	evm.model.RL_4.2194
OG0007112	As009G200190	evm.model.RL_4.2205
OG0007113	As009G200580	evm.model.RL_4.2149
OG0007114	As009G201200	evm.model.RL_4.2097
OG0007115	As009G201420	evm.model.RL_4.2114
OG0007116	As009G201470	evm.model.RL_4.2071
OG0007117	As009G202360	evm.model.RL_4.2000
OG0007118	As009G202540	evm.model.RL_4.1981
OG0007119	As009G202550	evm.model.RL_4.1980
OG0007120	As009G202930	evm.model.RL_4.1945
OG0007121	As009G203160	evm.model.RL_4.1920
OG0007122	As009G203260	evm.model.RL_4.1901
OG0007123	As009G204540	evm.model.RL_4.1784.1.687c86d5
OG0007124	As009G205050	evm.model.RL_4.1735
OG0007125	As009G205370	evm.model.RL_4.1125
OG0007126	As009G205450	evm.model.RL_4.1114
OG0007127	As009G205890	evm.model.RL_4.1072
OG0007128	As009G206330	evm.model.RL_4.1039
OG0007129	As009G207190	evm.model.RL_4.966
OG0007130	As009G207530	evm.model.RL_4.926
OG0007131	As009G208100	evm.model.RL_4.876
OG0007133	As009G209190	evm.model.RL_4.790
OG0007134	As009G209550	evm.model.RL_4.838
OG0007135	As009G210540	evm.model.RL_4.2274
OG0007136	As009G211320	evm.model.RL_4.2849
OG0007137	As009G211560	evm.model.RL_4.2870
OG0007138	As009G211900	evm.model.RL_4.2887
OG0007139	As009G212000	evm.model.RL_4.2276
OG0007140	As009G212180	evm.model.RL_4.2277
OG0007141	As009G212340	evm.model.RL_4.2910
OG0007142	As009G213140	evm.model.RL_4.2987
OG0007143	As009G214010	evm.model.RL_4.3031
OG0007144	As009G214070	evm.model.RL_4.3051
OG0007145	As009G214130	evm.model.RL_4.3045
OG0007146	As009G214570	evm.model.RL_4.3082
OG0007147	As009G214770	evm.model.RL_4.1706
OG0007148	As009G214980	evm.model.RL_4.1165
OG0007149	As009G215010	evm.model.RL_4.1168
OG0007150	As009G215080	evm.model.RL_4.1169
OG0007151	As009G215570	evm.model.RL_4.1226
OG0007152	As009G215590	evm.model.RL_4.1229
OG0007153	As009G215790	evm.model.RL_4.1245
OG0007154	As009G215800	evm.model.RL_4.1246
OG0007155	As009G216380	evm.model.RL_4.1303
OG0007156	As009G216500	evm.model.RL_4.1323
OG0007157	As009G216510	evm.model.RL_4.1324
OG0007158	As010G222330, As009G216880	evm.model.RL_7.1497
OG0007159	As009G216960	evm.model.RL_4.1364
OG0007160	As009G217050	evm.model.RL_4.1373
OG0007161	As009G217200	evm.model.RL_4.1396
OG0007162	As009G217210	evm.model.RL_4.1397
OG0007163	As009G217590	evm.model.RL_8.2155
OG0007164	As009G217610	evm.model.RL_8.2161
OG0007165	As009G217670	evm.model.RL_8.2166
OG0007166	As009G217870	evm.model.RL_8.2195
OG0007167	As009G218150	evm.model.RL_8.2229
OG0007168	As009G218880	evm.model.RL_8.2313
OG0007169	As009G218970	evm.model.RL_8.2321
OG0007170	As009G219040	evm.model.RL_8.2329
OG0007171	As009G219190	evm.model.RL_8.2347
OG0007172	As009G219270	evm.model.RL_7.1578
OG0007172	As010G223100	evm.model.RL_7.1577
OG0007173	As009G219390	evm.model.RL_8.2371
OG0007174	As009G219640	evm.model.RL_8.1951
OG0007175	As010G220670	evm.model.RL_7.1296
OG0007176	As010G221470	evm.model.RL_7.1416
OG0007178	As010G223040	evm.model.RL_7.1564
OG0007179	As010G223220	evm.model.RL_7.1585
OG0007181	As010G224110	evm.model.RL_7.1675
OG0007182	As010G224850	evm.model.RL_7.1765
OG0007183	As010G225630	evm.model.RL_7.1836
OG0007184	As010G225690	evm.model.RL_7.1844
OG0007185	As010G226260	evm.model.RL_7.1917
OG0007186	As010G226490	evm.model.RL_7.1971
OG0007187	As010G228540, As010G229140	evm.model.RL_3.1123
OG0007188	As010G228820	evm.model.RL_3.1118
OG0007190	As010G232180	evm.model.RL_1.796
OG0007191	As010G232470	evm.model.RL_3.1322
OG0007192	As010G232670	evm.model.RL_3.1345
OG0007193	As010G232810	evm.model.RL_3.1198
OG0007194	As010G232960	evm.model.RL_3.1383
OG0007195	As010G232970	evm.model.RL_3.1384
OG0007196	As010G233010	evm.model.RL_3.1393
OG0007198	As010G233840	evm.model.RL_3.1496
OG0007199	As010G233930	evm.model.RL_3.1504
OG0007200	As010G234090	evm.model.RL_3.1526, evm.model.RL_3.1525
OG0007201	As010G234560	evm.model.RL_3.1570
OG0007202	As010G234780	evm.model.RL_3.1589
OG0007203	As010G234820	evm.model.RL_4.1663
OG0007204	As010G235140	evm.model.RL_3.2230
OG0007205	As010G235730	evm.model.RL_3.2170
OG0007206	As010G235790	evm.model.RL_4.322
OG0007207	As010G236130	evm.model.RL_3.2137
OG0007208	As010G236220	evm.model.RL_3.2129
OG0007209	As010G236700	evm.model.RL_3.2083
OG0007210	As010G237060	evm.model.RL_3.2053
OG0007211	As010G237260	evm.model.RL_3.2038
OG0007212	As010G237440	evm.model.RL_3.2019
OG0007213	As010G237760	evm.model.RL_3.1985
OG0007214	As010G237790	evm.model.RL_3.1982
OG0007215	As010G238570	evm.model.RL_3.1910.1.687c84bd
OG0007216	As010G238650	evm.model.RL_3.1904
OG0007217	As010G238710	evm.model.RL_3.1897
OG0007218	As010G238730	evm.model.RL_3.1894
OG0007219	As010G239040	evm.model.RL_3.1863
OG0007220	As010G239790	evm.model.RL_3.1784
OG0007221	As010G240490	evm.model.RL_3.1726
OG0007222	As010G240770	evm.model.RL_6.1225
OG0007223	As010G240990	evm.model.RL_3.1670
OG0007224	As010G241380	evm.model.RL_3.1632
OG0007225	As010G241640	evm.model.RL_3.2235, evm.model.RL_5.1889
OG0007226	As010G242070	evm.model.RL_3.2266
OG0007227	As010G242180	evm.model.RL_1.961
OG0007228	As010G242660	evm.model.RL_3.2331
OG0007229	As010G242750	evm.model.RL_3.2339
OG0007230	As010G243030	evm.model.RL_3.2361
OG0007231	As010G243260	evm.model.RL_7.1886
OG0007232	As010G243280, As010G244230	evm.model.RL_3.2471
OG0007233	As010G243350	evm.model.RL_3.2389
OG0007234	As010G243400	evm.model.RL_3.2394
OG0007235	As010G243450	evm.model.RL_3.2402
OG0007236	As010G243600	evm.model.RL_3.2416, evm.model.RL_3.2480
OG0007237	As010G243650	evm.model.RL_5.1430
OG0007238	As010G243970	evm.model.RL_3.2450
OG0007239	As010G244020	evm.model.RL_3.2454
OG0007240	As011G244850	evm.model.RL_1.1200, evm.model.RL_1.1294
OG0007241	As011G244870	evm.model.RL_1.1205
OG0007242	As011G245550	evm.model.RL_1.1268
OG0007243	As011G245680	evm.model.RL_1.1288
OG0007244	As011G245810	evm.model.RL_1.1300
OG0007245	As011G246240	evm.model.RL_1.1338
OG0007246	As011G246290	evm.model.RL_1.1343
OG0007247	As011G246770	evm.model.RL_1.1383
OG0007248	As011G247550	evm.model.RL_1.1463
OG0007249	As011G247690	evm.model.RL_1.1478
OG0007250	As011G247750	evm.model.RL_1.1483
OG0007251	As011G247960	evm.model.RL_1.1500
OG0007252	As011G248010	evm.model.RL_1.1505
OG0007253	As011G248230	evm.model.RL_1.1527
OG0007254	As011G248240, As012G270780	evm.model.RL_1.1528.1.687c87ed
OG0007255	As011G248310	evm.model.RL_1.1537
OG0007256	As011G248360	evm.model.RL_1.1543
OG0007257	As011G248680	evm.model.RL_1.1745
OG0007258	As011G249230	evm.model.RL_1.1632
OG0007259	As011G249340	evm.model.RL_1.1644
OG0007260	As011G249560	evm.model.RL_1.1668
OG0007261	As011G249850	evm.model.RL_1.1696
OG0007262	As011G249870	evm.model.RL_1.1698
OG0007263	As011G250000	evm.model.RL_1.1707
OG0007264	As011G250130	evm.model.RL_4.1042
OG0007265	As011G250210	evm.model.RL_1.1728
OG0007266	As011G250540	evm.model.RL_1.1758
OG0007267	As011G250850	evm.model.RL_1.1787
OG0007268	As011G250980	evm.model.RL_1.1798
OG0007269	As011G251360	evm.model.RL_1.1832
OG0007270	As011G251410	evm.model.RL_1.1840
OG0007271	As011G251470	evm.model.RL_1.1846
OG0007272	As011G251570	evm.model.RL_1.1852
OG0007273	As011G251790, As012G272410	evm.model.RL_1.1875
OG0007274	As011G252100	evm.model.RL_1.1918
OG0007275	As011G252500	evm.model.RL_1.1941
OG0007276	As011G253140	evm.model.RL_1.2014
OG0007277	As011G253320	evm.model.RL_1.2040
OG0007278	As011G253400	evm.model.RL_1.2079
OG0007279	As011G253510	evm.model.RL_1.2063
OG0007280	As011G253520	evm.model.RL_1.2061
OG0007281	As011G253590, As012G271280	evm.model.RL_1.2054
OG0007282	As011G254160	evm.model.RL_1.2124
OG0007283	As011G254170	evm.model.RL_1.2127
OG0007284	As011G254290	evm.model.RL_1.2139
OG0007285	As011G254300	evm.model.RL_1.2140
OG0007286	As011G254480	evm.model.RL_1.2156
OG0007287	As011G254580	evm.model.RL_1.2168
OG0007288	As011G254680	evm.model.RL_1.2172
OG0007289	As011G255510	evm.model.RL_1.2262
OG0007290	As011G255640	evm.model.RL_1.2271
OG0007291	As011G255700	evm.model.RL_1.2277
OG0007292	As011G256080	evm.model.RL_1.2301
OG0007293	As011G256180	evm.model.RL_1.2311
OG0007294	As011G256440	evm.model.RL_1.2336
OG0007295	As011G256640	evm.model.RL_1.2350
OG0007296	As011G260430	evm.model.RL_1.2597
OG0007297	As011G261230	evm.model.RL_6.925
OG0007298	As011G261850	evm.model.RL_1.2591.1.687c87f0
OG0007299	As011G262630	evm.model.RL_1.2737
OG0007301	As011G264170	evm.model.RL_1.2889
OG0007302	As011G264340	evm.model.RL_1.2913
OG0007303	As011G264710	evm.model.RL_1.2953
OG0007305	As011G265680	evm.model.RL_1.3071
OG0007306	As011G265960	evm.model.RL_1.3108
OG0007307	As011G266300	evm.model.RL_1.3140
OG0007308	As011G267100	evm.model.RL_1.3218
OG0007309	As012G267680	evm.model.RL_1.1165
OG0007310	As012G268340	evm.model.RL_5.3937
OG0007311	As012G268730	evm.model.RL_5.3914
OG0007312	As012G268840	evm.model.RL_5.3903
OG0007313	As012G269430	evm.model.RL_5.3845
OG0007314	As012G270580	evm.model.RL_5.3720
OG0007315	As012G270840	evm.model.RL_5.1864
OG0007316	As012G270920	evm.model.RL_5.1871.1.687c88b7
OG0007317	As012G271320	evm.model.RL_5.1898
OG0007318	As012G271420	evm.model.RL_5.1913
OG0007319	As012G272440	evm.model.RL_5.2030
OG0007320	As012G272970	evm.model.RL_5.2088
OG0007321	As012G273110	evm.model.RL_5.2139
OG0007322	As012G273370	evm.model.RL_5.2124
OG0007323	As012G273780	evm.model.RL_5.2171
OG0007324	As012G273920	evm.model.RL_5.2186
OG0007326	As012G274270	evm.model.RL_2.1171
OG0007327	As012G274300	evm.model.RL_2.1167
OG0007328	As012G274620	evm.model.RL_2.1135
OG0007329	As012G274940	evm.model.RL_6.1571
OG0007330	As012G274960	evm.model.RL_6.1569
OG0007331	As012G275610	evm.model.RL_7.1182
OG0007332	As012G275630	evm.model.RL_7.1179
OG0007333	As012G275870	evm.model.RL_7.1151
OG0007334	As012G276020	evm.model.RL_7.1136
OG0007335	As012G276040	evm.model.RL_7.1135
OG0007337	As012G278680	evm.model.RL_7.1207
OG0007338	As012G279050	evm.model.RL_7.1219
OG0007339	As012G279530	evm.model.RL_7.939
OG0007340	As012G280270	evm.model.RL_7.917, evm.model.RL_7.920
OG0007341	As012G280940	evm.model.RL_7.887
OG0007342	As012G281940	evm.model.RL_7.815_evm.model.RL_7.816
OG0007343	As012G282120	evm.model.RL_2.2760
OG0007345	As012G282960	evm.model.RL_7.720
OG0007346	As012G283280	evm.model.RL_7.681
OG0007347	As012G284950	evm.model.RL_7.495
OG0007348	As012G284980	evm.model.RL_7.493
OG0007349	As012G285660	evm.model.RL_2.986
OG0007350	As012G286720	evm.model.RL_7.304
OG0007351	As012G286820	evm.model.RL_7.295
OG0007352	As012G287380	evm.model.RL_7.237
OG0007353	As012G288010	evm.model.RL_7.166
OG0007354	As012G288070	evm.model.RL_7.153
OG0007355	As012G289070	evm.model.RL_7.44
OG0007413	As001G000150	evm.model.RL_2.2337
OG0007414	As001G000370	evm.model.RL_2.2365
OG0007415	As001G000390	evm.model.RL_2.2367
OG0007416	As001G000570	evm.model.RL_2.2382
OG0007417	As001G000650	evm.model.RL_2.2392
OG0007419	As001G001370	evm.model.RL_2.2473
OG0007420	As001G001520	evm.model.RL_2.2490
OG0007421	As001G001720	evm.model.RL_2.2503
OG0007422	As001G001890	evm.model.RL_2.2522
OG0007423	As001G002040	evm.model.RL_2.2526
OG0007425	As001G002640	evm.model.RL_2.2572
OG0007426	As001G003380	evm.model.RL_2.2620
OG0007427	As001G003490	evm.model.RL_2.2635
OG0007428	As001G003640	evm.model.RL_2.2650
OG0007429	As001G003690	evm.model.RL_2.2654
OG0007430	As001G003780	evm.model.RL_2.2662
OG0007431	As001G003800	evm.model.RL_2.2629, evm.model.RL_2.2665
OG0007432	As001G003990	evm.model.RL_2.2683
OG0007433	As006G131030, As003G071030, As003G071040, As003G070990, As001G004430, As001G004440, As006G131020, As006G131130	evm.model.RL_2.2312
OG0007434	As001G004660	evm.model.RL_2.2727
OG0007435	As001G004670	evm.model.RL_2.2728, evm.model.RL_2.2646, evm.model.RL_2.2644
OG0007436	As001G004700	evm.model.RL_2.2731
OG0007437	As001G004730	evm.model.RL_2.2733
OG0007438	As001G004880	evm.model.RL_2.2740
OG0007439	As001G005170	evm.model.RL_2.2767
OG0007440	As001G006410	evm.model.RL_2.2787
OG0007441	As001G009850	evm.model.RL_2.2836
OG0007442	As001G010220	evm.model.RL_2.2827
OG0007443	As001G010250, As001G015350	evm.model.RL_2.2854
OG0007444	As001G010280, As001G015340	evm.model.RL_2.2853
OG0007445	As001G012310	evm.model.RL_2.2892
OG0007446	As001G012840	evm.model.RL_2.2944
OG0007448	As001G013680	evm.model.RL_2.2920
OG0007449	As001G013720	evm.model.RL_2.2918
OG0007451	As001G014130	evm.model.RL_2.2969
OG0007452	As001G014200, As011G263190	evm.model.RL_2.2974
OG0007453	As001G014260	evm.model.RL_2.2983
OG0007454	As001G014280	evm.model.RL_2.2985
OG0007455	As001G014480	evm.model.RL_2.3001
OG0007456	As001G014770	evm.model.RL_2.3020
OG0007458	As001G016010, As004G079130	evm.model.RL_5.2797.4.687c88bd
OG0007459	As001G016030	evm.model.RL_5.2795.1.687c88bd
OG0007460	As001G016440	evm.model.RL_5.2764.1.687c88bd
OG0007461	As001G016650	evm.model.RL_5.2748
OG0007462	As001G016680	evm.model.RL_5.2743
OG0007464	As001G017540	evm.model.RL_2.1242
OG0007465	As001G017760	evm.model.RL_2.1220
OG0007466	As001G018070	evm.model.RL_2.1196
OG0007467	As001G018240	evm.model.RL_2.1185
OG0007468	As001G018360	evm.model.RL_3.771.1.687c84bb
OG0007469	As001G018600	evm.model.RL_3.748.2.687c84bb
OG0007470	As001G019110	evm.model.RL_2.1076
OG0007471	As001G019140	evm.model.RL_3.658
OG0007473	As001G019690	evm.model.RL_3.567
OG0007474	As001G020310	evm.model.RL_3.535
OG0007475	As001G021380	evm.model.RL_3.411
OG0007476	As001G021500	evm.model.RL_3.363
OG0007477	As008G186460, As001G021550	evm.model.RL_5.976
OG0007478	As001G021730	evm.model.RL_3.332
OG0007479	As001G021870	evm.model.RL_3.317
OG0007480	As001G021900	evm.model.RL_3.313
OG0007481	As001G022200	evm.model.RL_5.7
OG0007482	As001G022300	evm.model.RL_7.2666
OG0007483	As001G022400	evm.model.RL_7.2675
OG0007484	As001G022940, As009G212260	evm.model.RL_7.2639
OG0007485	As001G022980, As008G182690	evm.model.RL_5.1325
OG0007486	As001G023750	evm.model.RL_7.2565
OG0007487	As001G023850	evm.model.RL_7.2553.2.687c84bd
OG0007488	As001G023910	evm.model.RL_7.2544
OG0007489	As001G024010	evm.model.RL_7.2526
OG0007490	As001G024150	evm.model.RL_7.2514
OG0007492	As001G024610	evm.model.RL_7.2461
OG0007493	As001G024800	evm.model.RL_7.2442
OG0007494	As001G024930	evm.model.RL_7.2428
OG0007495	As001G025310	evm.model.RL_7.2384
OG0007496	As001G025350	evm.model.RL_7.2379
OG0007497	As001G025690	evm.model.RL_7.2347
OG0007498	As001G025820	evm.model.RL_7.2334
OG0007499	As001G025890	evm.model.RL_7.2326
OG0007500	As001G025930	evm.model.RL_7.2322
OG0007502	As001G026090	evm.model.RL_7.2307
OG0007503	As001G026280	evm.model.RL_7.2280
OG0007504	As001G026630, As001G026650	evm.model.RL_7.2247
OG0007505	As001G027680	evm.model.RL_7.2115.2.687c84bb
OG0007506	As001G027720	evm.model.RL_7.2108
OG0007508	As001G027900	evm.model.RL_7.2075
OG0007509	As001G028100	evm.model.RL_7.2045
OG0007510	As001G028260	evm.model.RL_3.1097
OG0007511	As001G028440	evm.model.RL_3.1081
OG0007512	As001G028570	evm.model.RL_3.1049
OG0007513	As001G029040	evm.model.RL_3.993
OG0007514	As001G029070	evm.model.RL_3.989
OG0007515	As001G029280	evm.model.RL_3.960
OG0007516	As001G029510	evm.model.RL_3.914
OG0007517	As009G203740, As001G030150	evm.model.RL_4.1864
OG0007518	As001G030360	evm.model.RL_3.20
OG0007519	As001G030410	evm.model.RL_5.3894
OG0007520	As001G030810	evm.model.RL_3.70
OG0007521	As001G030970	evm.model.RL_3.89
OG0007522	As001G031230	evm.model.RL_3.132
OG0007523	As001G031450	evm.model.RL_3.165
OG0007524	As003G064110, As001G031470	evm.model.RL_3.167
OG0007525	As001G031600	evm.model.RL_3.180
OG0007526	As001G031670	evm.model.RL_3.187
OG0007527	As001G032080	evm.model.RL_3.244
OG0007528	As001G032120	evm.model.RL_3.253
OG0007529	As001G032210	evm.model.RL_3.262
OG0007530	As002G032330	evm.model.RL_1.1162
OG0007531	As002G032350	evm.model.RL_1.1160
OG0007532	As002G032360	evm.model.RL_1.1159
OG0007533	As002G032460, As002G039160	evm.model.RL_1.1149
OG0007534	As002G032470	evm.model.RL_2.2314
OG0007535	As002G032510	evm.model.RL_2.2097
OG0007536	As002G032610	evm.model.RL_2.2113
OG0007537	As002G032670	evm.model.RL_2.2122
OG0007538	As002G033640	evm.model.RL_6.2210
OG0007540	As002G033740	evm.model.RL_6.2196
OG0007541	As002G034000	evm.model.RL_1.824
OG0007542	As002G034010	evm.model.RL_1.825
OG0007543	As002G034070	evm.model.RL_1.830
OG0007544	As002G034350	evm.model.RL_1.858
OG0007545	As002G034380	evm.model.RL_1.862
OG0007546	As002G034700	evm.model.RL_1.884
OG0007547	As002G034850	evm.model.RL_1.893.1.687c87eb
OG0007548	As002G035160, As002G035170	evm.model.RL_4.3158
OG0007549	As002G035190	evm.model.RL_1.911
OG0007550	As002G035290	evm.model.RL_1.919, evm.model.RL_1.871
OG0007551	As002G035580	evm.model.RL_1.941
OG0007552	As002G035940, As002G035880	evm.model.RL_1.959
OG0007554	As002G036350	evm.model.RL_1.988
OG0007555	As002G036990	evm.model.RL_1.1027
OG0007556	As002G037160	evm.model.RL_1.1034.1.687c87ec
OG0007557	As002G037210	evm.model.RL_1.1047
OG0007558	As002G037380	evm.model.RL_1.1059
OG0007559	As002G037460	evm.model.RL_1.1068
OG0007560	As002G037530	evm.model.RL_1.1080
OG0007561	As002G037550	evm.model.RL_1.1084
OG0007562	As002G037620	evm.model.RL_1.1091
OG0007563	As002G037770	evm.model.RL_2.2320.1.687c86e5
OG0007564	As002G037980	evm.model.RL_1.1105
OG0007565	As002G038000	evm.model.RL_1.1106
OG0007566	As002G038170	evm.model.RL_1.1110
OG0007567	As002G038870	evm.model.RL_1.1135
OG0007568	As002G038890	evm.model.RL_1.1137
OG0007569	As002G039630	evm.model.RL_7.644, evm.model.RL_4.1094
OG0007570	As002G040500	evm.model.RL_8.1058
OG0007571	As002G041280, As002G041250, As002G041300, As002G041320, As004G089330	evm.model.RL_4.120
OG0007572	As002G041540, As003G065590	evm.model.RL_5.2258
OG0007573	As002G042350	evm.model.RL_8.1174
OG0007574	As002G042420	evm.model.RL_8.1181
OG0007576	As002G042650	evm.model.RL_8.1189
OG0007577	As002G042750	evm.model.RL_2.2848
OG0007578	As002G044270	evm.model.RL_8.1342
OG0007579	As002G044710	evm.model.RL_8.1425, evm.model.RL_8.1427
OG0007581	As002G044880	evm.model.RL_8.1408
OG0007582	As002G044950	evm.model.RL_8.1401.1.687c855b
OG0007584	As002G045050	evm.model.RL_8.1431.1.687c855b
OG0007585	As002G045160	evm.model.RL_8.1436
OG0007586	As002G045510	evm.model.RL_8.1503
OG0007587	As002G045650	evm.model.RL_8.1485
OG0007588	As002G046150	evm.model.RL_8.1530
OG0007589	As002G046360	evm.model.RL_8.1545
OG0007590	As002G046700	evm.model.RL_8.1584
OG0007591	As002G047370	evm.model.RL_8.1643
OG0007592	As002G047630, As006G134350	evm.model.RL_8.1672
OG0007593	As002G047840	evm.model.RL_8.1687
OG0007594	As002G047940	evm.model.RL_8.1697
OG0007595	As002G048210, As008G185900	evm.model.RL_5.1021
OG0007596	As002G048580	evm.model.RL_8.1763
OG0007597	As002G048660	evm.model.RL_8.1777
OG0007598	As002G048710	evm.model.RL_8.1779
OG0007599	As002G048760	evm.model.RL_8.1784
OG0007600	As002G049080	evm.model.RL_8.1815
OG0007601	As002G049130	evm.model.RL_8.1820
OG0007602	As002G049330	evm.model.RL_8.1841
OG0007603	As002G049470	evm.model.RL_8.1855
OG0007604	As002G049960	evm.model.RL_8.1891
OG0007605	As002G050100	evm.model.RL_4.1040
OG0007606	As002G050240	evm.model.RL_4.2285
OG0007607	As007G162250, As002G050510	evm.model.RL_4.2310
OG0007608	As002G050580	evm.model.RL_4.2316
OG0007609	As002G050630	evm.model.RL_4.2320
OG0007610	As002G050750	evm.model.RL_4.2330
OG0007611	As002G050880	evm.model.RL_4.2346
OG0007612	As002G050980	evm.model.RL_4.2358
OG0007613	As002G051150	evm.model.RL_4.2374
OG0007614	As002G051200	evm.model.RL_4.2381
OG0007615	As002G051310	evm.model.RL_4.2394
OG0007616	As002G051480	evm.model.RL_4.2407
OG0007617	As002G051800	evm.model.RL_4.2442
OG0007618	As002G051820	evm.model.RL_4.2444
OG0007619	As002G052020	evm.model.RL_4.2464
OG0007620	As002G052200	evm.model.RL_4.2484
OG0007621	As002G052610	evm.model.RL_4.2521.1.687c86da
OG0007622	As002G054000	evm.model.RL_4.2660
OG0007623	As002G054180	evm.model.RL_4.2677
OG0007624	As002G054260	evm.model.RL_4.2687
OG0007625	As002G054330	evm.model.RL_4.2694
OG0007626	As002G054700	evm.model.RL_4.2732
OG0007627	As002G054730	evm.model.RL_4.2736
OG0007628	As002G054930	evm.model.RL_4.2762.2.687c86db
OG0007629	As002G055450	evm.model.RL_4.2819
OG0007630	As002G055510	evm.model.RL_4.2824
OG0007632	As003G056210	evm.model.RL_2.1334
OG0007633	As003G056350	evm.model.RL_2.1352
OG0007634	As003G056410	evm.model.RL_2.1357.6.687c86e2
OG0007635	As003G056470	evm.model.RL_2.1362
OG0007637	As003G057290	evm.model.RL_8.497
OG0007638	As003G057330	evm.model.RL_2.1446
OG0007639	As003G057410	evm.model.RL_2.1454
OG0007640	As003G057600	evm.model.RL_2.1476
OG0007641	As003G057780	evm.model.RL_2.1496
OG0007642	As003G058150	evm.model.RL_2.1546
OG0007644	As003G058290	evm.model.RL_8.2290
OG0007645	As003G058640	evm.model.RL_2.1587
OG0007646	As003G058900	evm.model.RL_2.1605
OG0007647	As004G086180, As003G059420	evm.model.RL_8.417
OG0007648	As003G059450	evm.model.RL_2.1646
OG0007649	As003G059710	evm.model.RL_2.1673
OG0007650	As003G060110	evm.model.RL_2.1716
OG0007651	As003G060230	evm.model.RL_2.1721
OG0007652	As003G060310	evm.model.RL_2.1729
OG0007653	As003G060380	evm.model.RL_2.1736
OG0007654	As003G060510	evm.model.RL_2.1758
OG0007655	As003G060590	evm.model.RL_2.1765
OG0007656	As003G060680, As004G085030	evm.model.RL_2.1776
OG0007657	As003G060890	evm.model.RL_2.1795
OG0007659	As003G061020	evm.model.RL_2.1814
OG0007661	As003G061830	evm.model.RL_2.1886
OG0007662	As003G062020	evm.model.RL_2.1908
OG0007663	As003G062600, As004G083690	evm.model.RL_5.2642
OG0007664	As003G062640	evm.model.RL_5.2638
OG0007665	As003G062770	evm.model.RL_5.2626
OG0007666	As003G063120	evm.model.RL_5.2571
OG0007667	As003G063470	evm.model.RL_5.2530, evm.model.RL_5.2528
OG0007668	As003G064170	evm.model.RL_5.2435
OG0007669	As003G064450	evm.model.RL_5.2323
OG0007670	As003G065430	evm.model.RL_5.2245
OG0007671	As003G065880	evm.model.RL_5.2267
OG0007672	As003G066810	evm.model.RL_5.2239
OG0007673	As003G067020, As008G191680	evm.model.RL_1.710
OG0007674	As003G068540	evm.model.RL_5.3086
OG0007675	As003G068870	evm.model.RL_5.3066
OG0007676	As003G068950, As006G121750, As011G266980	evm.model.RL_6.395
OG0007677	As003G069090	evm.model.RL_5.3053
OG0007679	As003G069840	evm.model.RL_5.3005
OG0007680	As003G070710	evm.model.RL_5.2943
OG0007681	As003G070870	evm.model.RL_5.2898
OG0007682	As003G071260, As012G274930	evm.model.RL_5.2865
OG0007683	As003G071280	evm.model.RL_5.2863
OG0007684	As003G071350	evm.model.RL_5.2857
OG0007685	As003G071760	evm.model.RL_2.3075
OG0007686	As003G071850, As010G236490	evm.model.RL_5.1994
OG0007687	As003G072110	evm.model.RL_2.3105
OG0007688	As003G072240	evm.model.RL_2.3121
OG0007689	As003G072290	evm.model.RL_2.3125
OG0007690	As003G072520	evm.model.RL_2.3154
OG0007691	As003G072710	evm.model.RL_2.3171
OG0007693	As003G072960	evm.model.RL_2.3191
OG0007694	As003G073210	evm.model.RL_2.3218
OG0007695	As007G179490, As003G073250	evm.model.RL_6.238
OG0007696	As003G073340	evm.model.RL_2.3231
OG0007697	As003G073830	evm.model.RL_2.3269
OG0007698	As003G073980	evm.model.RL_2.3279.2.687c86e8
OG0007699	As003G074030	evm.model.RL_2.3284
OG0007700	As003G074040	evm.model.RL_2.3285
OG0007701	As003G074180	evm.model.RL_2.3298
OG0007702	As003G074430	evm.model.RL_2.3317
OG0007703	As003G074580	evm.model.RL_2.3325
OG0007704	As003G074820	evm.model.RL_2.3350
OG0007705	As003G074990	evm.model.RL_2.3369
OG0007706	As003G075150	evm.model.RL_2.3386.1.687c86e9
OG0007707	As003G076310, As007G182140	evm.model.RL_2.3474
OG0007708	As004G076700	evm.model.RL_2.629
OG0007709	As004G077200	evm.model.RL_2.483
OG0007710	As004G078010	evm.model.RL_2.333
OG0007711	As004G078720	evm.model.RL_8.2522
OG0007712	As004G078790	evm.model.RL_6.1592
OG0007713	As004G078900	evm.model.RL_6.1600
OG0007714	As004G078920	evm.model.RL_5.878
OG0007715	As004G078940	evm.model.RL_5.2816
OG0007716	As004G079590	evm.model.RL_3.490, evm.model.RL_4.1841
OG0007717	As004G079720	evm.model.RL_6.1612
OG0007718	As004G079760	evm.model.RL_6.1608
OG0007719	As004G080100	evm.model.RL_8.822
OG0007720	As004G080430	evm.model.RL_8.863
OG0007721	As004G080950	evm.model.RL_8.915
OG0007722	As004G080990	evm.model.RL_1.2809, evm.model.RL_1.2810, evm.model.RL_5.2926
OG0007723	As004G081130	evm.model.RL_6.1507
OG0007724	As004G081250	evm.model.RL_6.1793, evm.model.RL_6.1494
OG0007725	As004G081340	evm.model.RL_6.1483
OG0007726	As004G081410	evm.model.RL_6.1477
OG0007727	As004G081420	evm.model.RL_6.1476
OG0007728	As004G081720	evm.model.RL_6.1441
OG0007729	As004G081790	evm.model.RL_6.1435
OG0007730	As004G082240	evm.model.RL_4.620
OG0007731	As004G083650	evm.model.RL_8.748
OG0007732	As004G084180	evm.model.RL_8.680
OG0007733	As004G084400	evm.model.RL_8.659
OG0007734	As004G084650	evm.model.RL_8.611
OG0007735	As004G085160	evm.model.RL_8.545
OG0007736	As004G085390	evm.model.RL_8.519
OG0007737	As004G085640	evm.model.RL_8.480
OG0007738	As004G085990	evm.model.RL_8.439
OG0007740	As004G086080	evm.model.RL_8.428
OG0007741	As004G087040	evm.model.RL_4.391
OG0007742	As004G087600	evm.model.RL_4.339.3.687c86ce
OG0007743	As004G087870	evm.model.RL_4.297.1.687c86ce
OG0007744	As004G088070	evm.model.RL_4.277
OG0007745	As004G088360	evm.model.RL_3.759, evm.model.RL_4.239
OG0007746	As004G088470	evm.model.RL_4.231
OG0007747	As004G088590	evm.model.RL_4.220
OG0007748	As004G088700	evm.model.RL_4.202
OG0007749	As004G088750	evm.model.RL_4.197
OG0007750	As004G088970	evm.model.RL_4.173
OG0007751	As009G214560, As004G089000	evm.model.RL_4.3081
OG0007752	As004G089070	evm.model.RL_4.168
OG0007753	As004G089120	evm.model.RL_4.157, evm.model.RL_4.159
OG0007754	As004G089510	evm.model.RL_4.106
OG0007755	As004G091350, As004G091390	evm.model.RL_2.1137
OG0007756	As004G092060	evm.model.RL_2.618
OG0007757	As009G212100, As004G092180	evm.model.RL_2.605
OG0007758	As004G092630	evm.model.RL_2.955
OG0007760	As004G093780	evm.model.RL_1.2364
OG0007761	As004G094050	evm.model.RL_2.840
OG0007762	As004G094850	evm.model.RL_2.891
OG0007763	As004G095370, As011G255340	evm.model.RL_2.953
OG0007764	As004G096450, As011G253760	evm.model.RL_2.1063
OG0007765	As004G097770	evm.model.RL_2.98
OG0007766	As004G098220	evm.model.RL_2.172
OG0007767	As004G098420	evm.model.RL_2.194
OG0007769	As005G098880	evm.model.RL_6.2935
OG0007770	As005G099130, As005G099110, As005G099120	evm.model.RL_6.2923
OG0007771	As005G099200, As005G099190	evm.model.RL_6.2918
OG0007772	As005G099560	evm.model.RL_6.2888
OG0007773	As005G099660	evm.model.RL_6.2880
OG0007774	As005G099730	evm.model.RL_6.2872
OG0007775	As005G099750	evm.model.RL_6.2871
OG0007776	As005G100460	evm.model.RL_6.2800, evm.model.RL_6.2855
OG0007777	As005G100520	evm.model.RL_6.2793
OG0007778	As005G100880	evm.model.RL_6.2764
OG0007779	As005G100990	evm.model.RL_6.2753
OG0007780	As005G101010	evm.model.RL_6.2751
OG0007781	As005G101040	evm.model.RL_6.2750
OG0007782	As005G101070	evm.model.RL_6.2747
OG0007783	As005G101080	evm.model.RL_6.2746
OG0007784	As005G101160	evm.model.RL_6.2737
OG0007785	As005G101390	evm.model.RL_6.2704
OG0007786	As005G101740	evm.model.RL_6.2675
OG0007787	As005G102300	evm.model.RL_6.2618
OG0007788	As005G102800	evm.model.RL_6.2568
OG0007789	As005G103080	evm.model.RL_6.2537
OG0007790	As005G103160	evm.model.RL_6.2529
OG0007791	As005G103300	evm.model.RL_6.2514
OG0007792	As005G104450	evm.model.RL_6.2415
OG0007793	As005G104780	evm.model.RL_6.2383
OG0007794	As005G105020	evm.model.RL_6.2321
OG0007795	As005G105180	evm.model.RL_6.2341
OG0007796	As005G106420, As006G142140	evm.model.RL_4.3397, evm.model.RL_1.794.1.687c87eb
OG0007797	As005G106670	evm.model.RL_4.3376
OG0007798	As005G106860	evm.model.RL_4.3356
OG0007799	As005G106980	evm.model.RL_4.3340
OG0007800	As005G107100	evm.model.RL_4.3334
OG0007801	As005G107440	evm.model.RL_4.3302
OG0007802	As005G107540	evm.model.RL_4.3290
OG0007803	As005G107580	evm.model.RL_4.3285
OG0007804	As005G107590	evm.model.RL_4.3284
OG0007805	As005G107780	evm.model.RL_4.3264
OG0007806	As005G108810, As005G107820	evm.model.RL_4.3143
OG0007807	As005G108000	evm.model.RL_4.3233.1.687c86dd
OG0007808	As005G108770	evm.model.RL_4.3147
OG0007809	As005G108920	evm.model.RL_4.3133
OG0007810	As005G109140, As005G108940	evm.model.RL_4.3118
OG0007811	As005G109220	evm.model.RL_4.3112
OG0007812	As005G109340	evm.model.RL_4.3106
OG0007813	As005G109430	evm.model.RL_4.3101
OG0007814	As005G109910	evm.model.RL_4.1712
OG0007815	As005G109990	evm.model.RL_4.1678
OG0007817	As005G111960	evm.model.RL_4.1592
OG0007818	As005G112250	evm.model.RL_4.1579
OG0007819	As005G112500	evm.model.RL_4.793, evm.model.RL_4.1557
OG0007820	As008G198270, As005G112570	evm.model.RL_4.1553
OG0007821	As005G112620	evm.model.RL_2.822, evm.model.RL_4.1545
OG0007822	As005G112660	evm.model.RL_4.1542
OG0007823	As005G113030	evm.model.RL_4.1524
OG0007824	As005G113460	evm.model.RL_4.1469
OG0007825	As005G113670	evm.model.RL_4.1449
OG0007826	As005G113900	evm.model.RL_8.2147
OG0007827	As005G114010	evm.model.RL_8.2139
OG0007828	As005G114200	evm.model.RL_8.2121
OG0007829	As005G114470	evm.model.RL_8.2098
OG0007830	As005G114630	evm.model.RL_8.2074
OG0007831	As005G114930	evm.model.RL_8.2047.2.687c855f
OG0007833	As005G115820	evm.model.RL_8.1980
OG0007834	As005G115970	evm.model.RL_8.1965
OG0007836	As005G116110	evm.model.RL_8.2392
OG0007837	As005G116120	evm.model.RL_8.2393
OG0007838	As005G116370	evm.model.RL_8.2415
OG0007839	As005G116540	evm.model.RL_8.1771
OG0007840	As005G116920	evm.model.RL_8.2477
OG0007841	As005G117000	evm.model.RL_8.2482
OG0007842	As005G117540	evm.model.RL_8.2537
OG0007843	As005G117680	evm.model.RL_8.2551
OG0007844	As005G117830	evm.model.RL_8.2565
OG0007845	As005G117850	evm.model.RL_8.2567
OG0007846	As005G118320	evm.model.RL_8.2607
OG0007847	As005G118350	evm.model.RL_8.2612
OG0007849	As005G118720	evm.model.RL_8.2657
OG0007850	As005G118730	evm.model.RL_8.2658
OG0007851	As005G118830	evm.model.RL_8.2669
OG0007852	As005G119030	evm.model.RL_8.2692
OG0007853	As005G119260	evm.model.RL_8.2717
OG0007854	As005G119330, As010G221280	evm.model.RL_8.2723
OG0007855	As005G119420	evm.model.RL_8.2732
OG0007857	As005G120310	evm.model.RL_8.2810
OG0007858	As005G120510	evm.model.RL_7.1272
OG0007859	As005G120540	evm.model.RL_8.2823
OG0007860	As006G121250	evm.model.RL_8.90
OG0007861	As006G121380	evm.model.RL_8.74
OG0007862	As006G121780	evm.model.RL_8.102
OG0007863	As006G122040	evm.model.RL_8.126
OG0007864	As006G122090	evm.model.RL_8.133
OG0007865	As006G122370	evm.model.RL_8.224
OG0007866	As006G122570	evm.model.RL_8.205
OG0007867	As006G122920	evm.model.RL_8.157
OG0007868	As006G123080	evm.model.RL_8.246, evm.model.RL_2.352.1.687c86e0
OG0007869	As006G123110	evm.model.RL_8.249
OG0007870	As006G123140	evm.model.RL_8.253
OG0007871	As006G123520	evm.model.RL_8.295
OG0007872	As006G123570	evm.model.RL_8.306
OG0007873	As006G123810	evm.model.RL_8.334
OG0007874	As006G123990	evm.model.RL_8.354
OG0007875	As006G124350	evm.model.RL_4.446
OG0007876	As006G124670	evm.model.RL_4.483
OG0007877	As006G125220	evm.model.RL_4.545
OG0007878	As006G125270	evm.model.RL_6.1429
OG0007879	As006G125310, As008G196130	evm.model.RL_6.1425
OG0007880	As006G125650	evm.model.RL_6.1322
OG0007881	As006G125670	evm.model.RL_6.1320
OG0007882	As006G125690	evm.model.RL_6.1317
OG0007883	As006G126070	evm.model.RL_6.1385
OG0007884	As006G126120	evm.model.RL_6.1326
OG0007885	As008G194640, As006G126930	evm.model.RL_6.1267
OG0007886	As006G127420	evm.model.RL_6.1219
OG0007887	As006G127530	evm.model.RL_6.1205
OG0007888	As006G127650	evm.model.RL_6.1189
OG0007890	As006G127730, As008G193570	evm.model.RL_5.510
OG0007891	As006G127810	evm.model.RL_6.1173
OG0007892	As006G128030	evm.model.RL_6.1144
OG0007893	As006G128140	evm.model.RL_6.1129
OG0007896	As006G128450	evm.model.RL_5.562
OG0007897	As006G128460	evm.model.RL_6.1096
OG0007898	As006G129430	evm.model.RL_6.984
OG0007899	As006G129440	evm.model.RL_3.1743, evm.model.RL_6.983
OG0007900	As006G129790	evm.model.RL_6.952
OG0007901	As006G129830	evm.model.RL_6.943
OG0007902	As006G129940	evm.model.RL_6.933
OG0007903	As006G130240	evm.model.RL_6.887
OG0007904	As006G130560	evm.model.RL_6.767
OG0007905	As006G131190	evm.model.RL_6.735
OG0007906	As006G131510	evm.model.RL_4.2900
OG0007907	As006G131650	evm.model.RL_6.559
OG0007908	As006G131740	evm.model.RL_6.540
OG0007909	As006G132380	evm.model.RL_2.2252
OG0007910	As006G132570	evm.model.RL_2.2227
OG0007911	As006G132860, As009G200510	evm.model.RL_4.2154
OG0007912	As006G133110	evm.model.RL_1.64
OG0007913	As006G133400	evm.model.RL_4.2215
OG0007914	As006G133970	evm.model.RL_2.512.3.687c86e0
OG0007915	As006G134170	evm.model.RL_2.2164
OG0007916	As006G134830	evm.model.RL_1.103
OG0007917	As006G134870	evm.model.RL_1.108
OG0007918	As006G134890, As009G201310	evm.model.RL_4.2105
OG0007919	As006G135130	evm.model.RL_1.126
OG0007920	As006G135370	evm.model.RL_1.147
OG0007921	As006G135670	evm.model.RL_1.182
OG0007922	As006G135800	evm.model.RL_1.200
OG0007923	As006G135880	evm.model.RL_1.210
OG0007924	As006G136110	evm.model.RL_1.232
OG0007925	As009G203430, As006G136480	evm.model.RL_1.263
OG0007926	As006G136880	evm.model.RL_1.298
OG0007927	As006G137360	evm.model.RL_1.330
OG0007928	As006G137900	evm.model.RL_1.385
OG0007929	As006G137940	evm.model.RL_1.390
OG0007930	As006G138110	evm.model.RL_1.409
OG0007931	As006G138210	evm.model.RL_1.430
OG0007932	As006G138340	evm.model.RL_1.416
OG0007933	As009G206580, As006G138430	evm.model.RL_1.438, evm.model.RL_4.850
OG0007934	As006G138470	evm.model.RL_1.442
OG0007935	As006G138630	evm.model.RL_1.455
OG0007936	As006G138780	evm.model.RL_1.474
OG0007937	As006G138840	evm.model.RL_1.469
OG0007938	As006G139070	evm.model.RL_1.500
OG0007939	As006G139390	evm.model.RL_1.527
OG0007940	As006G139520	evm.model.RL_1.536
OG0007941	As006G139700	evm.model.RL_1.547
OG0007942	As006G140130	evm.model.RL_1.584.1.687c87eb
OG0007943	As006G140180	evm.model.RL_1.591
OG0007944	As006G140200	evm.model.RL_1.592.1.687c87eb
OG0007945	As006G140220	evm.model.RL_1.594
OG0007946	As006G140240	evm.model.RL_1.596
OG0007947	As006G140250	evm.model.RL_1.597
OG0007948	As006G140690	evm.model.RL_4.864
OG0007949	As006G140810	evm.model.RL_1.653
OG0007950	As006G141050	evm.model.RL_1.675
OG0007951	As006G141220	evm.model.RL_1.699
OG0007952	As006G141400	evm.model.RL_1.713
OG0007953	As006G141490	evm.model.RL_1.723
OG0007954	As006G141500	evm.model.RL_1.724
OG0007955	As006G141690	evm.model.RL_1.748
OG0007956	As006G141840	evm.model.RL_1.759
OG0007957	As006G142100	evm.model.RL_1.790
OG0007958	As006G142770	evm.model.RL_6.2137
OG0007959	As006G142800	evm.model.RL_6.2134
OG0007960	As006G142820	evm.model.RL_6.2132
OG0007961	As006G142990	evm.model.RL_6.2111
OG0007962	As006G143150	evm.model.RL_6.2100
OG0007963	As006G143540	evm.model.RL_6.2062
OG0007964	As006G144270	evm.model.RL_6.1996
OG0007965	As006G144610	evm.model.RL_6.1700
OG0007966	As006G144640	evm.model.RL_6.1704
OG0007967	As006G144730	evm.model.RL_6.1714
OG0007968	As006G145060	evm.model.RL_6.1742
OG0007969	As006G145090	evm.model.RL_6.1745
OG0007970	As006G145230	evm.model.RL_6.1762, evm.model.RL_6.1764
OG0007971	As006G145480	evm.model.RL_4.489, evm.model.RL_6.1787
OG0007972	As006G145520	evm.model.RL_6.1790
OG0007973	As006G145690	evm.model.RL_6.1875
OG0007974	As006G145840	evm.model.RL_6.1863
OG0007975	As006G146570	evm.model.RL_6.1821
OG0007976	As006G146760	evm.model.RL_6.1813
OG0007977	As006G146800	evm.model.RL_6.1807
OG0007978	As006G146960	evm.model.RL_6.1891
OG0007979	As006G147600	evm.model.RL_6.1916
OG0007980	As006G147980	evm.model.RL_6.1931
OG0007981	As006G148510	evm.model.RL_6.1943
OG0007982	As006G149020	evm.model.RL_6.1669
OG0007983	As007G152010	evm.model.RL_5.1394
OG0007984	As007G152770	evm.model.RL_5.1473
OG0007985	As007G153170	evm.model.RL_5.1515
OG0007986	As007G154300	evm.model.RL_5.1614
OG0007987	As007G154490	evm.model.RL_5.1656
OG0007988	As007G154580	evm.model.RL_5.1647
OG0007989	As007G154780	evm.model.RL_5.1667
OG0007990	As007G154790	evm.model.RL_5.1669
OG0007991	As007G154880	evm.model.RL_5.1678
OG0007992	As007G155060	evm.model.RL_5.1697
OG0007993	As007G155110	evm.model.RL_5.1702.1.687c88b6
OG0007994	As007G155270	evm.model.RL_5.1721
OG0007995	As007G155640	evm.model.RL_5.1762
OG0007996	As007G155660	evm.model.RL_5.1764
OG0007997	As010G238350, As007G155760	evm.model.RL_5.1775
OG0007998	As007G155800	evm.model.RL_5.1778
OG0007999	As007G156060	evm.model.RL_5.1815.1.687c88b7
OG0008000	As007G156070	evm.model.RL_5.1816
OG0008001	As007G156150	evm.model.RL_5.1824
OG0008002	As007G156350	evm.model.RL_5.1849
OG0008003	As007G156480	evm.model.RL_5.3699
OG0008004	As007G156880	evm.model.RL_5.3661
OG0008005	As010G237040, As007G156900	evm.model.RL_3.2055
OG0008006	As007G157040	evm.model.RL_5.3645
OG0008007	As007G157260	evm.model.RL_5.3617
OG0008008	As010G236370, As007G157380	evm.model.RL_5.3607
OG0008009	As007G157410	evm.model.RL_5.3605
OG0008010	As007G157420, As010G236320	evm.model.RL_3.2115
OG0008011	As007G157440	evm.model.RL_5.3604
OG0008012	As007G157580	evm.model.RL_5.3596
OG0008013	As007G157670	evm.model.RL_5.3589.3.687c88c3
OG0008014	As007G158270	evm.model.RL_5.3537
OG0008015	As007G158330	evm.model.RL_5.3529
OG0008016	As007G158540	evm.model.RL_5.3514
OG0008017	As007G158630	evm.model.RL_5.3503
OG0008018	As007G159200	evm.model.RL_5.3459
OG0008019	As007G159590	evm.model.RL_5.3422
OG0008020	As010G233280, As007G159740	evm.model.RL_5.3399
OG0008022	As007G161140	evm.model.RL_5.3248.1.687c88c1
OG0008023	As007G161150	evm.model.RL_5.3247.1.687c88c1
OG0008024	As007G161220	evm.model.RL_5.3239
OG0008025	As007G161500	evm.model.RL_3.1196
OG0008026	As007G161840	evm.model.RL_5.3184
OG0008027	As007G162140	evm.model.RL_5.3161
OG0008028	As007G162150	evm.model.RL_5.3162
OG0008029	As007G162260	evm.model.RL_5.3146
OG0008030	As007G162670	evm.model.RL_2.1936
OG0008031	As007G162730	evm.model.RL_2.1940
OG0008032	As007G162780	evm.model.RL_2.1945
OG0008033	As007G162970	evm.model.RL_2.1960
OG0008034	As007G163040	evm.model.RL_2.1969
OG0008035	As007G164310	evm.model.RL_2.2017
OG0008036	As007G164390	evm.model.RL_2.2024
OG0008037	As007G164580	evm.model.RL_2.2039
OG0008038	As007G164690	evm.model.RL_2.2045
OG0008039	As007G164750	evm.model.RL_2.2047
OG0008040	As007G166640	evm.model.RL_2.2298
OG0008041	As007G166690	evm.model.RL_2.2305
OG0008042	As007G177540	evm.model.RL_6.383
OG0008043	As007G177920	evm.model.RL_6.359
OG0008044	As007G178190, As007G178250	evm.model.RL_6.319
OG0008045	As007G179570	evm.model.RL_6.231
OG0008046	As007G179800	evm.model.RL_3.1842
OG0008047	As007G179960	evm.model.RL_6.182
OG0008048	As007G179970	evm.model.RL_6.180
OG0008049	As007G179980	evm.model.RL_6.176
OG0008050	As007G180130	evm.model.RL_6.162
OG0008051	As007G180160	evm.model.RL_6.156
OG0008053	As007G180650	evm.model.RL_6.94
OG0008055	As007G180960	evm.model.RL_6.52
OG0008056	As007G181760	evm.model.RL_6.38
OG0008057	As007G181800	evm.model.RL_6.34, evm.model.RL_6.35
OG0008058	As007G181910	evm.model.RL_6.24
OG0008059	As008G182330	evm.model.RL_5.1362
OG0008060	As008G182400	evm.model.RL_5.1355
OG0008061	As008G182430	evm.model.RL_5.1353
OG0008063	As008G182650	evm.model.RL_5.1331
OG0008064	As008G182810	evm.model.RL_5.1308
OG0008065	As008G182990	evm.model.RL_5.1286
OG0008066	As008G183360	evm.model.RL_5.1250
OG0008067	As008G183410	evm.model.RL_5.1243
OG0008069	As008G184200	evm.model.RL_5.1167
OG0008070	As008G184290	evm.model.RL_5.1161
OG0008071	As008G184300	evm.model.RL_5.1160
OG0008072	As008G184630	evm.model.RL_5.1123
OG0008073	As008G184730	evm.model.RL_5.1113
OG0008074	As008G184810	evm.model.RL_5.1105
OG0008075	As008G185300	evm.model.RL_5.1073
OG0008076	As008G185520	evm.model.RL_5.1054
OG0008077	As008G185570	evm.model.RL_5.1052
OG0008078	As008G185810	evm.model.RL_5.1027
OG0008080	As008G186010	evm.model.RL_5.1010
OG0008081	As008G186980	evm.model.RL_5.925
OG0008082	As008G187220	evm.model.RL_5.903.5.687c88b0
OG0008083	As008G187430	evm.model.RL_5.881
OG0008084	As008G187870	evm.model.RL_5.874
OG0008085	As008G187970	evm.model.RL_5.837
OG0008086	As008G188130	evm.model.RL_7.933
OG0008087	As008G189490	evm.model.RL_5.739
OG0008088	As008G189820	evm.model.RL_5.715
OG0008089	As008G189840	evm.model.RL_5.717
OG0008090	As008G192490	evm.model.RL_5.607
OG0008091	As008G192990	evm.model.RL_5.573
OG0008092	As008G193100	evm.model.RL_5.555
OG0008094	As008G193340	evm.model.RL_5.531
OG0008095	As008G193500	evm.model.RL_5.518
OG0008096	As008G193550	evm.model.RL_5.513
OG0008097	As008G193600	evm.model.RL_5.507
OG0008098	As008G193630	evm.model.RL_5.505
OG0008099	As008G193780, As008G193800	evm.model.RL_5.491
OG0008100	As008G194080	evm.model.RL_5.468
OG0008101	As008G194340	evm.model.RL_5.444
OG0008102	As008G194660	evm.model.RL_5.423
OG0008103	As008G195440	evm.model.RL_5.359
OG0008104	As008G195720	evm.model.RL_4.2254
OG0008105	As008G196020	evm.model.RL_5.308
OG0008106	As008G196150	evm.model.RL_5.298
OG0008107	As008G196170	evm.model.RL_5.295
OG0008108	As008G196400	evm.model.RL_5.274.7.687c88ab
OG0008109	As008G196790	evm.model.RL_5.212
OG0008110	As008G196810	evm.model.RL_5.215
OG0008111	As008G196820	evm.model.RL_5.216
OG0008112	As008G196850	evm.model.RL_5.219
OG0008113	As008G196990	evm.model.RL_5.237
OG0008114	As008G197230	evm.model.RL_5.187
OG0008115	As008G197320	evm.model.RL_5.178
OG0008116	As008G197370	evm.model.RL_5.173
OG0008117	As008G197640	evm.model.RL_5.143
OG0008118	As008G197970	evm.model.RL_5.93
OG0008119	As008G198000	evm.model.RL_5.97
OG0008120	As008G198010	evm.model.RL_5.99
OG0008121	As008G198130	evm.model.RL_5.86
OG0008122	As008G198470	evm.model.RL_5.62
OG0008123	As008G199010	evm.model.RL_8.2871
OG0008124	As008G199540	evm.model.RL_8.3, evm.model.RL_8.9
OG0008125	As008G199620	evm.model.RL_8.2922
OG0008126	As009G199990	evm.model.RL_4.2180
OG0008127	As009G200160	evm.model.RL_4.2203
OG0008128	As009G200450	evm.model.RL_4.2158
OG0008129	As009G200460	evm.model.RL_4.2157
OG0008130	As009G200570	evm.model.RL_4.2150.2.687c86d7
OG0008131	As009G200930	evm.model.RL_4.2078
OG0008132	As009G201000	evm.model.RL_4.2083
OG0008133	As009G201010	evm.model.RL_4.2084
OG0008134	As009G202010	evm.model.RL_4.2028
OG0008135	As009G202410	evm.model.RL_4.1993
OG0008136	As009G202440	evm.model.RL_4.1990
OG0008137	As009G202490	evm.model.RL_4.1985
OG0008138	As009G202570	evm.model.RL_4.1978
OG0008139	As009G202880	evm.model.RL_4.1947
OG0008140	As009G203400	evm.model.RL_4.1899
OG0008141	As009G203680	evm.model.RL_4.1872
OG0008142	As009G203780	evm.model.RL_4.1858
OG0008143	As009G203790	evm.model.RL_4.1857
OG0008144	As009G203900	evm.model.RL_4.1851
OG0008145	As009G204120	evm.model.RL_4.1826.1.687c86d6
OG0008147	As009G204320	evm.model.RL_4.1808
OG0008148	As009G204430	evm.model.RL_4.1798
OG0008149	As009G204580	evm.model.RL_4.1781
OG0008150	As009G204650	evm.model.RL_4.1771
OG0008151	As009G204880	evm.model.RL_4.1750
OG0008152	As009G204890	evm.model.RL_4.1749
OG0008153	As009G204930	evm.model.RL_4.1745
OG0008154	As009G205020	evm.model.RL_4.1738
OG0008155	As009G205180	evm.model.RL_4.1718
OG0008156	As009G205200	evm.model.RL_4.1133
OG0008157	As009G205330	evm.model.RL_4.1128
OG0008158	As009G205340	evm.model.RL_4.1127
OG0008159	As009G205420	evm.model.RL_4.1120
OG0008160	As009G205700	evm.model.RL_4.1088
OG0008161	As009G205950	evm.model.RL_4.1066
OG0008162	As009G206000	evm.model.RL_4.1061
OG0008163	As009G206180	evm.model.RL_4.1049
OG0008164	As009G206550	evm.model.RL_4.1031
OG0008165	As009G207280	evm.model.RL_4.951
OG0008166	As009G207940	evm.model.RL_4.892
OG0008167	As009G208010	evm.model.RL_4.907
OG0008168	As009G208410	evm.model.RL_4.859
OG0008169	As009G209500	evm.model.RL_4.835
OG0008170	As009G209650	evm.model.RL_4.2251
OG0008171	As009G209880	evm.model.RL_4.818
OG0008172	As009G210310	evm.model.RL_4.2262
OG0008173	As009G210480	evm.model.RL_4.2268
OG0008174	As009G210520	evm.model.RL_4.2273
OG0008175	As009G211270	evm.model.RL_4.2847
OG0008177	As009G211950	evm.model.RL_4.2892
OG0008178	As009G211990	evm.model.RL_4.2896
OG0008179	As009G212370	evm.model.RL_4.2913
OG0008180	As009G213920	evm.model.RL_4.3021
OG0008181	As009G214510	evm.model.RL_4.3076
OG0008182	As009G214530	evm.model.RL_4.3078
OG0008183	As009G214780	evm.model.RL_4.1717
OG0008184	As009G215330	evm.model.RL_4.1202
OG0008185	As009G215580	evm.model.RL_4.1227
OG0008186	As009G215880	evm.model.RL_4.1257
OG0008187	As009G215920	evm.model.RL_4.1261
OG0008188	As009G215950	evm.model.RL_4.1264
OG0008189	As009G216110	evm.model.RL_4.1291
OG0008190	As009G216460	evm.model.RL_4.1311
OG0008191	As009G216820	evm.model.RL_4.1352
OG0008192	As009G216900	evm.model.RL_4.1357
OG0008193	As009G217090	evm.model.RL_4.1379
OG0008194	As009G217230	evm.model.RL_3.1176
OG0008195	As009G217320	evm.model.RL_4.1405
OG0008196	As009G217390	evm.model.RL_4.1413
OG0008197	As009G217410	evm.model.RL_4.1415
OG0008198	As009G217640	evm.model.RL_8.2164
OG0008199	As009G217980	evm.model.RL_8.2211
OG0008200	As009G218250	evm.model.RL_8.2243
OG0008201	As009G218410	evm.model.RL_8.2259
OG0008202	As009G218740	evm.model.RL_8.2299
OG0008203	As009G218760	evm.model.RL_8.2301
OG0008204	As009G218850	evm.model.RL_8.2310
OG0008205	As009G218980	evm.model.RL_8.2322
OG0008206	As009G219020	evm.model.RL_8.2327
OG0008207	As009G219160	evm.model.RL_8.2344
OG0008208	As009G219370	evm.model.RL_8.2369
OG0008209	As009G219470	evm.model.RL_8.2386
OG0008210	As009G219860	evm.model.RL_8.1925
OG0008211	As009G219870	evm.model.RL_8.1924
OG0008212	As009G219920	evm.model.RL_8.1919
OG0008213	As010G220430	evm.model.RL_7.1271.1.687c84b8
OG0008215	As010G220470	evm.model.RL_7.1276
OG0008216	As010G220700	evm.model.RL_7.1301
OG0008217	As010G220950	evm.model.RL_7.1330
OG0008218	As010G221330, As012G274920	evm.model.RL_7.1388
OG0008219	As010G221730	evm.model.RL_7.1443.2.687c84b9
OG0008220	As010G221740	evm.model.RL_7.1444
OG0008221	As010G222070	evm.model.RL_7.1468
OG0008222	As010G222760	evm.model.RL_7.1540
OG0008223	As010G224340	evm.model.RL_7.1698, evm.model.RL_7.1701
OG0008224	As010G226050	evm.model.RL_7.1873
OG0008226	As010G227790	evm.model.RL_3.1150
OG0008227	As010G227920	evm.model.RL_3.1148
OG0008228	As010G227970	evm.model.RL_3.1146
OG0008229	As010G228060, As010G228070	evm.model.RL_3.1144
OG0008230	As010G228230	evm.model.RL_3.1138
OG0008231	As010G228240	evm.model.RL_3.1134
OG0008232	As010G228430	evm.model.RL_6.1575
OG0008233	As010G228830	evm.model.RL_3.1117
OG0008234	As010G229490	evm.model.RL_3.1161
OG0008235	As010G230510	evm.model.RL_3.1112.1.687c84bb
OG0008236	As010G238090, As010G231770	evm.model.RL_3.1281.4.687c84bc
OG0008237	As010G231800	evm.model.RL_3.1282
OG0008238	As010G231860	evm.model.RL_3.1287
OG0008239	As010G232870	evm.model.RL_3.1376
OG0008240	As010G232910	evm.model.RL_5.3351
OG0008241	As010G232950, As011G253840	evm.model.RL_1.2101
OG0008242	As010G233160	evm.model.RL_3.1409
OG0008243	As010G233180	evm.model.RL_3.1411
OG0008244	As010G233220	evm.model.RL_3.1420
OG0008245	As010G233290	evm.model.RL_3.1429
OG0008246	As010G233330	evm.model.RL_3.1434
OG0008247	As010G233940	evm.model.RL_3.1505
OG0008248	As010G234190	evm.model.RL_3.1538, evm.model.RL_3.1536
OG0008249	As010G234610	evm.model.RL_3.1574
OG0008250	As010G235070	evm.model.RL_3.1611
OG0008251	As010G235290	evm.model.RL_3.2211.1.687c84bd
OG0008252	As010G235310	evm.model.RL_3.2209
OG0008253	As010G235330	evm.model.RL_3.2207
OG0008254	As010G235590	evm.model.RL_3.2184
OG0008255	As010G235620	evm.model.RL_3.2181
OG0008256	As010G236010	evm.model.RL_3.2151
OG0008257	As010G236270	evm.model.RL_3.2124
OG0008258	As010G236340	evm.model.RL_3.2113
OG0008260	As010G236990	evm.model.RL_3.2059.1.687c84bd
OG0008261	As010G237460	evm.model.RL_3.2017
OG0008263	As010G237680	evm.model.RL_3.1993
OG0008264	As010G237690	evm.model.RL_3.1992
OG0008265	As010G237830	evm.model.RL_3.1979
OG0008267	As012G277330, As010G238000	evm.model.RL_3.1967
OG0008268	As010G238370	evm.model.RL_3.1933
OG0008269	As010G238620	evm.model.RL_3.1907
OG0008270	As010G238800	evm.model.RL_3.1886
OG0008271	As010G239160	evm.model.RL_3.1851
OG0008272	As010G239390	evm.model.RL_3.1828
OG0008273	As010G239580	evm.model.RL_3.1805
OG0008274	As010G239690	evm.model.RL_3.1793
OG0008275	As010G239760	evm.model.RL_3.1788
OG0008276	As010G239920	evm.model.RL_3.1775
OG0008278	As010G240250	evm.model.RL_3.1738
OG0008279	As010G240590	evm.model.RL_3.1714
OG0008281	As010G241250	evm.model.RL_3.1643
OG0008282	As010G241550	evm.model.RL_3.1618
OG0008283	As010G242430	evm.model.RL_3.2310
OG0008284	As010G242880	evm.model.RL_3.2349
OG0008285	As010G243070	evm.model.RL_3.2364.4.687c84be
OG0008286	As010G243170	evm.model.RL_3.2377
OG0008287	As010G243420	evm.model.RL_3.2396
OG0008288	As010G243510	evm.model.RL_3.2408
OG0008289	As010G243660	evm.model.RL_3.2423
OG0008290	As010G243860	evm.model.RL_3.2442
OG0008292	As010G244130	evm.model.RL_3.2462.1.687c84be
OG0008293	As010G244430	evm.model.RL_3.2494
OG0008294	As011G244630	evm.model.RL_1.1168
OG0008295	As011G244880	evm.model.RL_1.1206
OG0008296	As011G244910	evm.model.RL_5.2693, evm.model.RL_1.1210
OG0008297	As011G245150	evm.model.RL_1.1236
OG0008298	As011G245370	evm.model.RL_1.1252
OG0008299	As011G245870	evm.model.RL_1.1308
OG0008300	As011G245890	evm.model.RL_4.1172
OG0008301	As011G245900	evm.model.RL_1.1310
OG0008302	As011G245940	evm.model.RL_1.1313
OG0008303	As011G245980	evm.model.RL_1.1316
OG0008304	As011G246170	evm.model.RL_1.1332
OG0008305	As011G246220	evm.model.RL_1.1336
OG0008306	As011G246270	evm.model.RL_1.1341
OG0008307	As011G246340	evm.model.RL_1.1348
OG0008309	As011G247200	evm.model.RL_1.1426
OG0008310	As011G247370	evm.model.RL_1.1444
OG0008311	As011G247400	evm.model.RL_1.1447
OG0008312	As012G270440, As011G247770	evm.model.RL_5.3737
OG0008313	As011G248080	evm.model.RL_1.1512
OG0008314	As011G248420	evm.model.RL_1.1557
OG0008315	As011G248470	evm.model.RL_1.1562
OG0008316	As011G248950	evm.model.RL_1.1600
OG0008317	As011G249360	evm.model.RL_1.1646
OG0008318	As011G249470	evm.model.RL_1.1660
OG0008319	As011G249860	evm.model.RL_1.1697
OG0008320	As011G250010	evm.model.RL_1.1708
OG0008321	As011G250380	evm.model.RL_1.1742
OG0008323	As011G250760	evm.model.RL_1.1780
OG0008324	As011G250830	evm.model.RL_1.1786
OG0008325	As011G251190	evm.model.RL_1.1816
OG0008326	As011G251550	evm.model.RL_1.1850
OG0008327	As011G251580	evm.model.RL_1.1853
OG0008328	As011G252360	evm.model.RL_1.1931
OG0008329	As011G252590	evm.model.RL_7.915
OG0008330	As011G252880	evm.model.RL_1.1981
OG0008331	As011G254090	evm.model.RL_2.1045
OG0008332	As011G254410	evm.model.RL_1.2149
OG0008333	As011G255020	evm.model.RL_1.2205
OG0008334	As011G255300	evm.model.RL_1.2229
OG0008335	As011G256150	evm.model.RL_1.2307
OG0008336	As011G256280	evm.model.RL_1.2322
OG0008338	As011G260660	evm.model.RL_8.1358
OG0008339	As011G260780	evm.model.RL_1.3006
OG0008340	As011G262670	evm.model.RL_1.2740
OG0008341	As011G262830	evm.model.RL_1.2769
OG0008342	As011G262970	evm.model.RL_1.2783
OG0008343	As011G263330	evm.model.RL_1.2813
OG0008344	As011G263510	evm.model.RL_1.2835
OG0008345	As011G263740	evm.model.RL_1.2867
OG0008346	As011G263870	evm.model.RL_1.2879
OG0008347	As011G264400	evm.model.RL_1.2926
OG0008348	As011G264440	evm.model.RL_1.2930
OG0008349	As011G264450	evm.model.RL_1.2932
OG0008350	As011G264740	evm.model.RL_1.2957
OG0008351	As011G265130	evm.model.RL_1.3043
OG0008352	As011G265150	evm.model.RL_1.3037
OG0008353	As011G265580	evm.model.RL_1.3057.1.687c87f1
OG0008354	As011G266000	evm.model.RL_7.2201
OG0008355	As011G266310	evm.model.RL_1.3141
OG0008356	As011G267090	evm.model.RL_1.3212
OG0008357	As012G267930	evm.model.RL_5.3974
OG0008358	As012G268030	evm.model.RL_5.3964
OG0008359	As012G268660	evm.model.RL_5.3917
OG0008360	As012G268680	evm.model.RL_4.14
OG0008361	As012G268770	evm.model.RL_5.3910
OG0008362	As012G269360	evm.model.RL_5.3853
OG0008363	As012G269380	evm.model.RL_5.3850
OG0008364	As012G269650	evm.model.RL_5.3813
OG0008365	As012G269720	evm.model.RL_5.3804
OG0008366	As012G269790	evm.model.RL_5.3795
OG0008367	As012G269910	evm.model.RL_5.3781.4.687c88c5
OG0008369	As012G269970	evm.model.RL_5.3774
OG0008370	As012G270070	evm.model.RL_5.3764
OG0008371	As012G270970	evm.model.RL_5.1874
OG0008372	As012G271060	evm.model.RL_5.1883
OG0008373	As012G271360	evm.model.RL_5.1903
OG0008374	As012G271880	evm.model.RL_5.1928
OG0008375	As012G272050	evm.model.RL_5.1985
OG0008376	As012G272290	evm.model.RL_5.2014
OG0008377	As012G272340	evm.model.RL_5.2019
OG0008378	As012G273050	evm.model.RL_5.2097
OG0008379	As012G273310	evm.model.RL_5.2115
OG0008380	As012G274290	evm.model.RL_2.1166
OG0008381	As012G274450	evm.model.RL_2.1151
OG0008382	As012G274860	evm.model.RL_6.1579
OG0008383	As012G274900	evm.model.RL_6.1573
OG0008384	As012G274950	evm.model.RL_6.1570
OG0008385	As012G275480	evm.model.RL_7.1196
OG0008386	As012G275690	evm.model.RL_7.1173
OG0008387	As012G275840	evm.model.RL_7.1158
OG0008388	As012G275920	evm.model.RL_7.1149
OG0008389	As012G276240	evm.model.RL_7.1113
OG0008390	As012G276440	evm.model.RL_7.1098
OG0008391	As012G277260	evm.model.RL_7.1032
OG0008392	As012G277360	evm.model.RL_7.1022
OG0008393	As012G277610	evm.model.RL_7.1003
OG0008394	As012G277760	evm.model.RL_7.991
OG0008395	As012G278280	evm.model.RL_7.971
OG0008396	As012G278960	evm.model.RL_7.1217
OG0008397	As012G279870	evm.model.RL_7.945
OG0008398	As012G279900	evm.model.RL_7.944
OG0008399	As012G279910	evm.model.RL_7.906.1.687c84b6
OG0008400	As012G279990	evm.model.RL_7.948
OG0008401	As012G280030	evm.model.RL_7.909
OG0008402	As012G281030	evm.model.RL_7.881
OG0008403	As012G281830	evm.model.RL_7.821
OG0008404	As012G281960, As012G281970, As012G281980	evm.model.RL_7.809
OG0008405	As012G282560	evm.model.RL_7.758
OG0008406	As012G282950	evm.model.RL_7.721
OG0008407	As012G283490	evm.model.RL_7.668
OG0008408	As012G284090	evm.model.RL_7.602
OG0008409	As012G284580	evm.model.RL_7.536
OG0008410	As012G284720	evm.model.RL_7.518
OG0008411	As012G284910	evm.model.RL_7.499
OG0008412	As012G284920	evm.model.RL_7.498
OG0008413	As012G285000	evm.model.RL_7.491
OG0008414	As012G285030	evm.model.RL_7.485
OG0008415	As012G285080	evm.model.RL_7.474
OG0008416	As012G285090	evm.model.RL_7.473
OG0008417	As012G285100	evm.model.RL_6.2414
OG0008418	As012G285410	evm.model.RL_2.212
OG0008419	As012G285440	evm.model.RL_7.417
OG0008420	As012G285540	evm.model.RL_7.408
OG0008421	As012G285580	evm.model.RL_7.406
OG0008422	As012G285690	evm.model.RL_7.394
OG0008423	As012G285730	evm.model.RL_7.391
OG0008424	As012G285810	evm.model.RL_7.382
OG0008425	As012G286040	evm.model.RL_7.353
OG0008426	As012G286130	evm.model.RL_7.344
OG0008427	As012G286290	evm.model.RL_7.325
OG0008428	As012G286690	evm.model.RL_7.310
OG0008429	As012G286770	evm.model.RL_7.300
OG0008430	As012G287780	evm.model.RL_7.193
OG0008431	As012G287930	evm.model.RL_7.175
OG0008432	As012G287950	evm.model.RL_7.172
OG0008433	As012G288040	evm.model.RL_7.156
OG0008434	As012G288130	evm.model.RL_7.146
OG0008437	As012G288760	evm.model.RL_7.74
OG0008438	As012G288790	evm.model.RL_7.71
OG0008440	As012G289160	evm.model.RL_7.37
OG0008504	As001G000180	evm.model.RL_2.2338
OG0008505	As001G000550	evm.model.RL_2.2380
OG0008506	As001G000740	evm.model.RL_2.2403
OG0008507	As001G000850	evm.model.RL_2.2416
OG0008508	As001G000890	evm.model.RL_2.2425
OG0008509	As001G001780	evm.model.RL_2.2510
OG0008510	As001G001810	evm.model.RL_2.2511
OG0008511	As001G001820	evm.model.RL_2.2515
OG0008512	As001G001840	evm.model.RL_2.2517
OG0008513	As001G001920	evm.model.RL_2.2525
OG0008514	As001G002240	evm.model.RL_2.2542
OG0008515	As001G002330	evm.model.RL_2.2547
OG0008517	As001G002460	evm.model.RL_2.2558
OG0008518	As001G002850	evm.model.RL_4.1662
OG0008519	As001G002970	evm.model.RL_2.2592
OG0008520	As001G003000	evm.model.RL_2.2595
OG0008521	As001G003680	evm.model.RL_2.2653
OG0008522	As001G003840	evm.model.RL_2.2667
OG0008523	As001G004010	evm.model.RL_2.2686
OG0008524	As001G004140	evm.model.RL_2.2696
OG0008525	As001G004220	evm.model.RL_2.2700
OG0008526	As001G004640	evm.model.RL_2.2726
OG0008527	As001G004710	evm.model.RL_2.2732.1.687c86e7
OG0008528	As001G004780	evm.model.RL_2.2734
OG0008529	As001G005390	evm.model.RL_2.2779
OG0008530	As001G005630	evm.model.RL_2.2810
OG0008531	As001G005730	evm.model.RL_2.2807
OG0008532	As001G005760	evm.model.RL_2.2808
OG0008533	As001G006030	evm.model.RL_2.2833
OG0008534	As001G006490	evm.model.RL_2.2784
OG0008535	As001G006610	evm.model.RL_2.2844
OG0008536	As001G006640	evm.model.RL_2.2845.4.687c86e7
OG0008537	As001G007120	evm.model.RL_2.2846
OG0008538	As001G009960	evm.model.RL_2.2851
OG0008540	As001G012830, As011G262590	evm.model.RL_2.2946
OG0008541	As001G013640	evm.model.RL_2.2923
OG0008542	As001G013790	evm.model.RL_2.2910
OG0008543	As001G013820	evm.model.RL_2.2965
OG0008544	As001G014120	evm.model.RL_2.2968
OG0008545	As001G014230	evm.model.RL_2.2977
OG0008546	As001G014430	evm.model.RL_2.2998
OG0008547	As001G014730	evm.model.RL_2.3015
OG0008548	As004G078980, As001G015890	evm.model.RL_5.2811
OG0008549	As004G079200, As001G016210	evm.model.RL_5.2784
OG0008550	As001G016330	evm.model.RL_5.2777
OG0008551	As001G016460	evm.model.RL_5.2762
OG0008552	As001G016700	evm.model.RL_5.2741
OG0008553	As001G016930	evm.model.RL_5.2718
OG0008554	As001G017310	evm.model.RL_2.1263
OG0008555	As001G017370	evm.model.RL_2.1257
OG0008556	As001G017690	evm.model.RL_2.1223
OG0008557	As001G018270	evm.model.RL_5.1085
OG0008558	As001G018540	evm.model.RL_3.752
OG0008559	As001G018570	evm.model.RL_3.750
OG0008560	As001G019050	evm.model.RL_3.674
OG0008561	As001G019300, As010G232740	evm.model.RL_2.2819
OG0008562	As001G019640	evm.model.RL_3.571
OG0008563	As008G187600	evm.model.RL_5.849
OG0008564	As001G020010	evm.model.RL_3.557
OG0008565	As001G020510	evm.model.RL_3.487
OG0008566	As001G020550	evm.model.RL_3.484.2.687c84ba
OG0008567	As001G021060	evm.model.RL_3.383
OG0008568	As001G021110	evm.model.RL_3.373.1.687c84ba
OG0008569	As001G021120, As011G256100	evm.model.RL_1.2303
OG0008570	As001G021510	evm.model.RL_3.362
OG0008571	As001G021610	evm.model.RL_3.350
OG0008572	As001G021630	evm.model.RL_3.346
OG0008573	As001G021750	evm.model.RL_5.1000, evm.model.RL_3.331
OG0008574	As001G021760	evm.model.RL_3.328
OG0008575	As001G021800	evm.model.RL_3.324
OG0008576	As008G185790, As001G021980	evm.model.RL_3.298
OG0008577	As008G185580	evm.model.RL_5.1051
OG0008578	As001G022230	evm.model.RL_5.1367
OG0008579	As001G022750	evm.model.RL_7.2705
OG0008580	As001G022920	evm.model.RL_7.2641
OG0008581	As001G023070	evm.model.RL_7.2629
OG0008582	As001G023440	evm.model.RL_7.2594
OG0008583	As001G023730	evm.model.RL_7.2566
OG0008584	As001G024130	evm.model.RL_7.2516
OG0008585	As001G024350	evm.model.RL_7.2498
OG0008586	As001G024620	evm.model.RL_7.2460
OG0008587	As001G024880	evm.model.RL_7.2435
OG0008588	As001G024960	evm.model.RL_7.2426
OG0008589	As001G025100	evm.model.RL_7.2411
OG0008590	As001G025420	evm.model.RL_7.2373
OG0008591	As001G025540	evm.model.RL_7.2361
OG0008592	As001G025780	evm.model.RL_7.2340
OG0008593	As001G025800	evm.model.RL_7.2337
OG0008594	As001G026030	evm.model.RL_7.2312
OG0008595	As001G026150	evm.model.RL_7.2291
OG0008596	As001G026230	evm.model.RL_5.1973
OG0008597	As001G026720	evm.model.RL_7.2242
OG0008598	As001G026730	evm.model.RL_7.2241
OG0008599	As001G027020	evm.model.RL_7.2203
OG0008600	As001G027040	evm.model.RL_7.2200
OG0008601	As001G027250	evm.model.RL_7.2163
OG0008602	As001G027370	evm.model.RL_7.2154
OG0008603	As001G027390	evm.model.RL_7.2152
OG0008604	As001G027840	evm.model.RL_7.2080
OG0008605	As001G027860	evm.model.RL_7.2078
OG0008606	As001G028920	evm.model.RL_3.1006
OG0008608	As001G029290	evm.model.RL_3.957
OG0008609	As001G029480	evm.model.RL_3.920
OG0008610	As001G030220	evm.model.RL_3.10
OG0008611	As001G030290	evm.model.RL_3.14
OG0008612	As001G030570	evm.model.RL_3.39
OG0008613	As001G030600	evm.model.RL_3.41
OG0008614	As001G030840	evm.model.RL_3.77
OG0008615	As001G030950	evm.model.RL_3.87
OG0008616	As001G031050	evm.model.RL_1.2923, evm.model.RL_3.100
OG0008617	As001G031420, As001G031440	evm.model.RL_3.164
OG0008618	As001G031430	evm.model.RL_3.163
OG0008619	As001G031660	evm.model.RL_3.186
OG0008620	As001G031990	evm.model.RL_3.228
OG0008621	As002G032320	evm.model.RL_1.1163
OG0008622	As002G049150, As002G032530	evm.model.RL_8.1823
OG0008623	As002G033140, As002G032960	evm.model.RL_6.2253
OG0008624	As002G033460	evm.model.RL_6.2225
OG0008625	As002G033520	evm.model.RL_6.2232
OG0008626	As002G034200	evm.model.RL_1.841
OG0008627	As005G108520	evm.model.RL_4.3168
OG0008628	As002G035500	evm.model.RL_1.932
OG0008629	As002G036150	evm.model.RL_1.980
OG0008630	As002G036470	evm.model.RL_1.999
OG0008631	As002G036760	evm.model.RL_1.1008
OG0008632	As002G037280	evm.model.RL_1.1055
OG0008633	As002G037390	evm.model.RL_1.1060
OG0008634	As002G037840	evm.model.RL_1.1097
OG0008635	As002G038010	evm.model.RL_1.1107
OG0008636	As002G038040	evm.model.RL_1.1108.1.687c87ec
OG0008637	As002G038620	evm.model.RL_1.1125
OG0008638	As002G038930	evm.model.RL_1.1140
OG0008639	As002G040600	evm.model.RL_8.1060
OG0008640	As002G042000	evm.model.RL_8.1135
OG0008641	As002G042240	evm.model.RL_8.1151, evm.model.RL_2.1745
OG0008642	As002G042340	evm.model.RL_8.1171
OG0008643	As002G042670	evm.model.RL_8.1191
OG0008644	As002G042720	evm.model.RL_8.1194
OG0008645	As002G042820	evm.model.RL_8.1209
OG0008646	As002G043610	evm.model.RL_8.1269
OG0008647	As002G043710, As002G043700	evm.model.RL_8.1281
OG0008648	As002G044420	evm.model.RL_8.1367
OG0008649	As002G044670	evm.model.RL_8.1385
OG0008650	As002G044820	evm.model.RL_8.1413.2.687c855b
OG0008651	As002G044940	evm.model.RL_8.1402
OG0008652	As002G045000	evm.model.RL_8.1397
OG0008653	As002G045240	evm.model.RL_8.1444.1.687c97c0
OG0008655	As002G045340	evm.model.RL_8.1453
OG0008657	As002G045520	evm.model.RL_8.1502
OG0008658	As002G045820	evm.model.RL_8.1466
OG0008659	As002G045910	evm.model.RL_8.1514
OG0008660	As002G046070	evm.model.RL_8.1523
OG0008661	As002G046130	evm.model.RL_8.1528
OG0008662	As002G046740	evm.model.RL_8.1588
OG0008663	As002G046970	evm.model.RL_8.1604
OG0008664	As002G047040	evm.model.RL_8.1614
OG0008665	As002G047300	evm.model.RL_8.1637
OG0008666	As002G047390	evm.model.RL_8.1645
OG0008667	As002G047400	evm.model.RL_8.1646
OG0008669	As002G048090	evm.model.RL_8.1710
OG0008670	As002G048110	evm.model.RL_8.1712
OG0008671	As002G048250	evm.model.RL_8.1730
OG0008672	As002G048450	evm.model.RL_8.1746
OG0008673	As002G048470	evm.model.RL_8.1748
OG0008674	As002G048630	evm.model.RL_8.1774
OG0008675	As002G048800	evm.model.RL_8.1788
OG0008676	As002G048890	evm.model.RL_8.1795
OG0008677	As002G049000	evm.model.RL_8.1806
OG0008678	As002G049290	evm.model.RL_8.1838
OG0008679	As002G049560	evm.model.RL_8.1862
OG0008680	As002G049830	evm.model.RL_8.1878
OG0008681	As002G049840	evm.model.RL_8.1879
OG0008682	As002G049990	evm.model.RL_4.740
OG0008683	As002G050190	evm.model.RL_4.750
OG0008684	As002G050210	evm.model.RL_4.751
OG0008685	As002G050350	evm.model.RL_4.2295
OG0008686	As002G050370	evm.model.RL_4.2297
OG0008687	As002G050560	evm.model.RL_4.2314
OG0008688	As002G050590	evm.model.RL_4.2317
OG0008689	As002G050610	evm.model.RL_4.2318
OG0008690	As002G050650	evm.model.RL_4.2323
OG0008691	As002G050920	evm.model.RL_4.2350
OG0008692	As002G050930	evm.model.RL_4.2354
OG0008693	As002G051080	evm.model.RL_4.2367
OG0008694	As002G051290	evm.model.RL_4.2389
OG0008695	As002G051380	evm.model.RL_4.2402
OG0008696	As002G051430	evm.model.RL_4.2404
OG0008698	As002G051930	evm.model.RL_4.2456
OG0008699	As002G052500	evm.model.RL_4.2512
OG0008700	As012G274060, As002G052790	evm.model.RL_4.2532
OG0008702	As002G053160	evm.model.RL_4.2562
OG0008703	As002G053450	evm.model.RL_4.2594
OG0008704	As002G053590	evm.model.RL_4.2617
OG0008705	As002G053670	evm.model.RL_4.2622
OG0008706	As002G053930	evm.model.RL_4.2653
OG0008707	As002G054190	evm.model.RL_4.2678
OG0008708	As002G054210	evm.model.RL_4.2680
OG0008709	As002G054460	evm.model.RL_4.2704
OG0008710	As002G054660	evm.model.RL_4.2726
OG0008711	As002G054890	evm.model.RL_4.2757
OG0008712	As002G054920	evm.model.RL_4.2761
OG0008713	As002G055000	evm.model.RL_4.2769
OG0008714	As002G055200	evm.model.RL_4.2788
OG0008715	As003G055620	evm.model.RL_2.1275
OG0008716	As004G089690, As003G056010	evm.model.RL_2.1316
OG0008718	As003G056140	evm.model.RL_2.1331
OG0008721	As003G056340	evm.model.RL_2.1351
OG0008722	As003G056510	evm.model.RL_2.1368
OG0008723	As003G057220	evm.model.RL_2.1435
OG0008724	As004G087920	evm.model.RL_4.291
OG0008725	As003G057580	evm.model.RL_2.1474
OG0008726	As003G057610	evm.model.RL_2.1477
OG0008727	As003G057770	evm.model.RL_2.1495
OG0008728	As003G057840	evm.model.RL_2.1502
OG0008729	As003G057860	evm.model.RL_2.1512
OG0008730	As003G058190	evm.model.RL_2.1549
OG0008731	As003G058220	evm.model.RL_2.1552
OG0008732	As003G058400	evm.model.RL_2.1567
OG0008733	As004G086690	evm.model.RL_4.415
OG0008733	As003G058690, As003G058650	evm.model.RL_2.1588
OG0008734	As003G058950	evm.model.RL_2.1611
OG0008735	As003G059090	evm.model.RL_2.1627
OG0008736	As003G059480	evm.model.RL_2.1649
OG0008737	As003G059850	evm.model.RL_2.1687
OG0008738	As003G060570	evm.model.RL_2.1764
OG0008739	As004G085080, As003G060630	evm.model.RL_8.555
OG0008740	As003G060690	evm.model.RL_2.1778.1.687c86e3
OG0008741	As003G060880	evm.model.RL_2.1794
OG0008743	As003G060990	evm.model.RL_2.1810
OG0008744	As003G061130	evm.model.RL_2.1818
OG0008745	As003G061490	evm.model.RL_2.1862
OG0008746	As003G061620	evm.model.RL_3.1442.3.687c84bc
OG0008747	As003G061970	evm.model.RL_2.1902
OG0008748	As004G083660, As003G062650	evm.model.RL_8.747
OG0008749	As003G062840, As012G271210	evm.model.RL_5.2614
OG0008750	As003G063220	evm.model.RL_5.2560
OG0008751	As003G063300	evm.model.RL_5.2549
OG0008752	As003G063360	evm.model.RL_5.2542
OG0008753	As003G063500	evm.model.RL_5.2523
OG0008754	As003G063830	evm.model.RL_5.2470
OG0008755	As003G064530	evm.model.RL_5.2327
OG0008756	As003G064550	evm.model.RL_5.2328
OG0008757	As003G065960, As003G065970	evm.model.RL_5.3130
OG0008758	As003G066170	evm.model.RL_5.2295
OG0008759	As003G067890	evm.model.RL_5.3104
OG0008760	As003G068780	evm.model.RL_5.3068
OG0008761	As003G069490, As010G240240	evm.model.RL_3.1739
OG0008763	As003G069900	evm.model.RL_5.2997
OG0008764	As003G070230	evm.model.RL_5.2954
OG0008765	As003G071240	evm.model.RL_5.2868
OG0008766	As003G071410	evm.model.RL_5.2850
OG0008767	As003G071550	evm.model.RL_5.2844
OG0008768	As003G071640	evm.model.RL_5.2835
OG0008769	As003G072030	evm.model.RL_2.3095
OG0008770	As003G072060	evm.model.RL_2.3100
OG0008771	As003G072300	evm.model.RL_2.3129
OG0008772	As003G072670	evm.model.RL_2.3169
OG0008773	As003G072950	evm.model.RL_2.3190
OG0008774	As003G073260	evm.model.RL_2.3221
OG0008775	As003G073360	evm.model.RL_2.3233
OG0008776	As003G073420	evm.model.RL_2.3239
OG0008777	As003G073460	evm.model.RL_2.3243
OG0008778	As003G074110	evm.model.RL_2.3292.1.687c86e8
OG0008779	As003G074130	evm.model.RL_2.3294
OG0008780	As003G074410	evm.model.RL_2.3315.1.687c86e8
OG0008781	As003G074570	evm.model.RL_2.3324
OG0008782	As003G074590	evm.model.RL_2.3326
OG0008783	As003G074860	evm.model.RL_2.3354
OG0008784	As003G075590	evm.model.RL_2.3406
OG0008785	As004G076900	evm.model.RL_4.2491, evm.model.RL_2.2277.3.687c86e5
OG0008786	As004G076920	evm.model.RL_2.569
OG0008787	As004G077020	evm.model.RL_2.547
OG0008788	As004G077640	evm.model.RL_2.405
OG0008789	As004G077680	evm.model.RL_6.2478
OG0008790	As004G078190	evm.model.RL_2.300
OG0008791	As004G078710	evm.model.RL_8.59, evm.model.RL_5.2836
OG0008793	As004G079420	evm.model.RL_5.2747
OG0008794	As004G079970	evm.model.RL_6.1656
OG0008796	As004G081320	evm.model.RL_6.1485
OG0008797	As004G081830	evm.model.RL_4.547
OG0008798	As004G082140	evm.model.RL_4.590.1.687c86cf
OG0008799	As004G082210	evm.model.RL_4.613.1.687c86cf
OG0008800	As004G082550	evm.model.RL_6.2710
OG0008801	As004G082920	evm.model.RL_4.705
OG0008802	As004G083670	evm.model.RL_8.746
OG0008803	As004G084330	evm.model.RL_8.665
OG0008804	As004G084900	evm.model.RL_8.574_evm.model.RL_8.577
OG0008805	As004G085040	evm.model.RL_8.558.2.687c8557
OG0008806	As004G085140	evm.model.RL_8.547
OG0008807	As004G085170	evm.model.RL_8.544
OG0008809	As004G085880	evm.model.RL_8.451
OG0008810	As004G086170	evm.model.RL_8.418
OG0008811	As004G086240	evm.model.RL_2.1631
OG0008812	As004G086700	evm.model.RL_4.414
OG0008813	As004G086750	evm.model.RL_4.409
OG0008814	As004G087130	evm.model.RL_4.382
OG0008815	As004G087430	evm.model.RL_4.351
OG0008816	As004G087830	evm.model.RL_4.300
OG0008817	As004G088310	evm.model.RL_4.244
OG0008818	As004G088380	evm.model.RL_4.238
OG0008819	As004G089190	evm.model.RL_4.138
OG0008820	As004G089240	evm.model.RL_4.133
OG0008821	As004G089610	evm.model.RL_4.97
OG0008822	As004G090130	evm.model.RL_4.16
OG0008823	As004G090140	evm.model.RL_4.15
OG0008824	As004G092100	evm.model.RL_2.614
OG0008825	As004G092980	evm.model.RL_2.769
OG0008826	As004G093630	evm.model.RL_2.818
OG0008827	As004G093740	evm.model.RL_2.823.1.687c86e1, evm.model.RL_6.1337
OG0008828	As004G094340	evm.model.RL_2.851
OG0008829	As004G094420	evm.model.RL_1.2324
OG0008830	As004G095210	evm.model.RL_2.929
OG0008831	As004G095280	evm.model.RL_2.946
OG0008832	As004G095380	evm.model.RL_2.954
OG0008833	As004G095860	evm.model.RL_2.1005.1.687c86e2
OG0008834	As004G096200	evm.model.RL_2.1042
OG0008835	As004G096230	evm.model.RL_2.1047
OG0008836	As004G096560	evm.model.RL_1.2900
OG0008837	As004G096600	evm.model.RL_2.1078
OG0008839	As004G097450, As004G097780	evm.model.RL_7.2103, evm.model.RL_2.96
OG0008840	As004G097470, As008G190170	evm.model.RL_2.52
OG0008841	As004G097710	evm.model.RL_2.104
OG0008842	As004G097730	evm.model.RL_2.102
OG0008843	As004G098060	evm.model.RL_2.153
OG0008844	As004G098280	evm.model.RL_2.180
OG0008845	As004G098350	evm.model.RL_2.188
OG0008846	As005G098680	evm.model.RL_6.2952
OG0008847	As005G098760	evm.model.RL_6.2945
OG0008848	As005G098810	evm.model.RL_6.2941
OG0008849	As005G100300	evm.model.RL_6.2814
OG0008850	As005G100380	evm.model.RL_6.2807
OG0008851	As005G100510	evm.model.RL_6.2795
OG0008852	As005G100930	evm.model.RL_6.2759
OG0008853	As005G101000	evm.model.RL_6.2752
OG0008854	As005G101330	evm.model.RL_6.2712
OG0008855	As005G101710	evm.model.RL_6.2677
OG0008856	As005G101930	evm.model.RL_6.2654
OG0008857	As005G102000	evm.model.RL_6.2646
OG0008858	As005G102080	evm.model.RL_6.2639
OG0008859	As012G286140, As005G102540	evm.model.RL_7.343
OG0008860	As005G103010	evm.model.RL_6.2544
OG0008861	As005G103150	evm.model.RL_6.2530
OG0008862	As005G103190	evm.model.RL_6.2526
OG0008863	As005G103200	evm.model.RL_6.2525
OG0008864	As005G103400	evm.model.RL_6.2505
OG0008865	As005G104000	evm.model.RL_6.2456
OG0008866	As005G104260	evm.model.RL_6.2431
OG0008867	As005G104370	evm.model.RL_7.451.5.687c84b4
OG0008868	As005G104670	evm.model.RL_6.2394
OG0008869	As005G104890	evm.model.RL_6.2364
OG0008870	As005G104920	evm.model.RL_6.2362
OG0008871	As005G104960	evm.model.RL_6.2358
OG0008872	As005G105000	evm.model.RL_4.2416
OG0008873	As005G105460	evm.model.RL_6.2312
OG0008874	As005G105770	evm.model.RL_6.2299
OG0008875	As005G106130	evm.model.RL_6.2277
OG0008876	As005G106140	evm.model.RL_6.2276
OG0008877	As005G106690	evm.model.RL_1.3088, evm.model.RL_4.3373
OG0008878	As005G106830	evm.model.RL_4.3359
OG0008879	As005G106880	evm.model.RL_4.3354
OG0008880	As005G106970, As005G106960	evm.model.RL_4.3341
OG0008881	As005G107490	evm.model.RL_4.3298
OG0008882	As005G107760	evm.model.RL_4.3266
OG0008883	As005G108060	evm.model.RL_4.3225
OG0008884	As005G108590	evm.model.RL_4.3164
OG0008885	As005G108710	evm.model.RL_4.3154
OG0008886	As005G108880	evm.model.RL_4.3137
OG0008887	As005G109250	evm.model.RL_4.3110
OG0008888	As005G109920	evm.model.RL_4.1713.1.687c86d5
OG0008889	As005G110230	evm.model.RL_4.1687
OG0008890	As005G110460	evm.model.RL_4.1682
OG0008891	As005G110610	evm.model.RL_4.1676
OG0008892	As005G111310	evm.model.RL_4.1633
OG0008893	As005G111360	evm.model.RL_4.1631
OG0008894	As005G111650	evm.model.RL_4.1674
OG0008895	As005G111820	evm.model.RL_4.1599
OG0008896	As008G192090	evm.model.RL_8.2154
OG0008897	As005G112420	evm.model.RL_4.1562
OG0008898	As005G112450	evm.model.RL_4.1560
OG0008899	As005G112710	evm.model.RL_4.1540.1.687c86d4
OG0008900	As005G112920	evm.model.RL_4.1534
OG0008901	As005G112950	evm.model.RL_4.1531
OG0008902	As005G113110	evm.model.RL_4.1520
OG0008903	As005G113320	evm.model.RL_4.1480
OG0008904	As005G113360	evm.model.RL_4.1475
OG0008905	As005G113710	evm.model.RL_4.1440
OG0008906	As005G113870	evm.model.RL_4.1422
OG0008907	As005G114030	evm.model.RL_8.2138
OG0008908	As005G114450	evm.model.RL_8.2100
OG0008909	As005G114520	evm.model.RL_8.2458
OG0008910	As005G114660	evm.model.RL_8.2071
OG0008911	As005G114670	evm.model.RL_8.2070
OG0008912	As005G114750	evm.model.RL_8.2065
OG0008913	As005G114820	evm.model.RL_8.2057
OG0008914	As005G114900	evm.model.RL_8.2053
OG0008915	As005G115290	evm.model.RL_8.2002
OG0008916	As010G224270, As005G115400	evm.model.RL_8.1989
OG0008917	As005G115610	evm.model.RL_8.2037
OG0008918	As005G115750	evm.model.RL_8.2008
OG0008919	As005G115810	evm.model.RL_8.1981.1.687c855e
OG0008920	As005G115850	evm.model.RL_8.1977
OG0008921	As005G115890	evm.model.RL_8.1973
OG0008922	As005G116720	evm.model.RL_8.2447
OG0008923	As005G116780	evm.model.RL_8.2453.1.687c8561
OG0008924	As005G116820	evm.model.RL_5.677
OG0008925	As005G116880	evm.model.RL_8.2473
OG0008926	As005G117200	evm.model.RL_8.2500
OG0008926	As005G117190	evm.model.RL_1.2564
OG0008927	As005G117330	evm.model.RL_8.2514
OG0008928	As005G117630	evm.model.RL_8.2547
OG0008929	As005G117790	evm.model.RL_8.2561
OG0008930	As005G118120	evm.model.RL_8.2587
OG0008931	As005G118210	evm.model.RL_8.2595
OG0008932	As005G118230	evm.model.RL_8.2597
OG0008933	As005G118980	evm.model.RL_8.2686
OG0008934	As005G119070	evm.model.RL_8.2696
OG0008935	As005G119240	evm.model.RL_8.2715
OG0008936	As005G119360	evm.model.RL_8.2726
OG0008937	As005G119710	evm.model.RL_8.2762
OG0008938	As005G119860	evm.model.RL_8.2777
OG0008939	As005G119870	evm.model.RL_8.2779
OG0008940	As005G120000	evm.model.RL_8.2791
OG0008941	As005G120250	evm.model.RL_8.2804
OG0008942	As005G120320	evm.model.RL_8.2811
OG0008943	As005G120350	evm.model.RL_8.2813
OG0008944	As005G120520	evm.model.RL_8.2821
OG0008945	As005G120660	evm.model.RL_8.2843
OG0008946	As005G120880	evm.model.RL_8.2863
OG0008947	As006G121320	evm.model.RL_8.85
OG0008948	As006G121330	evm.model.RL_8.2887
OG0008949	As006G121570	evm.model.RL_8.55
OG0008950	As006G121650	evm.model.RL_8.45
OG0008951	As006G121670	evm.model.RL_8.42
OG0008952	As006G121800	evm.model.RL_8.103
OG0008953	As006G122120	evm.model.RL_8.139
OG0008954	As006G122350	evm.model.RL_8.229
OG0008955	As006G122870	evm.model.RL_8.162
OG0008956	As006G122950	evm.model.RL_6.514
OG0008957	As006G123090	evm.model.RL_8.247
OG0008958	As006G123550	evm.model.RL_8.298
OG0008959	As006G123680	evm.model.RL_8.308
OG0008960	As006G123860	evm.model.RL_8.342
OG0008961	As006G123880	evm.model.RL_8.344
OG0008962	As006G124700, As006G125370	evm.model.RL_6.1420
OG0008963	As006G124740	evm.model.RL_4.487
OG0008964	As006G124760	evm.model.RL_4.490
OG0008965	As006G124970	evm.model.RL_4.515
OG0008966	As006G125010	evm.model.RL_4.529
OG0008967	As006G125410	evm.model.RL_6.1415
OG0008968	As006G125490	evm.model.RL_6.1402
OG0008969	As006G125560	evm.model.RL_6.1410
OG0008970	As006G125940	evm.model.RL_6.1372
OG0008971	As006G126000	evm.model.RL_6.1379
OG0008972	As006G126210	evm.model.RL_6.1349
OG0008973	As006G126240	evm.model.RL_6.1345
OG0008974	As006G126270	evm.model.RL_6.1341
OG0008975	As006G126750, As007G153780	evm.model.RL_5.3
OG0008977	As006G127280	evm.model.RL_6.1237
OG0008978	As006G127390	evm.model.RL_6.1223
OG0008979	As006G127540	evm.model.RL_6.1204
OG0008980	As006G127750	evm.model.RL_6.1181
OG0008981	As006G127910	evm.model.RL_6.1161, evm.model.RL_6.1162
OG0008982	As006G128240	evm.model.RL_6.1121
OG0008983	As006G128280	evm.model.RL_6.1118
OG0008985	As006G129120	evm.model.RL_6.1010
OG0008986	As006G129140	evm.model.RL_6.1008
OG0008987	As006G129300	evm.model.RL_6.995
OG0008988	As006G129340	evm.model.RL_6.992
OG0008989	As006G129590	evm.model.RL_6.968
OG0008991	As006G129880	evm.model.RL_6.940
OG0008992	As006G129950	evm.model.RL_6.931
OG0008993	As006G130070	evm.model.RL_6.910
OG0008994	As006G130350	evm.model.RL_6.874
OG0008995	As006G130360	evm.model.RL_6.872
OG0008996	As006G130760	evm.model.RL_6.804
OG0008997	As006G130820	evm.model.RL_6.816
OG0008998	As006G130860	evm.model.RL_6.823
OG0008999	As006G130940	evm.model.RL_6.837
OG0009000	As006G131400	evm.model.RL_6.795
OG0009001	As006G131550	evm.model.RL_6.575
OG0009002	As006G132080	evm.model.RL_6.491
OG0009003	As006G132180	evm.model.RL_6.490
OG0009004	As006G132280	evm.model.RL_2.2261
OG0009005	As006G132310	evm.model.RL_2.2257
OG0009006	As006G132590	evm.model.RL_2.2223
OG0009007	As006G132800	evm.model.RL_1.75
OG0009008	As006G132820	evm.model.RL_1.73
OG0009009	As006G132830	evm.model.RL_1.72
OG0009010	As006G132920, As008G184190	evm.model.RL_1.48
OG0009011	As006G132930	evm.model.RL_1.49
OG0009012	As006G133240	evm.model.RL_1.37
OG0009013	As006G134080	evm.model.RL_2.2153
OG0009014	As006G134370	evm.model.RL_2.2212
OG0009015	As006G134500	evm.model.RL_2.2199
OG0009016	As006G134920	evm.model.RL_1.111
OG0009017	As006G135170	evm.model.RL_1.129
OG0009018	As006G135550	evm.model.RL_1.171
OG0009019	As006G135610	evm.model.RL_1.178
OG0009020	As006G135840	evm.model.RL_1.205
OG0009021	As006G135930	evm.model.RL_1.214
OG0009022	As006G136080	evm.model.RL_1.229
OG0009023	As006G136150	evm.model.RL_1.236
OG0009024	As006G136160	evm.model.RL_1.237
OG0009025	As006G136460	evm.model.RL_1.261
OG0009026	As006G136720	evm.model.RL_1.286
OG0009027	As006G137270	evm.model.RL_1.320
OG0009028	As006G137330	evm.model.RL_1.327
OG0009029	As006G137340	evm.model.RL_1.328
OG0009030	As006G137480	evm.model.RL_1.346
OG0009031	As006G137660	evm.model.RL_1.360.2.687c87ea
OG0009032	As006G137830	evm.model.RL_1.377.1.687c87ea
OG0009033	As009G207100, As006G137860	evm.model.RL_1.382
OG0009034	As006G137910	evm.model.RL_1.386
OG0009035	As006G138100	evm.model.RL_1.406
OG0009036	As006G138400	evm.model.RL_1.435
OG0009037	As006G138450	evm.model.RL_1.440
OG0009038	As006G139040	evm.model.RL_1.494
OG0009039	As006G139060	evm.model.RL_1.498
OG0009040	As006G139590	evm.model.RL_1.543
OG0009041	As006G139860	evm.model.RL_1.562
OG0009042	As006G140160	evm.model.RL_1.588
OG0009043	As006G140280	evm.model.RL_1.602
OG0009044	As006G140540	evm.model.RL_1.633, evm.model.RL_1.631
OG0009045	As006G140780, As009G208470	evm.model.RL_1.650.2.687c87eb
OG0009046	As009G208490, As006G140790	evm.model.RL_4.858
OG0009047	As006G141030	evm.model.RL_1.673
OG0009048	As006G141060	evm.model.RL_1.676
OG0009049	As006G141080	evm.model.RL_1.678
OG0009050	As006G141670	evm.model.RL_1.746
OG0009051	As006G141700	evm.model.RL_6.555
OG0009052	As006G141800	evm.model.RL_3.1219, evm.model.RL_4.93
OG0009053	As006G141810	evm.model.RL_1.756
OG0009054	As006G141880	evm.model.RL_1.760.2.687c87eb
OG0009055	As006G142230	evm.model.RL_5.2274
OG0009057	As006G142350	evm.model.RL_6.2171
OG0009058	As006G142450	evm.model.RL_6.2166
OG0009059	As006G142550	evm.model.RL_6.2157
OG0009060	As006G142590	evm.model.RL_6.2153
OG0009061	As006G142720	evm.model.RL_6.2141
OG0009062	As006G143340	evm.model.RL_6.2079
OG0009063	As006G143350	evm.model.RL_6.2078
OG0009064	As006G143520	evm.model.RL_6.2065
OG0009065	As006G143720	evm.model.RL_6.2036
OG0009066	As006G143920	evm.model.RL_6.2056
OG0009067	As006G143950	evm.model.RL_6.2028
OG0009068	As006G144360	evm.model.RL_6.1982
OG0009069	As006G144370	evm.model.RL_3.1190
OG0009070	As006G144400	evm.model.RL_6.1980
OG0009071	As006G144660	evm.model.RL_6.1707
OG0009072	As006G144720	evm.model.RL_6.1713
OG0009073	As006G144740	evm.model.RL_6.1715
OG0009074	As012G276230, As006G144760	evm.model.RL_7.1114.1.687c84b8
OG0009075	As006G145080	evm.model.RL_6.1744
OG0009076	As006G145190	evm.model.RL_6.1757
OG0009077	As006G145460	evm.model.RL_6.1786
OG0009078	As006G145720	evm.model.RL_6.1803
OG0009079	As006G146050	evm.model.RL_6.1846
OG0009080	As006G146930	evm.model.RL_6.1889
OG0009081	As006G146940	evm.model.RL_6.1890
OG0009082	As006G147260	evm.model.RL_6.1968
OG0009083	As006G147310	evm.model.RL_6.1967
OG0009084	As006G147940	evm.model.RL_6.1907
OG0009085	As006G148410	evm.model.RL_6.1957
OG0009086	As006G148420	evm.model.RL_6.1940
OG0009087	As006G148610	evm.model.RL_6.1939
OG0009088	As006G148830	evm.model.RL_6.1671
OG0009089	As007G151900	evm.model.RL_5.1375
OG0009090	As007G151920	evm.model.RL_5.1377
OG0009091	As007G152000	evm.model.RL_5.1393
OG0009092	As007G152060	evm.model.RL_5.1399
OG0009093	As007G152180	evm.model.RL_5.1412
OG0009094	As007G152210	evm.model.RL_5.1418
OG0009095	As007G152440	evm.model.RL_5.1451
OG0009097	As007G152890, As007G162460	evm.model.RL_5.1487
OG0009098	As007G152980	evm.model.RL_5.1497
OG0009099	As007G153010	evm.model.RL_5.1499
OG0009100	As007G153290	evm.model.RL_5.1530
OG0009101	As007G153650, As010G241560	evm.model.RL_5.1566
OG0009102	As007G153810	evm.model.RL_5.1576
OG0009103	As007G153920	evm.model.RL_5.1578
OG0009104	As007G154080	evm.model.RL_5.1600
OG0009105	As007G154600	evm.model.RL_5.1644
OG0009106	As007G155010	evm.model.RL_5.1693
OG0009107	As007G155050	evm.model.RL_2.2137
OG0009108	As007G155070	evm.model.RL_5.1698
OG0009109	As007G155090	evm.model.RL_5.1700
OG0009110	As007G155460	evm.model.RL_5.1739
OG0009111	As007G156120	evm.model.RL_5.1820
OG0009112	As007G156130	evm.model.RL_5.1821
OG0009113	As007G156360	evm.model.RL_5.1850
OG0009114	As007G157020	evm.model.RL_8.1150
OG0009115	As007G157120	evm.model.RL_5.3633
OG0009116	As007G157770	evm.model.RL_7.960, evm.model.RL_6.405
OG0009117	As007G157910	evm.model.RL_5.3567
OG0009118	As007G158070	evm.model.RL_5.3557
OG0009119	As007G158080	evm.model.RL_5.3556
OG0009120	As007G158720	evm.model.RL_5.3495
OG0009121	As007G158730	evm.model.RL_5.3494
OG0009122	As007G159220	evm.model.RL_5.3454
OG0009123	As007G159470	evm.model.RL_5.3432
OG0009124	As007G159600	evm.model.RL_5.3421
OG0009125	As007G159690	evm.model.RL_5.3404
OG0009126	As007G160210	evm.model.RL_5.3348
OG0009127	As007G160330	evm.model.RL_5.3333
OG0009128	As007G160560	evm.model.RL_5.3310
OG0009129	As007G160610	evm.model.RL_5.3300
OG0009130	As007G160660, As010G232420	evm.model.RL_3.1317
OG0009131	As007G160770	evm.model.RL_5.3281
OG0009133	As007G161000	evm.model.RL_5.3261
OG0009134	As007G161010	evm.model.RL_5.3260
OG0009135	As007G161290	evm.model.RL_5.3231
OG0009136	As007G161320	evm.model.RL_5.3229
OG0009137	As007G161560	evm.model.RL_5.3207
OG0009138	As007G161590	evm.model.RL_5.3204
OG0009139	As007G161860	evm.model.RL_5.3181
OG0009140	As007G162090, As007G162100	evm.model.RL_5.3157
OG0009141	As007G162760	evm.model.RL_2.1944
OG0009142	As007G162940	evm.model.RL_8.1031
OG0009143	As007G162980	evm.model.RL_2.1961
OG0009144	As007G163550	evm.model.RL_2.1993
OG0009145	As007G163730	evm.model.RL_2.2004
OG0009146	As007G167100	evm.model.RL_6.427
OG0009148	As007G176810, As007G176820	evm.model.RL_6.404
OG0009149	As007G177640	evm.model.RL_6.409
OG0009150	As007G177990	evm.model.RL_6.346
OG0009151	As007G178310	evm.model.RL_6.315
OG0009152	As007G178970	evm.model.RL_6.285
OG0009153	As007G179130	evm.model.RL_6.265
OG0009154	As007G179580	evm.model.RL_6.230
OG0009155	As007G179720	evm.model.RL_6.216
OG0009156	As007G179780	evm.model.RL_7.1236
OG0009157	As007G180150	evm.model.RL_6.157
OG0009158	As007G180250	evm.model.RL_6.147
OG0009159	As007G180660	evm.model.RL_6.91
OG0009160	As007G181040	evm.model.RL_6.45
OG0009161	As007G181950	evm.model.RL_4.421, evm.model.RL_6.21
OG0009162	As008G182420	evm.model.RL_5.1354
OG0009163	As008G182670	evm.model.RL_5.1329
OG0009164	As008G182780	evm.model.RL_5.1312
OG0009165	As008G183180	evm.model.RL_5.1261
OG0009166	As008G183270	evm.model.RL_5.1259
OG0009167	As008G183440	evm.model.RL_5.1240
OG0009168	As008G183960	evm.model.RL_5.1180
OG0009169	As008G183980	evm.model.RL_5.1183
OG0009170	As008G184350	evm.model.RL_5.1155
OG0009171	As008G184880	evm.model.RL_5.1100
OG0009172	As008G185600	evm.model.RL_5.1049
OG0009173	As008G185680	evm.model.RL_5.1038
OG0009174	As008G186050	evm.model.RL_5.1003
OG0009175	As008G186790	evm.model.RL_5.941
OG0009176	As008G186830	evm.model.RL_5.939
OG0009177	As008G186930	evm.model.RL_5.931.1.687c88b0
OG0009178	As008G187340	evm.model.RL_5.888
OG0009179	As008G187540	evm.model.RL_5.845
OG0009180	As008G187640	evm.model.RL_5.854
OG0009181	As008G188250	evm.model.RL_5.812
OG0009182	As008G188450	evm.model.RL_5.793
OG0009183	As008G188540	evm.model.RL_5.525
OG0009184	As008G188920	evm.model.RL_5.770.2.687c88af
OG0009185	As008G189090	evm.model.RL_5.759
OG0009186	As008G189310	evm.model.RL_4.1658
OG0009187	As008G189380	evm.model.RL_5.743
OG0009188	As008G189500	evm.model.RL_5.738
OG0009189	As008G189850	evm.model.RL_5.718
OG0009190	As008G189870	evm.model.RL_5.719
OG0009191	As008G190010	evm.model.RL_5.721.2.687c88ae
OG0009192	As008G190070	evm.model.RL_5.723
OG0009193	As008G190600	evm.model.RL_5.711
OG0009194	As008G190940	evm.model.RL_5.703.1.687c88ae.1.687c9b4c
OG0009195	As008G191250	evm.model.RL_5.649
OG0009196	As008G191310	evm.model.RL_5.691
OG0009197	As008G192130	evm.model.RL_5.617
OG0009198	As008G192730	evm.model.RL_5.595
OG0009199	As008G193010	evm.model.RL_5.571
OG0009200	As008G193650	evm.model.RL_5.503
OG0009201	As008G193700	evm.model.RL_5.497
OG0009202	As008G193870	evm.model.RL_5.487
OG0009203	As008G193910	evm.model.RL_5.484
OG0009205	As008G194430	evm.model.RL_5.436
OG0009206	As008G194920	evm.model.RL_5.401
OG0009207	As008G194930	evm.model.RL_5.398
OG0009208	As008G195010	evm.model.RL_5.385
OG0009209	As008G195110, As010G244040	evm.model.RL_3.2456
OG0009210	As008G195560	evm.model.RL_5.349
OG0009211	As008G195710	evm.model.RL_5.334
OG0009213	As008G196040	evm.model.RL_5.305
OG0009214	As008G196300	evm.model.RL_5.284
OG0009215	As008G196590	evm.model.RL_5.257
OG0009216	As008G197030	evm.model.RL_5.207
OG0009217	As008G197410	evm.model.RL_5.169
OG0009218	As008G197490	evm.model.RL_5.160
OG0009219	As008G197680	evm.model.RL_5.136
OG0009220	As008G197910, As008G198100	evm.model.RL_5.110
OG0009221	As008G198030	evm.model.RL_5.100
OG0009222	As008G198230	evm.model.RL_5.78
OG0009224	As008G198410	evm.model.RL_5.68.1.687c88a9
OG0009225	As008G198510	evm.model.RL_5.56
OG0009226	As008G198580	evm.model.RL_5.49
OG0009227	As008G198620	evm.model.RL_5.43
OG0009228	As008G198690	evm.model.RL_5.10
OG0009229	As008G199110	evm.model.RL_8.69, evm.model.RL_8.2881
OG0009230	As008G199460	evm.model.RL_8.2912
OG0009231	As008G199630	evm.model.RL_8.2923
OG0009232	As009G199790	evm.model.RL_4.2229
OG0009233	As009G199840	evm.model.RL_4.2223
OG0009235	As009G200290	evm.model.RL_4.2216
OG0009236	As009G200650	evm.model.RL_4.2142
OG0009237	As009G200690	evm.model.RL_4.2136
OG0009238	As009G200750	evm.model.RL_4.2129.2.687c86d7
OG0009239	As009G200890	evm.model.RL_4.2074
OG0009240	As009G201180	evm.model.RL_4.2094
OG0009241	As009G201350	evm.model.RL_4.2109
OG0009242	As009G201560	evm.model.RL_4.2061
OG0009243	As009G202040	evm.model.RL_4.2025
OG0009244	As009G202110	evm.model.RL_4.2018
OG0009245	As009G202630	evm.model.RL_4.1971.1.687c86d6
OG0009246	As009G202710	evm.model.RL_4.1964
OG0009247	As009G202960	evm.model.RL_4.1933
OG0009248	As009G203050	evm.model.RL_4.1925
OG0009249	As009G203530	evm.model.RL_4.1885
OG0009250	As009G204000	evm.model.RL_4.1837
OG0009251	As009G204710	evm.model.RL_4.1765
OG0009252	As009G204800	evm.model.RL_4.1758
OG0009253	As009G205120	evm.model.RL_4.1724
OG0009254	As009G205130	evm.model.RL_4.1723
OG0009255	As009G206510	evm.model.RL_4.1036
OG0009257	As009G207300, As009G207960	evm.model.RL_4.882
OG0009259	As009G207900	evm.model.RL_4.887
OG0009260	As009G208150	evm.model.RL_4.874
OG0009261	As009G208170	evm.model.RL_4.871
OG0009262	As009G210270	evm.model.RL_4.2263
OG0009263	As009G210410	evm.model.RL_4.2269
OG0009264	As009G210690	evm.model.RL_4.2862
OG0009265	As009G210710	evm.model.RL_4.2860
OG0009267	As009G211490	evm.model.RL_4.2245
OG0009268	As009G211750	evm.model.RL_4.2875.1.687c86db
OG0009269	As009G211780	evm.model.RL_4.2878
OG0009270	As009G212010	evm.model.RL_4.2291
OG0009271	As009G212450	evm.model.RL_4.2919
OG0009272	As009G212460	evm.model.RL_4.2920.2.687c86dc
OG0009273	As009G212660	evm.model.RL_4.2938
OG0009274	As009G212700	evm.model.RL_4.2942
OG0009275	As009G212950	evm.model.RL_4.2961
OG0009276	As009G213350	evm.model.RL_4.3004
OG0009277	As009G213860	evm.model.RL_4.3014
OG0009278	As009G213890	evm.model.RL_4.3017
OG0009279	As009G214220	evm.model.RL_4.3036
OG0009280	As009G214270	evm.model.RL_4.3058
OG0009281	As009G215050	evm.model.RL_4.1189
OG0009282	As009G215100	evm.model.RL_4.1170
OG0009283	As009G215260	evm.model.RL_4.1185
OG0009284	As009G215360	evm.model.RL_4.1199
OG0009285	As009G215430	evm.model.RL_4.1212
OG0009286	As009G215500	evm.model.RL_4.1222
OG0009287	As009G215670	evm.model.RL_4.1231
OG0009288	As009G215690	evm.model.RL_4.1233
OG0009289	As009G215870	evm.model.RL_4.1256
OG0009290	As009G215930	evm.model.RL_4.1262
OG0009291	As009G215990	evm.model.RL_7.901
OG0009292	As009G216000	evm.model.RL_4.1267
OG0009293	As009G216200	evm.model.RL_4.1283
OG0009294	As009G216710	evm.model.RL_4.1337
OG0009295	As009G217070	evm.model.RL_4.1375
OG0009296	As009G217120	evm.model.RL_4.1385
OG0009297	As009G217170	evm.model.RL_4.1392
OG0009298	As009G217190	evm.model.RL_4.1395
OG0009299	As009G217340	evm.model.RL_4.1408
OG0009300	As009G217800	evm.model.RL_8.2185
OG0009301	As009G218320	evm.model.RL_8.2250
OG0009302	As009G218440	evm.model.RL_8.2263
OG0009304	As009G219350, As010G223030	evm.model.RL_7.1563
OG0009305	As009G219410	evm.model.RL_8.2376
OG0009306	As009G219580	evm.model.RL_8.1957
OG0009307	As009G219970	evm.model.RL_8.1915
OG0009308	As010G220370	evm.model.RL_7.1256
OG0009309	As010G220390	evm.model.RL_7.1261
OG0009310	As010G220400	evm.model.RL_7.1263_evm.model.RL_7.1266
OG0009311	As010G220520	evm.model.RL_7.1282
OG0009313	As010G220860	evm.model.RL_7.1318
OG0009314	As010G220970	evm.model.RL_7.1332
OG0009315	As010G221350	evm.model.RL_7.1402
OG0009316	As010G221380	evm.model.RL_7.1400
OG0009317	As010G221400	evm.model.RL_7.1398
OG0009318	As010G221660	evm.model.RL_7.1437
OG0009319	As010G222050	evm.model.RL_7.1466
OG0009320	As010G222170	evm.model.RL_7.1478
OG0009321	As010G222430	evm.model.RL_7.1511
OG0009322	As010G222580	evm.model.RL_7.1525
OG0009323	As010G222710	evm.model.RL_7.1534
OG0009324	As010G222780, As010G222770	evm.model.RL_7.1541
OG0009325	As010G223160	evm.model.RL_7.1581
OG0009326	As010G223290	evm.model.RL_7.1590
OG0009327	As010G223700	evm.model.RL_7.1648
OG0009328	As010G226210	evm.model.RL_7.1912
OG0009329	As010G226500	evm.model.RL_7.1953
OG0009330	As010G226860	evm.model.RL_2.2825
OG0009331	As010G227410	evm.model.RL_7.2036
OG0009332	As010G228440	evm.model.RL_3.1108
OG0009333	As010G230630	evm.model.RL_3.1110.3.687c84bb
OG0009334	As010G231180	evm.model.RL_3.1244
OG0009335	As010G231380	evm.model.RL_3.1270
OG0009336	As010G231550	evm.model.RL_3.1259
OG0009337	As010G232020	evm.model.RL_3.1290
OG0009338	As010G232270	evm.model.RL_3.1308
OG0009339	As010G232390	evm.model.RL_3.1315
OG0009340	As010G232590	evm.model.RL_3.1336
OG0009341	As010G232790	evm.model.RL_6.716
OG0009342	As010G232850	evm.model.RL_3.1374
OG0009344	As010G233030	evm.model.RL_3.1395
OG0009345	As010G233310	evm.model.RL_3.1432
OG0009346	As010G233620	evm.model.RL_3.1461.1.687c84bc
OG0009348	As010G234210	evm.model.RL_3.1540, evm.model.RL_3.1474
OG0009350	As010G234680	evm.model.RL_3.1582
OG0009351	As010G234770	evm.model.RL_3.1588
OG0009352	As010G235040	evm.model.RL_3.1608
OG0009353	As010G235110	evm.model.RL_3.1615
OG0009354	As010G235120	evm.model.RL_3.1616
OG0009355	As010G235130	evm.model.RL_3.1617
OG0009356	As010G235220	evm.model.RL_3.2220
OG0009357	As010G236180	evm.model.RL_3.2134
OG0009358	As010G236250	evm.model.RL_3.2126
OG0009359	As010G236430	evm.model.RL_3.2108
OG0009360	As010G236460	evm.model.RL_1.2046
OG0009361	As010G236520	evm.model.RL_3.2099
OG0009362	As010G236590	evm.model.RL_3.2095
OG0009363	As010G237810	evm.model.RL_3.1981
OG0009364	As010G238360	evm.model.RL_3.1934
OG0009365	As010G238610	evm.model.RL_3.1908
OG0009366	As010G238630	evm.model.RL_3.1906
OG0009367	As010G239000	evm.model.RL_3.1866
OG0009368	As010G239030	evm.model.RL_3.1864
OG0009369	As010G239050	evm.model.RL_3.1862
OG0009370	As010G239700	evm.model.RL_3.1792
OG0009371	As010G240080	evm.model.RL_3.1765
OG0009372	As010G240120	evm.model.RL_5.1654
OG0009373	As010G240130	evm.model.RL_3.1759
OG0009377	As010G240790	evm.model.RL_3.1703
OG0009378	As010G241100	evm.model.RL_3.1656
OG0009379	As010G241190	evm.model.RL_3.1652
OG0009381	As010G241310	evm.model.RL_3.1638
OG0009382	As010G241470	evm.model.RL_3.1623
OG0009383	As010G241610	evm.model.RL_3.2231
OG0009384	As010G241650	evm.model.RL_3.2237
OG0009385	As010G241670	evm.model.RL_3.2241
OG0009386	As010G241980	evm.model.RL_3.2254
OG0009387	As010G242010	evm.model.RL_3.2257
OG0009388	As010G242030	evm.model.RL_3.2262
OG0009389	As010G242110	evm.model.RL_3.2275
OG0009390	As010G242300	evm.model.RL_3.2299
OG0009391	As010G242490	evm.model.RL_3.2315
OG0009392	As010G243160	evm.model.RL_3.2376
OG0009393	As010G243180	evm.model.RL_3.2378
OG0009394	As010G243320	evm.model.RL_3.2386
OG0009395	As010G243620	evm.model.RL_3.2422
OG0009396	As010G243980	evm.model.RL_3.2452
OG0009397	As010G244080	evm.model.RL_3.2460
OG0009398	As010G244290	evm.model.RL_3.2482
OG0009399	As010G244310	evm.model.RL_3.2484
OG0009400	As010G244450	evm.model.RL_3.2496
OG0009401	As011G244680	evm.model.RL_1.1178
OG0009402	As011G244840	evm.model.RL_1.1198
OG0009403	As011G244890	evm.model.RL_1.1207
OG0009404	As011G244900	evm.model.RL_1.1209
OG0009405	As011G245090	evm.model.RL_1.1231
OG0009406	As011G245260	evm.model.RL_1.1245
OG0009407	As011G245500	evm.model.RL_1.1263
OG0009408	As011G245700	evm.model.RL_1.1290
OG0009409	As011G246350	evm.model.RL_1.1349
OG0009410	As011G246370	evm.model.RL_1.1354
OG0009411	As011G246460	evm.model.RL_1.1363
OG0009412	As011G246510	evm.model.RL_1.1368
OG0009413	As011G246710	evm.model.RL_1.1377
OG0009414	As011G246840	evm.model.RL_1.1390
OG0009415	As011G246860	evm.model.RL_1.1392
OG0009416	As011G247180	evm.model.RL_1.1424
OG0009417	As011G247210	evm.model.RL_1.1427
OG0009418	As011G247230	evm.model.RL_1.1429
OG0009420	As011G247980	evm.model.RL_1.1502
OG0009421	As011G248000	evm.model.RL_1.1504
OG0009422	As011G248030	evm.model.RL_1.1508
OG0009423	As011G248050	evm.model.RL_1.1510
OG0009424	As011G248300	evm.model.RL_1.1535
OG0009425	As011G248320	evm.model.RL_1.1539
OG0009426	As011G248370	evm.model.RL_1.1548, evm.model.RL_1.1552, evm.model.RL_1.1544
OG0009427	As011G249000	evm.model.RL_1.1606
OG0009428	As011G249040	evm.model.RL_1.1610
OG0009429	As011G249060	evm.model.RL_1.1611
OG0009430	As011G249350	evm.model.RL_1.1645
OG0009431	As011G249400	evm.model.RL_1.1654
OG0009432	As012G276930, As011G249410	evm.model.RL_1.1655
OG0009433	As011G249500	evm.model.RL_8.92
OG0009434	As011G249700, As012G273820	evm.model.RL_1.1681
OG0009435	As011G250100	evm.model.RL_1.1717
OG0009436	As011G250330	evm.model.RL_1.1736
OG0009437	As011G250440	evm.model.RL_1.1749
OG0009438	As011G250680	evm.model.RL_1.1770
OG0009439	As011G250720	evm.model.RL_1.1774
OG0009440	As011G251070	evm.model.RL_1.1804
OG0009442	As011G251590	evm.model.RL_1.1854
OG0009443	As011G251600	evm.model.RL_1.1855
OG0009444	As011G252010	evm.model.RL_1.1908
OG0009445	As011G252060	evm.model.RL_1.1916
OG0009446	As011G252580	evm.model.RL_1.1950
OG0009447	As011G252730	evm.model.RL_1.1965
OG0009448	As011G252750	evm.model.RL_1.1967
OG0009449	As011G252840	evm.model.RL_1.1977
OG0009450	As011G253130	evm.model.RL_1.2013
OG0009451	As011G253280	evm.model.RL_1.2035
OG0009452	As011G253770	evm.model.RL_1.2092
OG0009453	As011G254280	evm.model.RL_1.2138
OG0009454	As011G254450	evm.model.RL_1.2152
OG0009455	As011G254840	evm.model.RL_1.2186
OG0009456	As011G255370	evm.model.RL_1.2241
OG0009457	As011G255380	evm.model.RL_1.2242
OG0009458	As011G257650	evm.model.RL_1.2409
OG0009459	As011G259020	evm.model.RL_8.1244
OG0009460	As011G259660	evm.model.RL_1.2582
OG0009461	As011G259670	evm.model.RL_1.2576
OG0009462	As011G260590	evm.model.RL_1.2596
OG0009463	As011G260720	evm.model.RL_1.2614
OG0009464	As011G260730	evm.model.RL_1.2615
OG0009465	As011G260910	evm.model.RL_1.2623
OG0009466	As011G262610	evm.model.RL_4.2396
OG0009468	As011G262880	evm.model.RL_1.2781
OG0009469	As011G262910	evm.model.RL_1.2779
OG0009470	As011G262920	evm.model.RL_1.2778
OG0009471	As011G264240	evm.model.RL_1.2899
OG0009472	As011G264430	evm.model.RL_1.2929
OG0009473	As011G264460	evm.model.RL_1.2933
OG0009474	As011G264840	evm.model.RL_1.2972
OG0009475	As011G265230	evm.model.RL_1.3032
OG0009476	As011G265820	evm.model.RL_1.3100
OG0009477	As011G266250	evm.model.RL_1.3134
OG0009478	As011G266970	evm.model.RL_1.3204
OG0009479	As011G266990	evm.model.RL_1.3205.4.687c87f1
OG0009480	As011G267060	evm.model.RL_1.3209
OG0009481	As011G267130	evm.model.RL_1.3222
OG0009482	As011G267450	evm.model.RL_1.3279
OG0009483	As012G267870	evm.model.RL_5.3980
OG0009484	As012G268740	evm.model.RL_5.3913
OG0009485	As012G268870	evm.model.RL_5.3899
OG0009486	As012G269250	evm.model.RL_5.3866
OG0009487	As012G269450	evm.model.RL_5.3843
OG0009488	As012G269470	evm.model.RL_5.3841
OG0009489	As012G269690	evm.model.RL_5.3806
OG0009490	As012G269960	evm.model.RL_5.3775
OG0009491	As012G270110	evm.model.RL_5.3759
OG0009492	As012G270180	evm.model.RL_5.3751
OG0009493	As012G270670	evm.model.RL_5.3708
OG0009494	As012G271610	evm.model.RL_5.1969
OG0009495	As012G271760	evm.model.RL_5.1951
OG0009496	As012G272230	evm.model.RL_5.2008
OG0009497	As012G272380	evm.model.RL_5.2024
OG0009498	As012G272420	evm.model.RL_5.2029
OG0009499	As012G272570	evm.model.RL_4.2255
OG0009500	As012G272670	evm.model.RL_5.2057
OG0009501	As012G272770	evm.model.RL_5.2068
OG0009502	As012G272800	evm.model.RL_5.2071
OG0009503	As012G273070	evm.model.RL_7.101
OG0009504	As012G273290	evm.model.RL_5.2114
OG0009505	As012G273320	evm.model.RL_5.2118
OG0009506	As012G273350	evm.model.RL_5.2121
OG0009507	As012G275130	evm.model.RL_6.1554
OG0009508	As012G275230	evm.model.RL_6.1549
OG0009509	As012G275440	evm.model.RL_6.1529
OG0009510	As012G275450	evm.model.RL_7.1199
OG0009511	As012G275640	evm.model.RL_7.1178.1.687c84b8
OG0009512	As012G275710	evm.model.RL_7.1171
OG0009513	As012G276410	evm.model.RL_7.1100
OG0009514	As012G276710	evm.model.RL_7.1071
OG0009515	As012G276780	evm.model.RL_7.1073_evm.model.RL_7.1076
OG0009516	As012G277230	evm.model.RL_7.1039
OG0009517	As012G277710	evm.model.RL_7.995
OG0009518	As012G278120	evm.model.RL_7.976
OG0009519	As012G278300	evm.model.RL_7.970
OG0009520	As012G278580	evm.model.RL_7.966
OG0009521	As012G279180, As012G279190	evm.model.RL_7.1222
OG0009522	As012G279430	evm.model.RL_1.714
OG0009523	As012G279850	evm.model.RL_4.699
OG0009524	As012G280040	evm.model.RL_7.910
OG0009525	As012G280100	evm.model.RL_7.843
OG0009526	As012G280400	evm.model.RL_6.2002
OG0009527	As012G280410	evm.model.RL_7.900
OG0009528	As012G280980	evm.model.RL_7.886
OG0009529	As012G281780	evm.model.RL_7.826
OG0009530	As012G282470	evm.model.RL_7.765
OG0009531	As012G282490	evm.model.RL_7.763
OG0009532	As012G282690	evm.model.RL_7.739
OG0009533	As012G282790	evm.model.RL_7.747
OG0009534	As012G283440	evm.model.RL_7.671
OG0009535	As012G283500	evm.model.RL_7.667
OG0009536	As012G283600	evm.model.RL_7.660
OG0009537	As012G284410	evm.model.RL_7.554
OG0009538	As012G284550	evm.model.RL_7.538
OG0009539	As012G284620	evm.model.RL_7.533
OG0009540	As012G285050	evm.model.RL_7.482
OG0009541	As012G285150	evm.model.RL_7.458
OG0009542	As012G285350	evm.model.RL_7.427
OG0009543	As012G285500	evm.model.RL_7.412.1.687c84b4
OG0009544	As012G286210	evm.model.RL_4.1370
OG0009545	As012G286640	evm.model.RL_7.316
OG0009546	As012G286650	evm.model.RL_7.314
OG0009547	As012G286810	evm.model.RL_7.296
OG0009548	As012G287120	evm.model.RL_7.261
OG0009549	As012G287300	evm.model.RL_7.246
OG0009550	As012G287320	evm.model.RL_7.244
OG0009551	As012G287580	evm.model.RL_7.211
OG0009552	As012G288340	evm.model.RL_7.123
OG0009553	As012G288350	evm.model.RL_7.122
OG0009554	As012G288980	evm.model.RL_7.53
OG0009555	As012G289080	evm.model.RL_7.42
OG0009556	As012G289170	evm.model.RL_7.36
OG0009557	As012G289460	evm.model.RL_7.282, evm.model.RL_7.2649
OG0009635	As011G267520	evm.model.RL_1.3268
OG0009636	As001G000990, As003G056310	evm.model.RL_2.1344
OG0009637	As001G001220, As009G211040	evm.model.RL_2.2462
OG0009638	As001G001430	evm.model.RL_2.2484
OG0009639	As001G001670	evm.model.RL_2.2498
OG0009640	As001G001770	evm.model.RL_2.2509
OG0009641	As001G002120	evm.model.RL_2.2532
OG0009642	As001G002360	evm.model.RL_2.2549
OG0009643	As009G214200, As001G002400	evm.model.RL_8.686
OG0009644	As001G002840	evm.model.RL_4.1656.2.687c86d5
OG0009645	As001G002950	evm.model.RL_2.2589
OG0009646	As001G003310	evm.model.RL_2.2614
OG0009647	As001G003360	evm.model.RL_5.2229
OG0009648	As001G003970	evm.model.RL_2.2682
OG0009649	As001G004990	evm.model.RL_2.2759
OG0009650	As001G005880	evm.model.RL_2.2802
OG0009651	As001G006070	evm.model.RL_2.2750, evm.model.RL_2.2796
OG0009652	As001G006750	evm.model.RL_2.2829
OG0009653	As001G010190	evm.model.RL_2.2856
OG0009654	As001G012040, As001G012030	evm.model.RL_4.1533
OG0009655	As001G012270	evm.model.RL_2.2890
OG0009656	As001G012360	evm.model.RL_2.2894
OG0009657	As001G013740	evm.model.RL_2.2916
OG0009658	As001G013800	evm.model.RL_2.530
OG0009658	As011G262930	evm.model.RL_1.2777
OG0009659	As001G013920	evm.model.RL_2.2956
OG0009660	As001G014760	evm.model.RL_2.3018
OG0009661	As001G014840	evm.model.RL_2.3029
OG0009662	As001G015030	evm.model.RL_4.1446
OG0009663	As001G015490	evm.model.RL_2.3047
OG0009664	As001G015670	evm.model.RL_5.2832
OG0009665	As001G016100, As001G016130, As001G016150, As001G016080	evm.model.RL_5.2789
OG0009666	As001G016360	evm.model.RL_5.2771
OG0009667	As001G016380	evm.model.RL_5.2770
OG0009668	As001G016450	evm.model.RL_5.2763
OG0009669	As001G016810	evm.model.RL_8.136, evm.model.RL_5.2726
OG0009670	As001G016890	evm.model.RL_5.2724
OG0009671	As001G016980	evm.model.RL_5.2713
OG0009672	As001G017070	evm.model.RL_5.2703
OG0009673	As001G017110	evm.model.RL_2.1805, evm.model.RL_2.1800
OG0009674	As001G017130, As004G079770	evm.model.RL_5.2696
OG0009675	As001G017170	evm.model.RL_5.2695
OG0009676	As001G017180	evm.model.RL_5.2691
OG0009677	As001G017200	evm.model.RL_5.2688
OG0009678	As001G017420	evm.model.RL_2.1253
OG0009679	As001G017450	evm.model.RL_2.1251
OG0009680	As001G018100	evm.model.RL_2.1193
OG0009681	As001G018310	evm.model.RL_2.1180
OG0009682	As001G018940	evm.model.RL_3.701
OG0009683	As001G019220	evm.model.RL_3.641
OG0009684	As001G019250	evm.model.RL_3.637
OG0009686	As001G019540	evm.model.RL_3.597
OG0009687	As001G019710	evm.model.RL_3.566
OG0009688	As008G187290, As001G020180	evm.model.RL_3.521
OG0009689	As001G020190, As001G020200	evm.model.RL_3.523
OG0009690	As001G020470	evm.model.RL_3.494.2.687c84ba
OG0009691	As001G021370, As001G021300	evm.model.RL_3.410
OG0009692	As009G211840, As001G021390	evm.model.RL_3.416, evm.model.RL_3.412
OG0009693	As001G021930	evm.model.RL_3.308
OG0009694	As001G022310	evm.model.RL_7.2667
OG0009695	As001G022480	evm.model.RL_7.2682
OG0009696	As001G022500	evm.model.RL_7.2684
OG0009697	As001G022550	evm.model.RL_7.2687
OG0009698	As001G022560	evm.model.RL_5.1352
OG0009699	As001G022610	evm.model.RL_7.2692, evm.model.RL_7.2693
OG0009700	As001G022760	evm.model.RL_7.2706
OG0009701	As008G182830, As001G023290	evm.model.RL_5.1305
OG0009702	As001G023360	evm.model.RL_7.2601
OG0009703	As001G023870	evm.model.RL_7.2551
OG0009705	As001G024390	evm.model.RL_7.2492
OG0009706	As001G024410	evm.model.RL_7.2490
OG0009707	As001G024720	evm.model.RL_7.2450
OG0009710	As001G025370	evm.model.RL_7.2377
OG0009711	As001G025460	evm.model.RL_7.2369
OG0009712	As001G025650	evm.model.RL_7.2351
OG0009713	As001G025660	evm.model.RL_7.2350
OG0009714	As001G026360	evm.model.RL_7.2272
OG0009715	As001G026600	evm.model.RL_7.2252
OG0009716	As001G027450	evm.model.RL_7.2146
OG0009717	As001G027470	evm.model.RL_5.2238
OG0009718	As001G027540	evm.model.RL_7.2141
OG0009719	As001G027780	evm.model.RL_7.2196
OG0009720	As001G027960	evm.model.RL_7.2070, evm.model.RL_7.1889
OG0009721	As001G027970	evm.model.RL_7.2069
OG0009722	As001G028070	evm.model.RL_2.332
OG0009723	As001G028330	evm.model.RL_2.626
OG0009724	As001G028340	evm.model.RL_3.1090
OG0009725	As001G028740	evm.model.RL_3.1023
OG0009726	As001G029100	evm.model.RL_3.984
OG0009727	As001G029130	evm.model.RL_3.973
OG0009728	As001G029400	evm.model.RL_3.931
OG0009729	As001G029460	evm.model.RL_3.924
OG0009730	As001G029470	evm.model.RL_3.921
OG0009731	As001G029660	evm.model.RL_3.801
OG0009732	As001G029700	evm.model.RL_3.852
OG0009734	As001G030310	evm.model.RL_3.16
OG0009735	As001G030340	evm.model.RL_3.18
OG0009736	As001G030500	evm.model.RL_3.33
OG0009738	As001G030870	evm.model.RL_3.79
OG0009739	As001G031020	evm.model.RL_3.95
OG0009740	As001G031150	evm.model.RL_3.117, evm.model.RL_3.123
OG0009741	As001G031560	evm.model.RL_3.176
OG0009742	As001G031710	evm.model.RL_3.192
OG0009743	As001G031730	evm.model.RL_5.1114.1.687c88b2
OG0009744	As001G032270	evm.model.RL_3.265
OG0009745	As002G032450	evm.model.RL_6.49
OG0009746	As002G032570	evm.model.RL_2.2104
OG0009747	As002G032640	evm.model.RL_2.2118
OG0009749	As002G033160	evm.model.RL_6.2247
OG0009750	As002G033590	evm.model.RL_6.2215
OG0009751	As002G033610	evm.model.RL_6.2213
OG0009752	As002G033630	evm.model.RL_6.2211
OG0009753	As002G033650	evm.model.RL_6.2209
OG0009754	As002G033690	evm.model.RL_6.2205
OG0009755	As002G033700	evm.model.RL_6.2204
OG0009756	As002G034150, As002G034120	evm.model.RL_1.836
OG0009757	As002G034470, As002G034560, As002G034630	evm.model.RL_1.875
OG0009758	As002G035300	evm.model.RL_1.920, evm.model.RL_1.870.1.687c87eb
OG0009759	As002G036030	evm.model.RL_1.967
OG0009761	As002G036850	evm.model.RL_1.1021
OG0009762	As002G037130	evm.model.RL_1.1038
OG0009763	As002G037850	evm.model.RL_1.1098
OG0009764	As002G038830	evm.model.RL_1.1133
OG0009765	As002G040280	evm.model.RL_1.2909
OG0009767	As002G041820	evm.model.RL_8.1120
OG0009768	As002G041860	evm.model.RL_8.1122
OG0009769	As002G041980	evm.model.RL_8.1134
OG0009770	As002G042120	evm.model.RL_8.1140
OG0009771	As002G042740	evm.model.RL_8.1198
OG0009772	As002G043120	evm.model.RL_8.1222
OG0009773	As002G043130	evm.model.RL_8.1223
OG0009774	As002G043360	evm.model.RL_8.1241
OG0009775	As002G043400	evm.model.RL_8.1247.2.687c855a
OG0009776	As002G043420	evm.model.RL_4.2246
OG0009777	As002G043720	evm.model.RL_8.1282
OG0009778	As002G043920	evm.model.RL_8.1303
OG0009779	As002G044040	evm.model.RL_8.1316
OG0009780	As002G044130	evm.model.RL_8.1325
OG0009781	As002G044180	evm.model.RL_8.1333
OG0009782	As002G044290	evm.model.RL_8.1349
OG0009783	As002G044610	evm.model.RL_8.1378
OG0009784	As002G044660	evm.model.RL_8.1384
OG0009785	As002G044680	evm.model.RL_8.1386
OG0009786	As002G044700	evm.model.RL_8.1429
OG0009787	As002G044750	evm.model.RL_8.1420
OG0009788	As002G044800	evm.model.RL_8.1415
OG0009789	As002G045070	evm.model.RL_8.1432
OG0009790	As002G045320	evm.model.RL_8.1450
OG0009792	As002G045710	evm.model.RL_8.1477
OG0009793	As002G045760	evm.model.RL_8.1472
OG0009794	As002G045840	evm.model.RL_8.1464
OG0009795	As002G046060	evm.model.RL_8.1522
OG0009796	As002G046380	evm.model.RL_8.1547
OG0009797	As002G046480	evm.model.RL_8.1564
OG0009798	As002G046850	evm.model.RL_8.1597
OG0009799	As002G046990	evm.model.RL_8.1606
OG0009800	As002G047380	evm.model.RL_8.1644
OG0009801	As002G047470	evm.model.RL_8.1654
OG0009802	As002G047580	evm.model.RL_8.1663.1.687c97c1
OG0009803	As002G048050	evm.model.RL_8.1706
OG0009804	As002G048190	evm.model.RL_8.1720
OG0009805	As002G048260	evm.model.RL_8.1731
OG0009808	As002G048640	evm.model.RL_8.1775
OG0009809	As002G049220	evm.model.RL_8.1830
OG0009810	As002G049380	evm.model.RL_8.1846
OG0009811	As002G049420	evm.model.RL_8.1850
OG0009812	As002G049450	evm.model.RL_8.1853
OG0009813	As002G049820	evm.model.RL_8.1877
OG0009814	As002G049900	evm.model.RL_8.1885
OG0009815	As002G049920	evm.model.RL_8.1887
OG0009816	As002G050040	evm.model.RL_7.2
OG0009817	As002G050200	evm.model.RL_5.2312
OG0009818	As002G050470	evm.model.RL_4.2306
OG0009819	As002G050500	evm.model.RL_4.2309
OG0009820	As002G050970	evm.model.RL_4.2357
OG0009821	As002G050990	evm.model.RL_4.2359
OG0009822	As002G051010	evm.model.RL_4.2361
OG0009823	As002G051020	evm.model.RL_4.2362
OG0009824	As002G051130	evm.model.RL_4.2373
OG0009825	As002G051230	evm.model.RL_4.2384
OG0009826	As002G051260	evm.model.RL_4.2387
OG0009827	As002G051330	evm.model.RL_4.2397
OG0009828	As002G051720	evm.model.RL_4.2435
OG0009829	As002G051770	evm.model.RL_4.2439
OG0009830	As002G052170	evm.model.RL_4.2481
OG0009831	As002G052250	evm.model.RL_4.2489
OG0009832	As002G052330	evm.model.RL_4.2498
OG0009833	As002G052390	evm.model.RL_4.2504
OG0009834	As002G052900, As002G052890	evm.model.RL_4.2539
OG0009835	As002G053130	evm.model.RL_4.2559
OG0009836	As002G053750	evm.model.RL_4.2637
OG0009837	As002G053760	evm.model.RL_8.2517
OG0009838	As002G053960	evm.model.RL_4.2656
OG0009839	As002G054340	evm.model.RL_4.2695, evm.model.RL_4.3
OG0009840	As002G054480	evm.model.RL_4.2706
OG0009841	As002G054820	evm.model.RL_4.2747
OG0009842	As002G054900	evm.model.RL_4.2756
OG0009843	As002G055110	evm.model.RL_4.2781
OG0009844	As002G055280	evm.model.RL_4.2799
OG0009845	As003G055690	evm.model.RL_7.1619
OG0009846	As003G055840	evm.model.RL_2.1300
OG0009847	As003G056160	evm.model.RL_2.1332
OG0009848	As003G056710	evm.model.RL_2.1389
OG0009849	As003G056730	evm.model.RL_2.1391
OG0009850	As003G056890	evm.model.RL_2.1402
OG0009851	As003G057180	evm.model.RL_2.1430
OG0009852	As003G057380	evm.model.RL_2.1451.3.687c86e3
OG0009853	As003G057640	evm.model.RL_2.1479
OG0009854	As003G057760	evm.model.RL_2.1494
OG0009855	As003G058110	evm.model.RL_2.1539
OG0009856	As003G059000	evm.model.RL_2.1615
OG0009857	As003G059080	evm.model.RL_2.1626
OG0009858	As003G059810	evm.model.RL_2.1684
OG0009859	As003G059980	evm.model.RL_2.1699
OG0009860	As003G061010	evm.model.RL_2.1813
OG0009861	As003G061030	evm.model.RL_2.1815
OG0009862	As003G061410	evm.model.RL_2.1856
OG0009863	As003G061500	evm.model.RL_2.1863
OG0009864	As003G061550, As003G061530, As003G061540	evm.model.RL_2.1866
OG0009865	As003G062180	evm.model.RL_2.1924.1.687c86e4
OG0009866	As003G062290	evm.model.RL_5.2684
OG0009867	As003G063000	evm.model.RL_5.2597
OG0009868	As003G063240	evm.model.RL_5.2557
OG0009869	As003G063330	evm.model.RL_5.2546
OG0009870	As003G063340	evm.model.RL_5.2545
OG0009871	As003G063380	evm.model.RL_5.2540
OG0009872	As003G063940	evm.model.RL_5.2458
OG0009873	As003G064790	evm.model.RL_5.2368
OG0009874	As003G065500	evm.model.RL_5.2251
OG0009875	As003G066330	evm.model.RL_5.2404
OG0009876	As003G066780	evm.model.RL_5.2270
OG0009877	As003G068460	evm.model.RL_5.3080
OG0009878	As003G069330, As008G190140	evm.model.RL_5.3044
OG0009879	As003G069930	evm.model.RL_5.2995
OG0009880	As003G070130	evm.model.RL_5.2964
OG0009881	As003G070150	evm.model.RL_5.2962
OG0009882	As003G070330	evm.model.RL_5.2916
OG0009883	As003G070470	evm.model.RL_5.2930
OG0009884	As003G070480	evm.model.RL_5.2931
OG0009885	As003G070790	evm.model.RL_5.2907
OG0009886	As003G070840	evm.model.RL_5.2903
OG0009887	As003G070860	evm.model.RL_5.2901.1.687c88be
OG0009888	As003G071070	evm.model.RL_5.2887
OG0009889	As003G071320	evm.model.RL_5.2859
OG0009890	As003G071540	evm.model.RL_5.2845
OG0009891	As003G071690	evm.model.RL_2.3065
OG0009892	As003G071730	evm.model.RL_2.3069
OG0009893	As003G072440	evm.model.RL_2.3146
OG0009894	As003G072550	evm.model.RL_2.3159.1.687c86e8
OG0009895	As003G072880	evm.model.RL_2.3183
OG0009896	As003G072900	evm.model.RL_2.3185
OG0009897	As003G072980	evm.model.RL_2.3193
OG0009898	As003G073060	evm.model.RL_2.3202
OG0009899	As003G073220	evm.model.RL_2.3220
OG0009901	As007G179610	evm.model.RL_6.227
OG0009902	As003G073540	evm.model.RL_2.3249
OG0009903	As003G073680, As007G179700	evm.model.RL_6.217
OG0009904	As003G073760	evm.model.RL_2.3265, evm.model.RL_2.2768
OG0009905	As003G073880	evm.model.RL_2.3273
OG0009906	As003G074070	evm.model.RL_2.3288
OG0009907	As003G074140	evm.model.RL_2.3296
OG0009908	As003G074260	evm.model.RL_2.3304
OG0009909	As003G074390	evm.model.RL_2.3313
OG0009910	As003G074440	evm.model.RL_2.3318
OG0009911	As003G074700	evm.model.RL_2.3339
OG0009912	As003G074970	evm.model.RL_2.3367
OG0009913	As003G075040	evm.model.RL_2.3373
OG0009914	As003G075460	evm.model.RL_2.3394
OG0009915	As003G075810	evm.model.RL_2.3427
OG0009916	As003G075910	evm.model.RL_2.3438
OG0009917	As003G076650	evm.model.RL_5.6
OG0009918	As004G076730	evm.model.RL_2.588
OG0009919	As004G076780	evm.model.RL_2.658.2.687c86e1
OG0009920	As004G077800	evm.model.RL_2.372
OG0009921	As004G078320	evm.model.RL_2.292
OG0009922	As004G078370	evm.model.RL_2.279
OG0009923	As004G078480	evm.model.RL_2.261
OG0009924	As004G078770	evm.model.RL_6.1590
OG0009925	As004G079050	evm.model.RL_6.1650
OG0009926	As004G079100	evm.model.RL_3.334
OG0009927	As004G079280	evm.model.RL_7.235
OG0009928	As004G079450	evm.model.RL_6.1638
OG0009929	As004G079460	evm.model.RL_6.1636
OG0009930	As004G079540	evm.model.RL_6.1626
OG0009931	As004G079620	evm.model.RL_6.1620
OG0009932	As004G079690	evm.model.RL_6.1614
OG0009933	As004G080000	evm.model.RL_8.805
OG0009934	As004G080050	evm.model.RL_8.810
OG0009935	As004G080200	evm.model.RL_8.831
OG0009936	As004G080940	evm.model.RL_8.1355
OG0009937	As004G081200	evm.model.RL_6.974, evm.model.RL_6.1500
OG0009938	As004G081590	evm.model.RL_6.1457, evm.model.RL_6.1456
OG0009939	As004G081680	evm.model.RL_6.1447
OG0009940	As004G081700	evm.model.RL_6.1445
OG0009941	As004G082390	evm.model.RL_4.642.2.687c86cf, evm.model.RL_2.368
OG0009942	As004G082500	evm.model.RL_4.655
OG0009943	As004G082940	evm.model.RL_4.703
OG0009944	As004G083330	evm.model.RL_8.783
OG0009945	As004G083400	evm.model.RL_8.770
OG0009946	As004G083450	evm.model.RL_8.765, evm.model.RL_8.764
OG0009947	As004G083860	evm.model.RL_8.720
OG0009948	As004G083900	evm.model.RL_8.715
OG0009949	As004G084720	evm.model.RL_8.600
OG0009950	As004G084790	evm.model.RL_8.592
OG0009951	As004G085280	evm.model.RL_8.529
OG0009952	As004G085560	evm.model.RL_8.495
OG0009953	As004G085620	evm.model.RL_8.482
OG0009954	As004G085720	evm.model.RL_8.467
OG0009955	As004G085740	evm.model.RL_8.465
OG0009957	As004G086110	evm.model.RL_8.424
OG0009958	As004G086680	evm.model.RL_4.416
OG0009959	As004G087640	evm.model.RL_4.331, evm.model.RL_4.328, evm.model.RL_3.305, evm.model.RL_3.306, evm.model.RL_3.304
OG0009960	As004G087760	evm.model.RL_4.311
OG0009961	As004G087880	evm.model.RL_4.296
OG0009962	As004G087890	evm.model.RL_4.295
OG0009963	As004G088530	evm.model.RL_4.215
OG0009964	As004G088870	evm.model.RL_4.183
OG0009965	As004G089030	evm.model.RL_4.171
OG0009967	As004G089600	evm.model.RL_4.98
OG0009968	As004G090120, As005G098720	evm.model.RL_6.2948
OG0009969	As004G090320	evm.model.RL_4.24
OG0009970	As004G090670	evm.model.RL_4.18
OG0009971	As004G091000	evm.model.RL_4.45.1.687c86cc
OG0009972	As004G092850	evm.model.RL_2.757
OG0009973	As011G255290, As004G093540	evm.model.RL_1.2228
OG0009974	As004G093580	evm.model.RL_2.3224
OG0009975	As004G093990	evm.model.RL_2.832
OG0009976	As004G094060	evm.model.RL_7.959
OG0009977	As004G094460	evm.model.RL_2.857
OG0009978	As004G094580	evm.model.RL_2.874
OG0009979	As004G095220	evm.model.RL_2.930.1.687c86e1
OG0009980	As004G095710	evm.model.RL_2.978
OG0009981	As004G095890	evm.model.RL_2.1008
OG0009982	As004G096640	evm.model.RL_1.2070
OG0009983	As004G096780	evm.model.RL_2.236
OG0009984	As004G096790	evm.model.RL_2.234
OG0009985	As004G096800	evm.model.RL_2.233
OG0009986	As004G096980	evm.model.RL_2.208
OG0009988	As004G097220	evm.model.RL_6.2005
OG0009989	As004G097960	evm.model.RL_2.135
OG0009991	As004G098340	evm.model.RL_2.187
OG0009992	As005G098590	evm.model.RL_8.806
OG0009993	As005G098670	evm.model.RL_6.2953
OG0009994	As005G099250	evm.model.RL_6.2914, evm.model.RL_6.2966
OG0009995	As005G099550	evm.model.RL_6.2889
OG0009996	As005G099590	evm.model.RL_6.2886
OG0009998	As005G100280	evm.model.RL_6.2816
OG0009999	As005G100360	evm.model.RL_6.2809
OG0010000	As009G210800	evm.model.RL_6.2769
OG0010001	As005G100870	evm.model.RL_6.2765
OG0010002	As005G101290	evm.model.RL_6.2724
OG0010003	As005G101640	evm.model.RL_6.2685
OG0010004	As005G101770	evm.model.RL_6.2667
OG0010005	As005G101870	evm.model.RL_6.2659, evm.model.RL_1.495
OG0010006	As005G101880	evm.model.RL_6.2658
OG0010007	As005G102230	evm.model.RL_2.1298, evm.model.RL_6.2627
OG0010008	As005G102250	evm.model.RL_6.2625
OG0010009	As005G103180, As011G267580	evm.model.RL_1.3286
OG0010010	As005G103230	evm.model.RL_6.2521
OG0010011	As005G103440	evm.model.RL_6.2500
OG0010012	As005G103460	evm.model.RL_6.2499
OG0010013	As005G103590	evm.model.RL_6.2494
OG0010014	As005G103770	evm.model.RL_6.2476
OG0010015	As005G104190	evm.model.RL_6.2438
OG0010016	As005G104230	evm.model.RL_6.2434
OG0010017	As005G104250	evm.model.RL_6.2432
OG0010018	As005G104280	evm.model.RL_6.2429
OG0010019	As005G105100	evm.model.RL_6.2330
OG0010020	As005G105130	evm.model.RL_6.2335
OG0010021	As005G105320	evm.model.RL_7.596
OG0010023	As005G105750, As005G105730, As005G105760	evm.model.RL_6.2300
OG0010024	As005G106010	evm.model.RL_6.2283
OG0010025	As005G106120	evm.model.RL_6.2278
OG0010026	As005G107200	evm.model.RL_4.3322
OG0010027	As005G107210	evm.model.RL_4.3321
OG0010028	As005G107460	evm.model.RL_4.3300
OG0010029	As005G107630	evm.model.RL_4.3280
OG0010030	As005G107720	evm.model.RL_4.3270
OG0010031	As005G107830	evm.model.RL_4.3251.3.687c86dd
OG0010032	As005G108150	evm.model.RL_4.3211.1.687c86dd
OG0010033	As005G108220	evm.model.RL_4.3205
OG0010035	As005G108290	evm.model.RL_4.3221, evm.model.RL_4.3192
OG0010036	As005G108390	evm.model.RL_4.3180
OG0010037	As005G108410	evm.model.RL_4.3178, evm.model.RL_4.3179
OG0010038	As005G108840	evm.model.RL_4.3140
OG0010039	As005G108910	evm.model.RL_4.3134
OG0010040	As005G109900	evm.model.RL_4.1715
OG0010041	As005G110190	evm.model.RL_4.1688
OG0010042	As005G110390	evm.model.RL_4.1694
OG0010043	As005G110520	evm.model.RL_4.1636
OG0010044	As005G110750	evm.model.RL_4.1635
OG0010045	As005G110780	evm.model.RL_4.1621
OG0010046	As005G110960	evm.model.RL_4.1625
OG0010047	As005G111720	evm.model.RL_4.1602
OG0010048	As005G111760	evm.model.RL_4.1601
OG0010049	As009G201830, As005G111840	evm.model.RL_4.2040
OG0010050	As005G112170	evm.model.RL_4.1583
OG0010051	As005G112340	evm.model.RL_4.1570
OG0010052	As005G112580	evm.model.RL_4.1551
OG0010053	As005G112610	evm.model.RL_4.1547, evm.model.RL_4.1546
OG0010054	As005G112820	evm.model.RL_4.3374, evm.model.RL_1.579, evm.model.RL_2.85
OG0010055	As005G113540	evm.model.RL_4.1459, evm.model.RL_4.1488
OG0010056	As005G113960	evm.model.RL_8.2144
OG0010057	As005G114140, As008G189680, As005G114150	evm.model.RL_8.2126
OG0010058	As005G114240	evm.model.RL_8.2115
OG0010059	As005G114560	evm.model.RL_8.2080
OG0010060	As005G115470	evm.model.RL_8.2041
OG0010061	As005G115770	evm.model.RL_5.3100
OG0010062	As005G115940	evm.model.RL_8.1969
OG0010063	As005G116160	evm.model.RL_8.2396
OG0010066	As005G116290	evm.model.RL_8.2407
OG0010067	As005G116320	evm.model.RL_8.1653
OG0010069	As005G117140	evm.model.RL_8.2497
OG0010070	As005G117290	evm.model.RL_8.2508
OG0010071	As005G117370	evm.model.RL_8.2519
OG0010072	As005G117970	evm.model.RL_8.2578
OG0010073	As005G118200	evm.model.RL_8.2594
OG0010074	As005G118220	evm.model.RL_8.2596
OG0010075	As005G118710	evm.model.RL_8.2656.2.687c8562
OG0010076	As005G118740	evm.model.RL_8.2659
OG0010077	As005G119450	evm.model.RL_8.2735
OG0010079	As005G119670	evm.model.RL_8.2753
OG0010080	As005G119690	evm.model.RL_8.2760
OG0010081	As005G119700	evm.model.RL_8.2761
OG0010082	As005G119900	evm.model.RL_8.2782
OG0010083	As005G120330	evm.model.RL_7.1596
OG0010084	As005G120410	evm.model.RL_8.2815
OG0010085	As005G120820	evm.model.RL_7.1243
OG0010086	As005G120890	evm.model.RL_8.1186, evm.model.RL_7.2656
OG0010087	As006G121090	evm.model.RL_8.18
OG0010088	As006G121310	evm.model.RL_8.86
OG0010089	As006G121360	evm.model.RL_8.76, evm.model.RL_4.78, evm.model.RL_8.30
OG0010090	As007G154480	evm.model.RL_5.1657.1.687c9b52
OG0010091	As006G121880	evm.model.RL_8.107
OG0010092	As006G122400	evm.model.RL_8.221
OG0010093	As006G122670	evm.model.RL_8.192
OG0010094	As006G122990	evm.model.RL_8.237
OG0010096	As006G123150	evm.model.RL_8.254
OG0010097	As006G123370	evm.model.RL_8.278.1.687c8556
OG0010098	As006G123510	evm.model.RL_8.294, evm.model.RL_8.311
OG0010099	As006G123890	evm.model.RL_8.345
OG0010100	As006G123960	evm.model.RL_8.351
OG0010101	As006G124000	evm.model.RL_8.355
OG0010102	As006G124030	evm.model.RL_8.358
OG0010103	As006G124060	evm.model.RL_8.361
OG0010104	As006G124240	evm.model.RL_8.380
OG0010105	As006G124920	evm.model.RL_4.511
OG0010106	As006G125320	evm.model.RL_6.1424
OG0010107	As006G125400	evm.model.RL_6.1417
OG0010108	As006G126150	evm.model.RL_6.1329
OG0010109	As006G126220	evm.model.RL_6.1348
OG0010110	As006G126790	evm.model.RL_6.1290, evm.model.RL_3.2285
OG0010111	As006G126950	evm.model.RL_6.1270
OG0010112	As006G127450	evm.model.RL_6.1216
OG0010113	As006G127610	evm.model.RL_6.1197
OG0010114	As006G127890	evm.model.RL_6.1165
OG0010115	As006G128130	evm.model.RL_6.1130
OG0010117	As006G128630	evm.model.RL_6.1079
OG0010118	As006G129220	evm.model.RL_6.999
OG0010119	As006G129640	evm.model.RL_6.965
OG0010120	As006G129820	evm.model.RL_6.945
OG0010121	As006G130000	evm.model.RL_6.920
OG0010122	As006G130020	evm.model.RL_6.918
OG0010123	As006G130080	evm.model.RL_6.909
OG0010124	As006G130280	evm.model.RL_6.880
OG0010125	As006G130290	evm.model.RL_6.879
OG0010126	As006G130300	evm.model.RL_6.878
OG0010127	As006G130850	evm.model.RL_6.822
OG0010128	As006G131100	evm.model.RL_6.739
OG0010129	As006G131220	evm.model.RL_5.338
OG0010130	As006G131260	evm.model.RL_6.727
OG0010131	As006G131710	evm.model.RL_6.546
OG0010132	As006G132330	evm.model.RL_2.2255
OG0010133	As006G133360	evm.model.RL_1.26
OG0010134	As006G141930, As006G133720	evm.model.RL_1.770
OG0010135	As006G133850	evm.model.RL_4.3428
OG0010136	As006G134020	evm.model.RL_6.2271
OG0010137	As006G134060	evm.model.RL_6.2266
OG0010138	As006G134100	evm.model.RL_2.2154
OG0010139	As006G134140	evm.model.RL_2.2160.2.687c86e5
OG0010140	As006G134790	evm.model.RL_1.98
OG0010141	As006G135810	evm.model.RL_1.201
OG0010143	As006G136240	evm.model.RL_1.241
OG0010144	As006G136670	evm.model.RL_1.282.3.687c87ea
OG0010145	As006G136730	evm.model.RL_1.287
OG0010146	As009G203880, As009G209970	evm.model.RL_1.295
OG0010147	As006G136950	evm.model.RL_1.303
OG0010148	As006G137520	evm.model.RL_1.351
OG0010149	As006G137670	evm.model.RL_1.362
OG0010150	As006G138000	evm.model.RL_1.395
OG0010151	As006G139110	evm.model.RL_1.504
OG0010152	As006G140310	evm.model.RL_1.609
OG0010153	As006G140320	evm.model.RL_1.608
OG0010154	As006G140560	evm.model.RL_1.635
OG0010155	As006G140620	evm.model.RL_1.641
OG0010156	As006G140770	evm.model.RL_1.649
OG0010157	As006G141510	evm.model.RL_1.729
OG0010158	As006G141710	evm.model.RL_1.749
OG0010159	As009G218570, As006G141740	evm.model.RL_8.2277
OG0010160	As006G142020	evm.model.RL_1.783
OG0010161	As006G143000	evm.model.RL_6.2109
OG0010162	As006G143190	evm.model.RL_6.2096
OG0010163	As006G143220	evm.model.RL_6.2092
OG0010164	As006G143560	evm.model.RL_6.2060
OG0010165	As012G280990, As006G143680, As006G143700	evm.model.RL_7.885, evm.model.RL_7.1919
OG0010166	As006G144090, As006G144100	evm.model.RL_6.2017
OG0010167	As006G144320	evm.model.RL_6.1987, evm.model.RL_6.1992
OG0010168	As006G145000	evm.model.RL_6.1736
OG0010169	As006G145200	evm.model.RL_6.1758
OG0010170	As006G145400	evm.model.RL_6.1777
OG0010171	As006G145760	evm.model.RL_6.1870
OG0010172	As006G145770	evm.model.RL_6.1869
OG0010173	As006G145920	evm.model.RL_6.1856
OG0010174	As006G146840	evm.model.RL_6.1880
OG0010175	As006G147430, As006G147420	evm.model.RL_6.1921
OG0010176	As006G147710	evm.model.RL_6.1912
OG0010178	As006G148550	evm.model.RL_5.515
OG0010179	As006G148870	evm.model.RL_6.1977
OG0010180	As007G152030	evm.model.RL_5.1396
OG0010181	As007G152090	evm.model.RL_5.1401
OG0010182	As007G153220	evm.model.RL_5.1522
OG0010183	As007G153980	evm.model.RL_5.1592
OG0010184	As007G154120	evm.model.RL_5.1604
OG0010185	As007G154460	evm.model.RL_4.1640
OG0010186	As007G154670	evm.model.RL_5.1638
OG0010187	As007G155120	evm.model.RL_5.1703
OG0010189	As007G155600	evm.model.RL_5.1758
OG0010191	As007G155840	evm.model.RL_5.1786
OG0010192	As007G156140	evm.model.RL_5.1823
OG0010193	As007G156180	evm.model.RL_5.1827
OG0010194	As007G156190	evm.model.RL_5.1828
OG0010195	As007G156200	evm.model.RL_5.1833
OG0010196	As007G156260	evm.model.RL_5.1838
OG0010197	As007G156610	evm.model.RL_5.3687
OG0010198	As007G156820	evm.model.RL_5.3666
OG0010199	As007G156830	evm.model.RL_5.3665
OG0010200	As007G156890	evm.model.RL_5.3660
OG0010201	As007G157090	evm.model.RL_5.3636
OG0010202	As007G157700	evm.model.RL_5.3587
OG0010203	As007G157720	evm.model.RL_5.3584
OG0010204	As007G158010	evm.model.RL_3.2173
OG0010205	As007G158690	evm.model.RL_5.3499
OG0010206	As007G158960, As010G234280	evm.model.RL_5.3482.1.687c88c2
OG0010207	As007G159060	evm.model.RL_5.3473
OG0010209	As007G159380	evm.model.RL_5.3440
OG0010210	As007G159500, As010G233410	evm.model.RL_3.1444
OG0010211	As007G159820	evm.model.RL_5.3388
OG0010212	As007G160350	evm.model.RL_5.3332
OG0010213	As007G160650	evm.model.RL_5.3296
OG0010215	As007G160870	evm.model.RL_5.3270, evm.model.RL_5.3295
OG0010216	As007G161100	evm.model.RL_5.3253
OG0010217	As007G161200	evm.model.RL_5.3241
OG0010218	As007G161450	evm.model.RL_3.1201
OG0010219	As007G161550	evm.model.RL_5.3209
OG0010221	As007G161770	evm.model.RL_5.3190
OG0010222	As007G162070	evm.model.RL_5.3152.1.687c88c0
OG0010223	As007G163130	evm.model.RL_2.1980
OG0010224	As007G164330	evm.model.RL_2.2019
OG0010225	As007G164340	evm.model.RL_2.2021
OG0010226	As007G164470	evm.model.RL_2.2033
OG0010227	As007G164490	evm.model.RL_2.2034
OG0010228	As007G165860	evm.model.RL_2.2087
OG0010229	As007G166590	evm.model.RL_6.439
OG0010230	As007G177810	evm.model.RL_6.352
OG0010231	As007G177980	evm.model.RL_6.345
OG0010232	As007G178400, As007G178410	evm.model.RL_6.310
OG0010235	As007G179160	evm.model.RL_6.261
OG0010236	As007G179180	evm.model.RL_6.259
OG0010237	As007G179190	evm.model.RL_3.686
OG0010238	As007G179220	evm.model.RL_6.256
OG0010239	As007G179850	evm.model.RL_6.197
OG0010240	As007G180740	evm.model.RL_6.1442, evm.model.RL_6.76
OG0010241	As007G181900	evm.model.RL_6.25
OG0010242	As008G182310	evm.model.RL_5.1364
OG0010243	As008G182390	evm.model.RL_5.1357
OG0010244	As008G182700	evm.model.RL_5.1324
OG0010245	As008G182980	evm.model.RL_5.1287
OG0010246	As008G183250	evm.model.RL_5.1268
OG0010247	As008G183470	evm.model.RL_5.1237
OG0010248	As008G184010	evm.model.RL_5.1186
OG0010249	As008G184020	evm.model.RL_5.1187
OG0010250	As008G184160	evm.model.RL_5.1172
OG0010251	As008G184890	evm.model.RL_5.1098
OG0010252	As008G186150	evm.model.RL_5.995
OG0010253	As008G186370	evm.model.RL_5.978
OG0010254	As008G186570	evm.model.RL_5.965
OG0010255	As008G186650	evm.model.RL_5.956
OG0010256	As008G186940	evm.model.RL_5.930
OG0010257	As008G187130	evm.model.RL_5.911
OG0010258	As008G188220	evm.model.RL_5.815
OG0010259	As008G188320	evm.model.RL_5.806
OG0010260	As008G188900	evm.model.RL_5.772
OG0010261	As008G189060	evm.model.RL_5.760
OG0010262	As008G189460	evm.model.RL_5.741
OG0010264	As008G193330	evm.model.RL_5.532
OG0010265	As008G193660	evm.model.RL_5.502.3.687c88ad
OG0010266	As008G194440	evm.model.RL_6.2962
OG0010267	As008G194480	evm.model.RL_5.431
OG0010268	As008G194850	evm.model.RL_5.407.1.687c88ac
OG0010269	As008G194880	evm.model.RL_5.405
OG0010270	As008G195170	evm.model.RL_5.379
OG0010271	As008G195180	evm.model.RL_5.378.3.687c88ac
OG0010272	As008G195690	evm.model.RL_5.336
OG0010273	As008G195780	evm.model.RL_5.330
OG0010275	As008G196250	evm.model.RL_5.289
OG0010276	As008G196610	evm.model.RL_5.256
OG0010277	As008G196660	evm.model.RL_5.252
OG0010278	As008G196840	evm.model.RL_5.218
OG0010279	As008G196970	evm.model.RL_5.234
OG0010280	As008G197090	evm.model.RL_5.239
OG0010281	As008G197160	evm.model.RL_5.192
OG0010282	As008G197510	evm.model.RL_5.158
OG0010283	As008G197840	evm.model.RL_5.121
OG0010284	As008G197990	evm.model.RL_5.96
OG0010285	As008G198040	evm.model.RL_5.101
OG0010286	As008G198830	evm.model.RL_5.26, evm.model.RL_5.22
OG0010287	As009G199780	evm.model.RL_4.2230
OG0010288	As009G200140	evm.model.RL_4.2201
OG0010289	As009G200470	evm.model.RL_4.2156
OG0010290	As009G200920	evm.model.RL_4.2077
OG0010291	As009G201090	evm.model.RL_4.2090
OG0010292	As009G202450	evm.model.RL_4.1989
OG0010293	As009G202650	evm.model.RL_4.1974
OG0010294	As009G202660	evm.model.RL_4.1975
OG0010295	As009G202700	evm.model.RL_4.1965
OG0010296	As009G203110	evm.model.RL_4.1924
OG0010297	As009G203190	evm.model.RL_4.1916
OG0010298	As009G203600	evm.model.RL_4.1878
OG0010299	As009G204090	evm.model.RL_1.315
OG0010300	As009G204190	evm.model.RL_4.1818
OG0010301	As009G204840	evm.model.RL_4.1754
OG0010302	As009G205100	evm.model.RL_4.1726
OG0010304	As009G206900	evm.model.RL_4.1001
OG0010305	As009G206990	evm.model.RL_4.983
OG0010306	As009G207050	evm.model.RL_4.977
OG0010309	As009G207540	evm.model.RL_4.925
OG0010310	As009G207570	evm.model.RL_4.923
OG0010311	As009G207930	evm.model.RL_4.890
OG0010312	As009G208070	evm.model.RL_4.917
OG0010314	As009G209820	evm.model.RL_1.680
OG0010315	As009G210240	evm.model.RL_4.2260
OG0010316	As009G211290	evm.model.RL_4.2848
OG0010317	As009G211940	evm.model.RL_5.2408
OG0010318	As009G212200	evm.model.RL_4.2899
OG0010319	As009G212230	evm.model.RL_4.2904
OG0010320	As009G212390	evm.model.RL_4.2914
OG0010321	As009G213000	evm.model.RL_4.2967
OG0010322	As009G213070	evm.model.RL_4.2976
OG0010323	As009G213130	evm.model.RL_4.2986.1.687c86dc
OG0010324	As009G213300	evm.model.RL_4.3000
OG0010325	As009G213670	evm.model.RL_4.3007
OG0010326	As009G213790	evm.model.RL_4.3010
OG0010327	As009G213900	evm.model.RL_4.3018.2.687c86dc
OG0010328	As009G213910	evm.model.RL_4.3020
OG0010329	As009G214180	evm.model.RL_4.3038
OG0010330	As009G214210	evm.model.RL_4.3037, evm.model.RL_8.1090
OG0010331	As009G214960	evm.model.RL_4.1162
OG0010332	As009G215490	evm.model.RL_4.1220
OG0010333	As009G216010	evm.model.RL_4.1268
OG0010334	As009G216250	evm.model.RL_4.1277
OG0010335	As009G216290	evm.model.RL_4.1271
OG0010336	As009G216520	evm.model.RL_4.1325
OG0010337	As009G216600	evm.model.RL_4.1331
OG0010338	As009G216770	evm.model.RL_4.1342.4.687c86d3
OG0010339	As009G217020	evm.model.RL_4.1366
OG0010340	As009G217450	evm.model.RL_4.1419
OG0010341	As009G217620	evm.model.RL_8.2162
OG0010342	As009G218050	evm.model.RL_8.2220
OG0010343	As009G218180	evm.model.RL_8.2232
OG0010345	As009G218910	evm.model.RL_8.2317.1.687c8560
OG0010346	As009G218960	evm.model.RL_8.2320
OG0010347	As009G219130	evm.model.RL_8.2341
OG0010348	As009G220110	evm.model.RL_8.1901
OG0010349	As010G220270	evm.model.RL_7.1244
OG0010350	As010G220590	evm.model.RL_7.1287
OG0010351	As010G220720	evm.model.RL_7.1303
OG0010352	As010G220730	evm.model.RL_7.1305
OG0010353	As010G221070	evm.model.RL_7.1347
OG0010354	As010G221620	evm.model.RL_7.1430
OG0010355	As010G222140	evm.model.RL_7.1475
OG0010356	As010G222200	evm.model.RL_7.1481
OG0010357	As010G222520	evm.model.RL_7.1520
OG0010358	As010G222600	evm.model.RL_7.1527
OG0010359	As010G222690	evm.model.RL_2.2870, evm.model.RL_7.1532
OG0010360	As010G222910	evm.model.RL_7.1556
OG0010361	As010G223180	evm.model.RL_7.1583
OG0010362	As010G223370	evm.model.RL_7.1605
OG0010364	As010G225750	evm.model.RL_7.1847
OG0010365	As010G226040	evm.model.RL_7.1891
OG0010366	As010G226070	evm.model.RL_7.1897
OG0010367	As010G226440	evm.model.RL_7.1990
OG0010368	As010G226480	evm.model.RL_7.1983
OG0010369	As010G226660	evm.model.RL_7.2275
OG0010370	As010G227710	evm.model.RL_3.1152.4.687c84bb
OG0010371	As010G228320	evm.model.RL_3.1132
OG0010372	As010G229630	evm.model.RL_3.1204
OG0010373	As010G230030	evm.model.RL_3.1172
OG0010374	As010G231170	evm.model.RL_3.1243
OG0010375	As010G231280	evm.model.RL_3.1249
OG0010376	As010G231480	evm.model.RL_3.1267
OG0010378	As010G231840	evm.model.RL_3.1286
OG0010379	As010G232100	evm.model.RL_3.1300
OG0010380	As010G232230	evm.model.RL_3.1305
OG0010381	As010G232450	evm.model.RL_3.1320
OG0010382	As010G233210	evm.model.RL_3.1417
OG0010383	As010G233960	evm.model.RL_3.1507
OG0010384	As010G234110	evm.model.RL_3.1528
OG0010385	As010G234550	evm.model.RL_3.1569
OG0010386	As010G235080, As010G234880	evm.model.RL_3.1612
OG0010387	As010G235160	evm.model.RL_3.2228
OG0010388	As010G235420	evm.model.RL_3.2200
OG0010390	As010G235810	evm.model.RL_3.2164
OG0010391	As010G236050	evm.model.RL_3.2144
OG0010392	As010G236200	evm.model.RL_7.1235
OG0010393	As010G236290	evm.model.RL_3.2119
OG0010394	As010G236350	evm.model.RL_3.2112
OG0010395	As010G237610	evm.model.RL_5.1841
OG0010397	As010G239380	evm.model.RL_3.1829
OG0010398	As010G239410	evm.model.RL_3.1827
OG0010399	As010G239670	evm.model.RL_3.1795
OG0010400	As010G239720	evm.model.RL_3.1790
OG0010401	As010G239960	evm.model.RL_3.1771
OG0010402	As010G240110	evm.model.RL_3.1762
OG0010403	As010G240200	evm.model.RL_3.1747
OG0010404	As010G240690	evm.model.RL_3.1707
OG0010405	As010G240830	evm.model.RL_3.1698
OG0010406	As010G240860	evm.model.RL_6.450
OG0010407	As010G240880	evm.model.RL_3.1697
OG0010408	As010G241420	evm.model.RL_3.1628
OG0010409	As010G242470	evm.model.RL_3.2314
OG0010410	As010G242770	evm.model.RL_3.2341
OG0010411	As010G243110	evm.model.RL_3.2371
OG0010412	As010G243460	evm.model.RL_3.2403
OG0010413	As010G243520	evm.model.RL_3.2409
OG0010414	As010G243700	evm.model.RL_3.1351, evm.model.RL_3.2428, evm.model.RL_3.1352
OG0010415	As010G244030	evm.model.RL_3.2455
OG0010416	As010G244160	evm.model.RL_3.2464
OG0010417	As010G244370	evm.model.RL_8.1620
OG0010418	As011G244980	evm.model.RL_1.1218
OG0010419	As011G245160	evm.model.RL_1.1237
OG0010420	As011G245580	evm.model.RL_1.1271
OG0010421	As011G246380	evm.model.RL_1.1355
OG0010422	As011G246500	evm.model.RL_1.1367
OG0010424	As011G246580	evm.model.RL_1.1375
OG0010425	As011G246930	evm.model.RL_1.1401
OG0010426	As011G247110	evm.model.RL_4.1639
OG0010427	As011G247360	evm.model.RL_1.1443
OG0010428	As011G247510	evm.model.RL_1.1459
OG0010429	As011G247710	evm.model.RL_1.1480
OG0010430	As011G247840	evm.model.RL_1.1494
OG0010431	As011G248540	evm.model.RL_1.1568
OG0010433	As011G249450	evm.model.RL_1.1658
OG0010434	As011G249660	evm.model.RL_1.1677
OG0010435	As011G249970	evm.model.RL_1.1705
OG0010436	As011G250340	evm.model.RL_1.1738
OG0010437	As011G250410	evm.model.RL_1.1746
OG0010438	As011G250450	evm.model.RL_1.1750
OG0010439	As011G250590	evm.model.RL_1.1762
OG0010440	As011G250730	evm.model.RL_1.1775
OG0010441	As011G250910	evm.model.RL_1.1791
OG0010442	As011G251060	evm.model.RL_1.1803
OG0010443	As011G251090	evm.model.RL_1.1806
OG0010444	As011G251170	evm.model.RL_1.1814
OG0010446	As011G251720	evm.model.RL_1.1870
OG0010447	As011G251770	evm.model.RL_1.1872
OG0010448	As011G251930	evm.model.RL_1.1898, evm.model.RL_1.1894
OG0010449	As011G251940	evm.model.RL_1.1899
OG0010450	As012G272190, As011G252150	evm.model.RL_5.2004.3.687c88b8
OG0010451	As011G252440	evm.model.RL_1.1933
OG0010452	As011G252450	evm.model.RL_1.1935
OG0010453	As011G252460	evm.model.RL_1.1936
OG0010454	As011G252510	evm.model.RL_1.1942
OG0010455	As011G252520	evm.model.RL_1.1943
OG0010456	As011G252710	evm.model.RL_1.1963
OG0010457	As011G252820	evm.model.RL_1.1974
OG0010458	As011G252850	evm.model.RL_1.1978
OG0010459	As011G252930	evm.model.RL_1.1989
OG0010460	As011G253210	evm.model.RL_1.2028.2.687c87ee
OG0010461	As011G253460	evm.model.RL_1.2068
OG0010462	As011G253830	evm.model.RL_1.2100
OG0010463	As011G253970	evm.model.RL_1.2108
OG0010464	As011G254000	evm.model.RL_1.2112
OG0010465	As011G254080	evm.model.RL_1.2118
OG0010466	As011G254700	evm.model.RL_1.2174
OG0010467	As011G254860, As011G256360	evm.model.RL_1.2329
OG0010468	As011G254880	evm.model.RL_1.2188
OG0010469	As011G254900	evm.model.RL_1.2190
OG0010470	As011G254960	evm.model.RL_1.2196
OG0010471	As011G255070	evm.model.RL_1.2210
OG0010472	As011G255190	evm.model.RL_1.2220
OG0010473	As011G255410	evm.model.RL_1.2250
OG0010474	As011G255920	evm.model.RL_1.2293
OG0010475	As011G255980	evm.model.RL_1.2298
OG0010476	As011G256370	evm.model.RL_1.2330
OG0010477	As011G258600	evm.model.RL_1.2431
OG0010478	As011G259860	evm.model.RL_1.2580
OG0010479	As011G262350	evm.model.RL_1.2706
OG0010480	As011G262770	evm.model.RL_1.2763
OG0010481	As011G263020	evm.model.RL_1.2788
OG0010482	As011G263050	evm.model.RL_1.2791
OG0010483	As011G263380	evm.model.RL_1.2820
OG0010484	As011G263730	evm.model.RL_1.2866
OG0010485	As011G263750	evm.model.RL_1.2868
OG0010486	As011G263880	evm.model.RL_1.2880
OG0010487	As011G264270	evm.model.RL_1.2905
OG0010488	As011G265340	evm.model.RL_1.3021
OG0010490	As011G266260	evm.model.RL_1.3137
OG0010491	As011G266390	evm.model.RL_1.3146_evm.model.RL_1.3147
OG0010492	As011G266480	evm.model.RL_1.3154
OG0010495	As011G266730	evm.model.RL_2.2415
OG0010496	As011G266780	evm.model.RL_1.3192
OG0010497	As011G267070	evm.model.RL_1.3210
OG0010498	As011G267210	evm.model.RL_1.3240
OG0010499	As011G267220	evm.model.RL_1.3241
OG0010500	As012G267720	evm.model.RL_5.4012
OG0010501	As012G267800	evm.model.RL_5.4001_evm.model.RL_5.4002, evm.model.RL_7.2111
OG0010502	As012G268210	evm.model.RL_5.3950
OG0010503	As012G268910	evm.model.RL_2.813
OG0010504	As012G271400	evm.model.RL_5.1909
OG0010505	As012G271570	evm.model.RL_7.1234
OG0010506	As012G271620	evm.model.RL_5.1968
OG0010507	As012G271800	evm.model.RL_5.1937
OG0010508	As012G271940	evm.model.RL_5.1978
OG0010509	As012G272110	evm.model.RL_5.1992
OG0010510	As012G272140	evm.model.RL_5.1999
OG0010511	As012G272270	evm.model.RL_5.2012
OG0010512	As012G272810	evm.model.RL_5.2072
OG0010513	As012G273160	evm.model.RL_5.2134.1.687c88b9
OG0010514	As012G273250	evm.model.RL_5.2110
OG0010515	As012G273640	evm.model.RL_5.2154
OG0010516	As012G273790	evm.model.RL_5.2172
OG0010517	As012G274010	evm.model.RL_5.2198, evm.model.RL_5.2201
OG0010520	As012G275260	evm.model.RL_6.1545
OG0010521	As012G275310	evm.model.RL_6.1541
OG0010522	As012G275550	evm.model.RL_7.1186
OG0010523	As012G275600	evm.model.RL_7.1183
OG0010524	As012G275620	evm.model.RL_7.1180
OG0010525	As012G275810	evm.model.RL_7.1161
OG0010526	As012G275830	evm.model.RL_7.1159
OG0010527	As012G275990	evm.model.RL_7.1143
OG0010528	As012G276450	evm.model.RL_7.1097
OG0010529	As012G276460	evm.model.RL_7.1096
OG0010530	As012G276480	evm.model.RL_4.1655
OG0010531	As012G276520	evm.model.RL_7.1092
OG0010533	As012G276690	evm.model.RL_7.1079
OG0010535	As012G277240	evm.model.RL_7.1036
OG0010536	As012G277300	evm.model.RL_7.1027
OG0010537	As012G277980	evm.model.RL_7.985
OG0010538	As012G278630	evm.model.RL_7.1201
OG0010539	As012G279860	evm.model.RL_7.942
OG0010540	As012G280320	evm.model.RL_7.912
OG0010541	As012G280550	evm.model.RL_7.896
OG0010542	As012G281310	evm.model.RL_7.865
OG0010543	As012G281330	evm.model.RL_7.864
OG0010544	As012G281570	evm.model.RL_7.836
OG0010545	As012G282160	evm.model.RL_7.789.1.687c84b6
OG0010546	As012G283300	evm.model.RL_7.679
OG0010547	As012G283310	evm.model.RL_7.678
OG0010548	As012G283380	evm.model.RL_7.672
OG0010549	As012G284820	evm.model.RL_7.507.1.687c84b5
OG0010550	As012G284830	evm.model.RL_7.505
OG0010551	As012G285010	evm.model.RL_7.490
OG0010552	As012G285130	evm.model.RL_7.459
OG0010553	As012G285560	evm.model.RL_7.943
OG0010554	As012G285680	evm.model.RL_7.395
OG0010555	As012G285750	evm.model.RL_7.389
OG0010557	As012G286710	evm.model.RL_7.305
OG0010558	As012G287180	evm.model.RL_7.253
OG0010559	As012G287230, As012G287210	evm.model.RL_7.252
OG0010560	As012G287350	evm.model.RL_7.239
OG0010561	As012G287390	evm.model.RL_7.236
OG0010562	As012G287500	evm.model.RL_7.220
OG0010563	As012G287830	evm.model.RL_7.187
OG0010564	As012G287880	evm.model.RL_7.180
OG0010565	As012G287890	evm.model.RL_7.179
OG0010566	As012G287920	evm.model.RL_7.176
OG0010567	As012G288380	evm.model.RL_7.112
OG0010568	As012G288770	evm.model.RL_7.73
OG0010569	As012G288920	evm.model.RL_5.2888
OG0010570	As012G289050	evm.model.RL_7.46
OG0010571	As012G289120	evm.model.RL_7.39
OG0010660	As001G000090	evm.model.RL_2.2333
OG0010661	As001G000220	evm.model.RL_2.2345
OG0010662	As001G000530	evm.model.RL_2.2377
OG0010663	As001G001190	evm.model.RL_2.2458
OG0010664	As001G002270	evm.model.RL_2.2544
OG0010665	As001G002820	evm.model.RL_2.2582
OG0010666	As001G003090	evm.model.RL_2.3501
OG0010667	As001G003290	evm.model.RL_2.2612
OG0010668	As001G003470	evm.model.RL_2.2633
OG0010669	As001G003760	evm.model.RL_2.2660
OG0010670	As001G004030	evm.model.RL_2.2689
OG0010671	As001G004580	evm.model.RL_2.2724
OG0010672	As001G005310	evm.model.RL_2.2773
OG0010673	As001G006390	evm.model.RL_2.2789
OG0010674	As001G006700	evm.model.RL_2.2834
OG0010675	As001G006780	evm.model.RL_2.2822
OG0010676	As001G011020, As001G011010, As005G113230	evm.model.RL_4.1495
OG0010677	As001G012520	evm.model.RL_2.2904
OG0010678	As006G146350, As001G012560	evm.model.RL_6.1827
OG0010679	As001G013490, As011G262690	evm.model.RL_2.2939
OG0010680	As001G013650	evm.model.RL_2.2922
OG0010681	As001G013830	evm.model.RL_2.2964
OG0010683	As001G014640	evm.model.RL_2.3011
OG0010684	As001G015020	evm.model.RL_2.3044
OG0010685	As001G015060	evm.model.RL_4.2247
OG0010686	As001G016230	evm.model.RL_5.2786
OG0010687	As001G016540	evm.model.RL_5.2753
OG0010688	As001G017250	evm.model.RL_2.1265
OG0010689	As004G079940, As001G017320	evm.model.RL_2.1262
OG0010690	As001G017360	evm.model.RL_2.1258
OG0010691	As001G017850, As004G083050	evm.model.RL_2.1214
OG0010692	As001G017900	evm.model.RL_2.1207
OG0010694	As001G018040	evm.model.RL_2.1199
OG0010695	As001G018110	evm.model.RL_2.1192
OG0010696	As001G018170	evm.model.RL_2.1188
OG0010697	As001G018900	evm.model.RL_3.703
OG0010698	As001G018920	evm.model.RL_7.718
OG0010699	As001G018960	evm.model.RL_3.700.2.687c84ba
OG0010701	As001G019260	evm.model.RL_3.275, evm.model.RL_2.762, evm.model.RL_3.636
OG0010702	As001G019560	evm.model.RL_3.591
OG0010703	As001G019620	evm.model.RL_3.573
OG0010704	As001G019820	evm.model.RL_3.559
OG0010705	As001G020210	evm.model.RL_3.524
OG0010706	As001G020300	evm.model.RL_3.534
OG0010707	As001G020370	evm.model.RL_3.505
OG0010708	As001G020400	evm.model.RL_3.500
OG0010709	As001G020430	evm.model.RL_3.496
OG0010710	As001G020490	evm.model.RL_3.489
OG0010712	As001G020590	evm.model.RL_3.481
OG0010713	As001G020630	evm.model.RL_3.479
OG0010714	As001G020740	evm.model.RL_3.468
OG0010716	As001G021130	evm.model.RL_3.431
OG0010717	As001G021410	evm.model.RL_3.414, evm.model.RL_3.418
OG0010718	As001G021580	evm.model.RL_3.356
OG0010719	As001G021820	evm.model.RL_3.323
OG0010720	As001G021910	evm.model.RL_3.312
OG0010721	As001G022020	evm.model.RL_3.293
OG0010722	As001G022270	evm.model.RL_7.2663
OG0010723	As001G022910	evm.model.RL_7.2723
OG0010724	As001G023350	evm.model.RL_7.2602
OG0010725	As001G023480	evm.model.RL_7.2591
OG0010726	As001G023530	evm.model.RL_7.2586
OG0010727	As001G023590	evm.model.RL_7.2580
OG0010728	As001G023640	evm.model.RL_7.2574, evm.model.RL_7.2575
OG0010729	As001G023710	evm.model.RL_7.2567
OG0010730	As001G024040	evm.model.RL_7.2522
OG0010731	As001G024680	evm.model.RL_8.848.1.687c8558, evm.model.RL_7.2455
OG0010732	As008G184050, As001G024940	evm.model.RL_5.1190
OG0010733	As001G025050	evm.model.RL_7.2417
OG0010734	As001G025130, As008G184140	evm.model.RL_5.1173
OG0010735	As001G025150	evm.model.RL_7.2407
OG0010736	As001G025240	evm.model.RL_7.2395
OG0010737	As001G025290	evm.model.RL_7.2386
OG0010738	As001G026530	evm.model.RL_7.2257
OG0010739	As001G026580	evm.model.RL_7.2254
OG0010740	As001G026860	evm.model.RL_7.2219
OG0010741	As001G026960	evm.model.RL_7.2207
OG0010742	As001G027990	evm.model.RL_7.2068
OG0010743	As001G028710	evm.model.RL_3.1033
OG0010744	As001G029450	evm.model.RL_3.926
OG0010745	As001G029820	evm.model.RL_3.881
OG0010746	As001G029890, As006G137450	evm.model.RL_1.342
OG0010747	As004G076740	evm.model.RL_2.661
OG0010748	As001G030180	evm.model.RL_3.7
OG0010749	As001G030200	evm.model.RL_3.9
OG0010750	As001G030350	evm.model.RL_3.19
OG0010751	As001G030540	evm.model.RL_3.37
OG0010752	As001G030550	evm.model.RL_3.38
OG0010753	As001G030630	evm.model.RL_3.46, evm.model.RL_3.48
OG0010754	As004G098100, As001G030760	evm.model.RL_3.66
OG0010755	As001G031000	evm.model.RL_3.93
OG0010756	As001G031170, As004G097930	evm.model.RL_3.127
OG0010757	As001G031830	evm.model.RL_3.210
OG0010758	As002G032440	evm.model.RL_1.1150
OG0010759	As002G032850	evm.model.RL_2.2138
OG0010760	As002G033120, As002G032940	evm.model.RL_6.2254
OG0010761	As002G033420	evm.model.RL_6.2219
OG0010762	As002G033450	evm.model.RL_6.2224
OG0010763	As002G033840	evm.model.RL_6.2186
OG0010764	As002G033890	evm.model.RL_1.808
OG0010765	As002G033970	evm.model.RL_1.819
OG0010766	As006G148740, As002G034280	evm.model.RL_1.852
OG0010767	As002G035340	evm.model.RL_6.2248, evm.model.RL_1.922.1.687c87eb
OG0010768	As002G035440	evm.model.RL_1.927
OG0010769	As002G035450	evm.model.RL_1.928
OG0010771	As002G036380	evm.model.RL_1.992
OG0010772	As002G036410	evm.model.RL_3.107
OG0010773	As002G036640	evm.model.RL_1.1015
OG0010774	As002G037340	evm.model.RL_2.2832
OG0010775	As002G037350	evm.model.RL_1.1058
OG0010776	As002G037920	evm.model.RL_1.1100
OG0010777	As002G038520	evm.model.RL_1.1119
OG0010778	As002G038600	evm.model.RL_1.1128
OG0010780	As002G038940	evm.model.RL_1.1141
OG0010781	As002G038960	evm.model.RL_1.1142
OG0010782	As002G039490	evm.model.RL_8.987
OG0010783	As002G040450, As002G040440, As002G040460, As002G040070	evm.model.RL_6.234
OG0010784	As002G040150	evm.model.RL_8.1053
OG0010785	As002G040590	evm.model.RL_8.1059
OG0010786	As002G042010	evm.model.RL_8.1152
OG0010787	As002G042070	evm.model.RL_8.1139
OG0010788	As002G042190	evm.model.RL_8.1141
OG0010789	As002G042250	evm.model.RL_8.1153
OG0010790	As002G042460	evm.model.RL_8.1183
OG0010791	As002G042790	evm.model.RL_8.1206
OG0010792	As002G043190	evm.model.RL_8.1226.1.687c97bf
OG0010793	As002G043370	evm.model.RL_8.1242
OG0010794	As002G043430	evm.model.RL_8.1251
OG0010795	As002G043570	evm.model.RL_8.1265
OG0010796	As002G043770	evm.model.RL_8.1285
OG0010797	As002G044070	evm.model.RL_8.1319
OG0010798	As002G044730	evm.model.RL_8.1423
OG0010799	As002G044860	evm.model.RL_8.1411
OG0010800	As002G045210	evm.model.RL_8.1440.1.687c97c0
OG0010801	As002G045390	evm.model.RL_8.1458
OG0010802	As002G045420, As002G045880	evm.model.RL_8.1510.1.687c855c
OG0010803	As002G045570	evm.model.RL_8.1481
OG0010804	As002G045800	evm.model.RL_8.1468
OG0010805	As002G046450	evm.model.RL_8.1555
OG0010806	As002G046550	evm.model.RL_2.2226
OG0010807	As002G046710, As006G132690	evm.model.RL_8.1585
OG0010808	As002G047310	evm.model.RL_8.1638
OG0010809	As002G047530	evm.model.RL_8.1659
OG0010810	As002G047710	evm.model.RL_8.1677
OG0010811	As002G047970	evm.model.RL_8.1700
OG0010812	As002G048730	evm.model.RL_8.1781
OG0010813	As002G048880	evm.model.RL_8.1794
OG0010814	As002G048930	evm.model.RL_8.1799
OG0010815	As002G049260	evm.model.RL_8.1835
OG0010816	As002G049510	evm.model.RL_8.1857.1.687c855e
OG0010817	As002G049800	evm.model.RL_8.1875
OG0010819	As002G050850	evm.model.RL_4.2342
OG0010820	As002G051170	evm.model.RL_4.2376
OG0010822	As002G051520	evm.model.RL_4.2417
OG0010823	As002G051620	evm.model.RL_4.2426
OG0010824	As002G051660	evm.model.RL_4.2431
OG0010826	As002G052080	evm.model.RL_4.2470
OG0010828	As002G052210	evm.model.RL_4.2485
OG0010829	As002G052260	evm.model.RL_3.330, evm.model.RL_4.2490
OG0010830	As002G052480	evm.model.RL_4.2519
OG0010831	As002G052730	evm.model.RL_8.2641
OG0010832	As002G052740	evm.model.RL_4.2528
OG0010833	As002G053220	evm.model.RL_4.2570
OG0010834	As002G053230	evm.model.RL_4.2571
OG0010835	As002G053560	evm.model.RL_4.2612
OG0010836	As002G053680	evm.model.RL_4.2623
OG0010837	As005G117180, As002G053860	evm.model.RL_8.2499.2.687c8561
OG0010838	As002G054390	evm.model.RL_3.864, evm.model.RL_3.904, evm.model.RL_3.903
OG0010839	As002G055210	evm.model.RL_6.2963
OG0010840	As002G055350	evm.model.RL_4.2810
OG0010841	As003G055640	evm.model.RL_2.1277
OG0010842	As003G056100	evm.model.RL_2.1327
OG0010843	As003G056380	evm.model.RL_2.1355
OG0010844	As003G056780	evm.model.RL_2.1397
OG0010845	As003G056990	evm.model.RL_2.1410
OG0010846	As003G057040	evm.model.RL_2.1415
OG0010847	As003G057110	evm.model.RL_2.1422
OG0010848	As003G057370	evm.model.RL_2.1450
OG0010849	As003G057530	evm.model.RL_2.1471
OG0010850	As003G057710	evm.model.RL_2.1486
OG0010851	As003G057870	evm.model.RL_2.1513
OG0010852	As003G058050	evm.model.RL_2.1533
OG0010853	As003G058740	evm.model.RL_2.1592
OG0010854	As003G058810	evm.model.RL_2.1596
OG0010856	As003G059560	evm.model.RL_2.1655
OG0010857	As003G059600	evm.model.RL_2.1660
OG0010858	As003G059750	evm.model.RL_2.1679
OG0010859	As003G060160	evm.model.RL_2.1710
OG0010860	As003G061600	evm.model.RL_2.1874
OG0010861	As003G062170	evm.model.RL_2.1923
OG0010862	As004G083570, As003G062720	evm.model.RL_5.2633
OG0010863	As003G062830	evm.model.RL_5.2615
OG0010864	As003G062870	evm.model.RL_5.2604
OG0010865	As003G062970, As004G083300	evm.model.RL_5.2600
OG0010866	As003G063530, As004G080460	evm.model.RL_5.2519
OG0010867	As003G063580	evm.model.RL_5.2513
OG0010868	As003G064400	evm.model.RL_6.2110
OG0010869	As003G064560	evm.model.RL_5.2331
OG0010870	As003G064720	evm.model.RL_5.2374
OG0010871	As003G064840	evm.model.RL_5.2366
OG0010872	As003G065810	evm.model.RL_5.2265
OG0010873	As003G068400	evm.model.RL_5.3089
OG0010874	As003G068750	evm.model.RL_5.3071
OG0010875	As003G069110	evm.model.RL_5.3051
OG0010876	As003G069140	evm.model.RL_5.3049
OG0010878	As003G069460	evm.model.RL_5.3026
OG0010879	As003G070740	evm.model.RL_5.2946
OG0010880	As003G071080	evm.model.RL_5.2886
OG0010881	As003G071200	evm.model.RL_5.2872
OG0010882	As003G071330	evm.model.RL_5.2858
OG0010883	As003G071600	evm.model.RL_5.2838
OG0010885	As003G072360	evm.model.RL_2.3136
OG0010886	As003G072540	evm.model.RL_2.3158
OG0010887	As003G072700, As011G265440	evm.model.RL_1.3013
OG0010888	As003G072860	evm.model.RL_2.3181
OG0010889	As003G072910	evm.model.RL_2.3186
OG0010890	As003G073690	evm.model.RL_2.3259
OG0010891	As003G073800	evm.model.RL_2.3267.1.687c86e8
OG0010893	As007G180360, As003G074730	evm.model.RL_2.3342
OG0010894	As003G074910	evm.model.RL_2.3360
OG0010895	As003G075510	evm.model.RL_2.3397
OG0010896	As003G075800	evm.model.RL_2.3426
OG0010897	As003G076190	evm.model.RL_2.3461
OG0010898	As003G076240	evm.model.RL_2.3468
OG0010899	As003G076280	evm.model.RL_4.83
OG0010900	As007G182150, As003G076320	evm.model.RL_6.7
OG0010901	As003G076400	evm.model.RL_2.3494
OG0010902	As003G076460	evm.model.RL_2.3488
OG0010903	As003G076530	evm.model.RL_2.3482
OG0010904	As003G076540	evm.model.RL_2.3481
OG0010905	As003G076610	evm.model.RL_2.3504
OG0010906	As004G076860	evm.model.RL_2.572
OG0010907	As004G076980	evm.model.RL_2.559
OG0010908	As004G077160	evm.model.RL_2.505
OG0010909	As004G077190	evm.model.RL_1.2171
OG0010910	As004G077400	evm.model.RL_2.436
OG0010911	As004G077890	evm.model.RL_2.362
OG0010912	As004G077930	evm.model.RL_2.353, evm.model.RL_2.348, evm.model.RL_2.360
OG0010913	As004G078020	evm.model.RL_2.329
OG0010914	As004G078120	evm.model.RL_2.305
OG0010915	As004G078460	evm.model.RL_2.263
OG0010916	As004G078730	evm.model.RL_6.1587
OG0010917	As004G078780	evm.model.RL_6.1591
OG0010918	As004G079680	evm.model.RL_6.1615
OG0010919	As004G079750	evm.model.RL_5.2697
OG0010920	As004G080150	evm.model.RL_8.827.2.687c8558
OG0010921	As004G080170	evm.model.RL_3.910
OG0010922	As004G080640	evm.model.RL_8.893
OG0010923	As004G080780	evm.model.RL_8.900
OG0010924	As004G080900	evm.model.RL_8.913
OG0010925	As004G081090	evm.model.RL_6.1516
OG0010926	As004G081220	evm.model.RL_6.1497
OG0010927	As004G081390	evm.model.RL_6.1478
OG0010928	As004G081450	evm.model.RL_6.1473
OG0010929	As004G081820	evm.model.RL_4.546
OG0010930	As004G082330	evm.model.RL_4.634, evm.model.RL_4.637
OG0010931	As004G082400	evm.model.RL_4.645
OG0010933	As004G082450	evm.model.RL_4.653
OG0010934	As004G082610	evm.model.RL_4.676.5.687c86cf
OG0010935	As004G083440	evm.model.RL_8.766
OG0010936	As004G083960	evm.model.RL_8.705
OG0010937	As004G084430	evm.model.RL_8.654
OG0010938	As004G084860	evm.model.RL_8.581.3.687c8557
OG0010939	As004G085630	evm.model.RL_8.481
OG0010940	As004G085910	evm.model.RL_8.448.1.687c8556
OG0010941	As004G085960	evm.model.RL_8.441
OG0010942	As004G086000	evm.model.RL_8.437, evm.model.RL_4.708
OG0010943	As004G086050	evm.model.RL_8.431
OG0010944	As004G086720	evm.model.RL_4.412
OG0010945	As004G087070	evm.model.RL_3.1189
OG0010946	As004G088020	evm.model.RL_4.282
OG0010947	As004G088180	evm.model.RL_4.257
OG0010948	As004G088250	evm.model.RL_4.249
OG0010949	As004G088940	evm.model.RL_4.179
OG0010950	As004G089130	evm.model.RL_4.142
OG0010951	As004G089710	evm.model.RL_4.89
OG0010952	As004G090540	evm.model.RL_4.217, evm.model.RL_4.9
OG0010953	As004G091130	evm.model.RL_4.54
OG0010954	As004G091520, As009G211660	evm.model.RL_1.2459
OG0010955	As004G091830	evm.model.RL_1.2454
OG0010956	As004G092560	evm.model.RL_2.589
OG0010957	As004G092690, As011G258260	evm.model.RL_1.2448
OG0010959	As004G092940	evm.model.RL_6.2088
OG0010960	As004G094080	evm.model.RL_2.843
OG0010961	As004G094860	evm.model.RL_2.892
OG0010962	As004G094880	evm.model.RL_2.894
OG0010963	As004G094920, As004G094930	evm.model.RL_2.899, evm.model.RL_5.2307.1.687c88ba
OG0010964	As004G095060	evm.model.RL_2.905, evm.model.RL_2.904
OG0010965	As004G095260	evm.model.RL_3.883, evm.model.RL_2.784
OG0010966	As004G095770	evm.model.RL_2.989
OG0010968	As004G096810	evm.model.RL_2.229
OG0010969	As004G096830	evm.model.RL_2.226
OG0010970	As004G096880	evm.model.RL_1.2474
OG0010971	As004G096940	evm.model.RL_1.2482
OG0010972	As004G096950	evm.model.RL_1.2483
OG0010973	As004G096960	evm.model.RL_2.209
OG0010974	As004G097260	evm.model.RL_2.28
OG0010975	As004G097320	evm.model.RL_2.36
OG0010976	As004G097430	evm.model.RL_2.47
OG0010977	As004G097500	evm.model.RL_2.55
OG0010978	As004G098180	evm.model.RL_2.165
OG0010979	As004G098450	evm.model.RL_2.197
OG0010980	As005G098830	evm.model.RL_6.2939
OG0010981	As005G098990	evm.model.RL_6.2932
OG0010982	As005G099000	evm.model.RL_6.2931
OG0010983	As005G099450	evm.model.RL_6.2899
OG0010984	As005G099520	evm.model.RL_6.2892
OG0010985	As005G099610	evm.model.RL_6.2838, evm.model.RL_6.2883, evm.model.RL_6.2839
OG0010986	As005G099770	evm.model.RL_6.2870
OG0010987	As005G100290	evm.model.RL_6.2815
OG0010988	As005G100940	evm.model.RL_6.2758
OG0010990	As005G101420	evm.model.RL_6.2701
OG0010991	As005G101430	evm.model.RL_6.2700
OG0010992	As005G101860	evm.model.RL_6.2660, evm.model.RL_6.2695, evm.model.RL_1.497
OG0010993	As005G102100	evm.model.RL_6.2637, evm.model.RL_8.2838
OG0010994	As005G102550	evm.model.RL_6.2594
OG0010995	As005G102560	evm.model.RL_6.2593
OG0010996	As005G102630	evm.model.RL_6.2582
OG0010997	As005G102820	evm.model.RL_6.2566
OG0010998	As005G103970	evm.model.RL_7.414
OG0010999	As005G104380	evm.model.RL_3.1230
OG0011000	As005G104430	evm.model.RL_6.2417
OG0011001	As005G104550	evm.model.RL_6.2408
OG0011002	As005G104730	evm.model.RL_6.2388
OG0011003	As005G105280	evm.model.RL_6.2351
OG0011004	As005G105490	evm.model.RL_6.2309
OG0011005	As005G105680	evm.model.RL_6.2302
OG0011006	As005G105800	evm.model.RL_6.2296
OG0011007	As005G105810	evm.model.RL_6.2295
OG0011008	As005G105960	evm.model.RL_6.2289
OG0011009	As005G106000	evm.model.RL_6.2286
OG0011010	As005G106200	evm.model.RL_4.3413
OG0011011	As005G106310	evm.model.RL_4.3408
OG0011012	As005G106320	evm.model.RL_4.3407
OG0011013	As005G106380	evm.model.RL_4.3401
OG0011014	As005G106400	evm.model.RL_4.3399
OG0011015	As005G106440	evm.model.RL_4.3396
OG0011016	As005G106710	evm.model.RL_8.372
OG0011018	As005G107570	evm.model.RL_4.3286
OG0011019	As005G107670	evm.model.RL_4.3278
OG0011020	As005G107700	evm.model.RL_4.3272
OG0011021	As005G107850	evm.model.RL_4.3255
OG0011022	As005G108190	evm.model.RL_4.3206
OG0011023	As005G108280	evm.model.RL_4.3193
OG0011024	As005G108930	evm.model.RL_4.3132
OG0011026	As005G109690	evm.model.RL_4.1134.1.687c86d2
OG0011027	As005G111460	evm.model.RL_4.1629
OG0011028	As005G111930, As005G120870	evm.model.RL_8.2862
OG0011029	As005G111950	evm.model.RL_4.1593
OG0011031	As005G112410	evm.model.RL_4.1563
OG0011032	As005G112630	evm.model.RL_4.1544
OG0011033	As005G113010, As005G113050, As005G113060	evm.model.RL_4.1526
OG0011034	As005G113070	evm.model.RL_4.1522
OG0011035	As005G113440	evm.model.RL_4.1464
OG0011036	As005G113450	evm.model.RL_4.1463
OG0011037	As005G114090	evm.model.RL_8.2132
OG0011038	As005G114120	evm.model.RL_8.2128
OG0011039	As005G114230	evm.model.RL_8.2118
OG0011040	As005G114250	evm.model.RL_8.2114
OG0011041	As005G115080	evm.model.RL_8.2016
OG0011042	As005G115600	evm.model.RL_8.2030
OG0011043	As005G115880	evm.model.RL_8.1974
OG0011044	As005G116560	evm.model.RL_8.2430
OG0011045	As005G116810	evm.model.RL_8.2456
OG0011046	As005G117120	evm.model.RL_8.2495
OG0011047	As005G117130	evm.model.RL_8.2496
OG0011048	As005G117220	evm.model.RL_8.2502
OG0011049	As005G117620	evm.model.RL_8.2546
OG0011050	As010G220920, As005G119800	evm.model.RL_7.1326, evm.model.RL_7.1006
OG0011051	As005G119940	evm.model.RL_8.2785
OG0011052	As005G119950	evm.model.RL_8.2786
OG0011053	As005G120280	evm.model.RL_8.2807
OG0011054	As005G120610	evm.model.RL_8.2832
OG0011055	As005G120790	evm.model.RL_8.2854
OG0011056	As005G120920	evm.model.RL_3.493
OG0011057	As006G121390	evm.model.RL_8.73, evm.model.RL_7.1840
OG0011058	As006G121400	evm.model.RL_8.72
OG0011059	As006G121590	evm.model.RL_8.53
OG0011060	As006G121680	evm.model.RL_8.41
OG0011061	As006G122180	evm.model.RL_8.145
OG0011062	As006G122390	evm.model.RL_8.222
OG0011063	As006G122450	evm.model.RL_8.214.1.687c8555
OG0011064	As006G122460	evm.model.RL_8.213
OG0011065	As006G122490	evm.model.RL_8.210
OG0011067	As006G122590	evm.model.RL_8.203
OG0011069	As006G122750	evm.model.RL_8.180
OG0011070	As006G122860	evm.model.RL_8.166
OG0011071	As006G123040	evm.model.RL_8.242
OG0011072	As006G123220, As008G197650	evm.model.RL_8.265
OG0011073	As006G123260	evm.model.RL_8.269
OG0011074	As006G123340	evm.model.RL_8.277
OG0011075	As006G123630	evm.model.RL_8.313
OG0011076	As006G123670	evm.model.RL_8.309
OG0011077	As006G124140	evm.model.RL_8.368
OG0011078	As006G124730	evm.model.RL_4.486
OG0011079	As006G125630	evm.model.RL_6.1387
OG0011080	As006G125890	evm.model.RL_7.255
OG0011081	As006G125910	evm.model.RL_6.1367
OG0011082	As006G126030	evm.model.RL_6.1313, evm.model.RL_6.1382
OG0011083	As006G126040	evm.model.RL_6.1383
OG0011084	As006G126390	evm.model.RL_6.1306
OG0011085	As006G127470	evm.model.RL_6.1214
OG0011086	As006G127690	evm.model.RL_6.1186
OG0011087	As006G128020	evm.model.RL_6.1145
OG0011088	As006G128620	evm.model.RL_6.1080
OG0011089	As006G128770	evm.model.RL_6.1058
OG0011090	As006G128890	evm.model.RL_6.1038
OG0011091	As006G129310	evm.model.RL_6.994
OG0011092	As006G129650	evm.model.RL_6.1783, evm.model.RL_6.964
OG0011093	As006G129920	evm.model.RL_6.935
OG0011094	As006G129970	evm.model.RL_6.928
OG0011095	As006G130110	evm.model.RL_6.906
OG0011096	As006G130430	evm.model.RL_6.849
OG0011097	As006G130500	evm.model.RL_6.755
OG0011098	As006G130810	evm.model.RL_6.814
OG0011099	As006G130980	evm.model.RL_6.749
OG0011100	As006G130990	evm.model.RL_6.748
OG0011101	As006G131250	evm.model.RL_4.787
OG0011102	As006G131430	evm.model.RL_4.2593
OG0011103	As007G161430, As006G131800	evm.model.RL_5.3219
OG0011104	As006G132190	evm.model.RL_6.489
OG0011106	As006G132760	evm.model.RL_1.82
OG0011107	As006G132840	evm.model.RL_1.71
OG0011108	As006G133150	evm.model.RL_1.45
OG0011109	As006G133270	evm.model.RL_6.1108
OG0011110	As006G133610	evm.model.RL_1.10
OG0011111	As006G134030	evm.model.RL_6.2270
OG0011112	As006G134040	evm.model.RL_6.2268
OG0011113	As006G134530	evm.model.RL_2.2197
OG0011114	As006G134570	evm.model.RL_2.2193
OG0011115	As006G134580	evm.model.RL_2.2192
OG0011117	As006G135680	evm.model.RL_1.184
OG0011118	As006G135740	evm.model.RL_1.194.3.687c87e9
OG0011119	As009G202720, As006G135960	evm.model.RL_1.218
OG0011120	As006G136290	evm.model.RL_4.1693
OG0011121	As006G136860	evm.model.RL_1.297
OG0011122	As006G137620	evm.model.RL_1.358
OG0011123	As006G138220	evm.model.RL_1.429
OG0011125	As006G138420	evm.model.RL_1.437
OG0011126	As006G138850	evm.model.RL_1.466
OG0011127	As006G139240	evm.model.RL_1.517.2.687c87ea
OG0011128	As006G139560	evm.model.RL_1.540
OG0011129	As006G139610	evm.model.RL_1.544
OG0011130	As006G139740	evm.model.RL_1.2509
OG0011132	As006G141170	evm.model.RL_1.687
OG0011133	As006G141720	evm.model.RL_1.750
OG0011134	As006G141870	evm.model.RL_1.763
OG0011135	As006G142220	evm.model.RL_1.802
OG0011136	As006G142240	evm.model.RL_1.803
OG0011137	As006G142340	evm.model.RL_6.2172
OG0011139	As006G143320	evm.model.RL_6.2082
OG0011140	As006G144140	evm.model.RL_6.2011
OG0011141	As006G144310	evm.model.RL_6.1993, evm.model.RL_6.1988
OG0011142	As006G144550	evm.model.RL_6.1696
OG0011143	As006G144750	evm.model.RL_6.1716
OG0011144	As006G145560	evm.model.RL_6.1796
OG0011145	As006G145970	evm.model.RL_6.1850
OG0011146	As006G146170	evm.model.RL_6.1840
OG0011147	As006G146670	evm.model.RL_6.1817
OG0011148	As006G146820	evm.model.RL_6.1878
OG0011149	As006G147010	evm.model.RL_6.1895, evm.model.RL_6.1054
OG0011150	As006G147090	evm.model.RL_6.1932
OG0011151	As006G148150	evm.model.RL_6.1961
OG0011152	As006G148270	evm.model.RL_6.1960
OG0011153	As007G152420	evm.model.RL_5.1449
OG0011154	As007G152510	evm.model.RL_5.2827
OG0011155	As007G152560	evm.model.RL_5.1458, evm.model.RL_6.948
OG0011156	As007G152860	evm.model.RL_5.1485
OG0011157	As007G153620	evm.model.RL_5.1563
OG0011158	As007G153640, As010G241570	evm.model.RL_5.1565
OG0011159	As007G154100	evm.model.RL_5.1602
OG0011161	As007G154370	evm.model.RL_5.1623
OG0011162	As007G155900	evm.model.RL_5.1793
OG0011163	As007G156020	evm.model.RL_5.1810
OG0011164	As007G156280	evm.model.RL_5.1840
OG0011165	As007G156530	evm.model.RL_5.3696
OG0011166	As007G157280	evm.model.RL_5.3615
OG0011167	As007G157980	evm.model.RL_5.3579
OG0011168	As007G159000	evm.model.RL_5.3478
OG0011169	As007G159710	evm.model.RL_5.3402
OG0011170	As007G160040	evm.model.RL_5.3369
OG0011171	As007G160190	evm.model.RL_5.3352
OG0011172	As007G160480	evm.model.RL_5.3317
OG0011173	As007G160730	evm.model.RL_5.3287
OG0011174	As007G160890	evm.model.RL_1.1176
OG0011175	As007G161310	evm.model.RL_5.3230
OG0011176	As007G161350	evm.model.RL_5.3226
OG0011177	As007G161480	evm.model.RL_5.3214
OG0011178	As007G161700	evm.model.RL_5.3199
OG0011179	As007G161730	evm.model.RL_5.3195
OG0011180	As007G161980	evm.model.RL_5.3172
OG0011181	As007G162040	evm.model.RL_5.3151
OG0011183	As007G162290	evm.model.RL_8.2869
OG0011184	As007G162660	evm.model.RL_5.3139
OG0011185	As007G163420	evm.model.RL_2.655
OG0011186	As007G164450	evm.model.RL_2.2028
OG0011187	As007G165170	evm.model.RL_2.2076
OG0011190	As007G177660	evm.model.RL_2.224
OG0011191	As007G178530	evm.model.RL_6.298
OG0011192	As007G179170	evm.model.RL_6.260
OG0011193	As007G179200	evm.model.RL_6.257
OG0011194	As007G179860	evm.model.RL_6.196
OG0011195	As007G180510	evm.model.RL_6.115
OG0011196	As007G180640	evm.model.RL_6.95
OG0011197	As007G180780	evm.model.RL_6.73
OG0011199	As008G183070	evm.model.RL_5.1276
OG0011200	As008G183240	evm.model.RL_5.1267
OG0011201	As008G183300	evm.model.RL_5.1256
OG0011202	As008G183480	evm.model.RL_5.1235
OG0011203	As008G183680	evm.model.RL_5.1215
OG0011204	As008G184380	evm.model.RL_5.1152
OG0011205	As008G184460	evm.model.RL_5.1142
OG0011207	As008G185360	evm.model.RL_5.1065.3.687c88b1
OG0011208	As008G185590	evm.model.RL_5.1050
OG0011209	As008G185960	evm.model.RL_5.1016.2.687c88b1
OG0011210	As008G186660	evm.model.RL_3.394
OG0011211	As008G187100	evm.model.RL_5.915
OG0011213	As008G187780	evm.model.RL_5.866
OG0011214	As008G188990	evm.model.RL_5.765
OG0011215	As008G189180	evm.model.RL_2.1229
OG0011216	As008G189340	evm.model.RL_5.745
OG0011217	As008G189970	evm.model.RL_5.727
OG0011218	As008G190130	evm.model.RL_5.2226
OG0011219	As008G190880	evm.model.RL_5.660
OG0011220	As008G192890	evm.model.RL_5.585
OG0011221	As008G192940	evm.model.RL_5.577
OG0011222	As008G193220	evm.model.RL_5.541
OG0011223	As008G193720	evm.model.RL_5.494
OG0011224	As008G194140	evm.model.RL_5.464
OG0011225	As008G194180	evm.model.RL_5.460
OG0011226	As008G194230	evm.model.RL_5.458
OG0011227	As008G194260	evm.model.RL_5.453.1.687c88ac
OG0011228	As008G194730	evm.model.RL_5.419
OG0011229	As008G194810	evm.model.RL_5.410
OG0011231	As008G195880	evm.model.RL_5.323
OG0011232	As008G196000	evm.model.RL_5.310
OG0011233	As008G196730	evm.model.RL_5.251
OG0011234	As008G196770	evm.model.RL_5.210
OG0011235	As008G196830	evm.model.RL_5.217
OG0011236	As008G196960	evm.model.RL_5.233
OG0011237	As008G197150	evm.model.RL_5.198
OG0011238	As008G197210	evm.model.RL_5.189
OG0011239	As008G197300	evm.model.RL_5.180
OG0011240	As008G197340	evm.model.RL_5.176
OG0011241	As008G197580	evm.model.RL_5.150
OG0011243	As008G197850	evm.model.RL_5.120
OG0011244	As008G197920	evm.model.RL_5.109
OG0011245	As008G198560	evm.model.RL_5.51
OG0011246	As008G199400	evm.model.RL_8.2907
OG0011247	As009G199810	evm.model.RL_4.2227
OG0011248	As009G200100	evm.model.RL_4.2195
OG0011249	As009G200210	evm.model.RL_4.2207
OG0011251	As009G200440	evm.model.RL_4.2159
OG0011252	As009G201280	evm.model.RL_4.2103
OG0011253	As009G202350	evm.model.RL_4.2001
OG0011254	As009G202430	evm.model.RL_4.1991
OG0011255	As009G202640	evm.model.RL_4.1973
OG0011256	As009G203300	evm.model.RL_4.1904
OG0011257	As009G203350, As009G203340, As009G203330	evm.model.RL_4.1906
OG0011258	As009G203770	evm.model.RL_4.1859
OG0011259	As009G203940	evm.model.RL_3.687, evm.model.RL_3.1210
OG0011260	As009G204240	evm.model.RL_4.1813
OG0011261	As009G204340	evm.model.RL_4.1805
OG0011262	As009G204490	evm.model.RL_4.1790
OG0011263	As009G204920	evm.model.RL_4.1746
OG0011264	As009G205430	evm.model.RL_4.1119
OG0011265	As009G205630	evm.model.RL_4.1098
OG0011266	As009G205730	evm.model.RL_4.1078
OG0011267	As009G205780	evm.model.RL_4.1082.1.687c86d1
OG0011268	As009G205920	evm.model.RL_4.1068.1.687c86d1
OG0011269	As009G206720	evm.model.RL_4.1019
OG0011270	As009G207180	evm.model.RL_4.967
OG0011271	As009G207220	evm.model.RL_4.955
OG0011272	As009G207320	evm.model.RL_4.945
OG0011273	As009G207560	evm.model.RL_4.924
OG0011274	As009G207950	evm.model.RL_4.894
OG0011275	As009G208020	evm.model.RL_4.909
OG0011276	As009G208900	evm.model.RL_4.807
OG0011277	As009G210510	evm.model.RL_4.2272
OG0011278	As009G211130, As009G210980	evm.model.RL_4.2856
OG0011279	As009G212480	evm.model.RL_4.2921
OG0011280	As009G212800	evm.model.RL_4.2951
OG0011281	As009G213120	evm.model.RL_5.2455
OG0011282	As009G213220	evm.model.RL_4.2993
OG0011283	As009G213260	evm.model.RL_4.2996
OG0011284	As009G213310	evm.model.RL_4.3001
OG0011285	As009G213320	evm.model.RL_1.1130
OG0011286	As009G214610	evm.model.RL_4.3086.1.687c86dd
OG0011287	As009G214790	evm.model.RL_2.496, evm.model.RL_4.1146
OG0011288	As009G215210	evm.model.RL_6.2583, evm.model.RL_4.1180
OG0011289	As009G215220	evm.model.RL_4.1179
OG0011290	As009G215320	evm.model.RL_4.1203
OG0011291	As009G215440	evm.model.RL_4.1215
OG0011292	As009G215760	evm.model.RL_4.1241
OG0011293	As009G215890	evm.model.RL_4.1258
OG0011294	As009G216400	evm.model.RL_4.1305.4.687c86d3
OG0011295	As009G216540	evm.model.RL_4.1327
OG0011296	As009G216740	evm.model.RL_4.1340
OG0011297	As009G216830	evm.model.RL_4.1351.1.687c86d3
OG0011298	As009G217770	evm.model.RL_8.2182
OG0011299	As009G218210	evm.model.RL_8.2237
OG0011300	As009G219140	evm.model.RL_8.2342
OG0011301	As009G219480	evm.model.RL_8.1995, evm.model.RL_8.1963
OG0011302	As009G219600	evm.model.RL_8.1955
OG0011303	As009G220010	evm.model.RL_8.1912
OG0011304	As009G220030	evm.model.RL_8.1910
OG0011305	As009G220130	evm.model.RL_8.1899
OG0011306	As010G220460	evm.model.RL_7.1274
OG0011307	As010G220900	evm.model.RL_7.1325
OG0011309	As010G220940	evm.model.RL_7.1328
OG0011310	As010G221010	evm.model.RL_7.1342
OG0011311	As010G221030	evm.model.RL_7.1344
OG0011312	As010G221430	evm.model.RL_7.1409.1.687c84b9
OG0011313	As010G222220	evm.model.RL_7.1483
OG0011314	As010G222540	evm.model.RL_7.1522
OG0011315	As010G222570	evm.model.RL_7.1524
OG0011316	As010G222990	evm.model.RL_7.1560
OG0011317	As010G223720	evm.model.RL_5.1236
OG0011318	As010G224680	evm.model.RL_7.1748
OG0011319	As010G224700	evm.model.RL_7.1750
OG0011321	As010G225680	evm.model.RL_7.1843
OG0011322	As010G226180	evm.model.RL_7.1906, evm.model.RL_7.1904
OG0011323	As010G227310	evm.model.RL_7.1937
OG0011324	As010G227500	evm.model.RL_7.2007
OG0011325	As010G228210	evm.model.RL_2.75
OG0011326	As010G228580	evm.model.RL_3.1200
OG0011327	As010G230100	evm.model.RL_3.1195
OG0011328	As010G230390	evm.model.RL_3.1169
OG0011329	As010G231190	evm.model.RL_3.1245
OG0011330	As010G231300	evm.model.RL_3.1252
OG0011331	As010G232700	evm.model.RL_3.1348
OG0011332	As010G232770	evm.model.RL_3.1360
OG0011333	As010G233110	evm.model.RL_3.1597
OG0011334	As010G233360	evm.model.RL_3.1437
OG0011335	As010G233420	evm.model.RL_3.1445.3.687c84bc
OG0011336	As010G233490	evm.model.RL_3.1449
OG0011337	As010G233680	evm.model.RL_3.1468
OG0011338	As010G233900	evm.model.RL_3.1503
OG0011339	As010G234360	evm.model.RL_3.1556
OG0011340	As010G234420	evm.model.RL_3.1559
OG0011341	As010G234590	evm.model.RL_3.1572
OG0011342	As010G234910	evm.model.RL_3.1602
OG0011343	As010G235200	evm.model.RL_3.2222
OG0011344	As010G235230	evm.model.RL_3.2219
OG0011345	As010G235530	evm.model.RL_3.2189
OG0011346	As010G236040	evm.model.RL_3.2145
OG0011347	As010G236500	evm.model.RL_5.3618
OG0011348	As010G237130	evm.model.RL_3.2047
OG0011349	As010G237770	evm.model.RL_3.1984
OG0011350	As010G237800	evm.model.RL_5.1822
OG0011351	As010G237890	evm.model.RL_2.864, evm.model.RL_2.863
OG0011353	As010G238210	evm.model.RL_4.738
OG0011354	As010G238230	evm.model.RL_3.1948
OG0011355	As010G238430	evm.model.RL_3.1929
OG0011356	As010G238700	evm.model.RL_3.1898
OG0011357	As010G239060	evm.model.RL_3.1861
OG0011358	As010G239140	evm.model.RL_3.1853
OG0011359	As010G239530	evm.model.RL_3.1809
OG0011360	As010G239590	evm.model.RL_3.1804
OG0011361	As010G241050	evm.model.RL_3.1663
OG0011362	As010G243580	evm.model.RL_3.2414
OG0011363	As010G243590	evm.model.RL_3.2415
OG0011364	As010G243790	evm.model.RL_3.2435.2.687c84be
OG0011365	As010G244150	evm.model.RL_3.2463
OG0011366	As011G244760	evm.model.RL_1.1191
OG0011367	As011G244830	evm.model.RL_1.1197
OG0011368	As011G244970	evm.model.RL_1.1217
OG0011369	As011G245020	evm.model.RL_1.1222
OG0011370	As011G245040	evm.model.RL_1.1224
OG0011371	As011G245430	evm.model.RL_1.1258
OG0011372	As011G245690	evm.model.RL_1.1289
OG0011373	As011G245780	evm.model.RL_1.1297
OG0011374	As011G246050	evm.model.RL_1.1322
OG0011375	As011G246130	evm.model.RL_1.1328.2.687c87ec
OG0011376	As011G246320	evm.model.RL_1.1346
OG0011377	As011G246570	evm.model.RL_1.1374
OG0011378	As012G269660, As011G246750, As011G246760	evm.model.RL_5.3810.1.687c88c5
OG0011379	As011G247040	evm.model.RL_1.1410
OG0011380	As011G247120	evm.model.RL_1.1417
OG0011381	As011G247220	evm.model.RL_1.1428
OG0011382	As011G247380	evm.model.RL_1.1445
OG0011383	As011G247440	evm.model.RL_1.1454
OG0011384	As011G247540	evm.model.RL_1.1462
OG0011385	As011G247640	evm.model.RL_1.1474
OG0011386	As011G248390	evm.model.RL_1.1551, evm.model.RL_1.1555, evm.model.RL_1.1547
OG0011387	As011G248490	evm.model.RL_1.1564
OG0011388	As011G248510, As011G248520	evm.model.RL_1.1566
OG0011389	As011G248550	evm.model.RL_1.1570, evm.model.RL_1.1571
OG0011390	As011G249460	evm.model.RL_1.1659
OG0011392	As011G249980	evm.model.RL_1.1706
OG0011393	As011G250320	evm.model.RL_1.1735
OG0011394	As011G250660	evm.model.RL_1.1768
OG0011395	As011G250820	evm.model.RL_1.1785
OG0011396	As011G251130	evm.model.RL_1.1810
OG0011397	As011G251270	evm.model.RL_1.1824
OG0011398	As011G251380	evm.model.RL_1.1835
OG0011399	As011G251390	evm.model.RL_1.1836.1.687c87ee
OG0011400	As011G251420	evm.model.RL_1.1841
OG0011402	As011G252490	evm.model.RL_7.2300
OG0011403	As011G252690	evm.model.RL_1.1961
OG0011404	As011G252780	evm.model.RL_8.2839, evm.model.RL_1.1968, evm.model.RL_8.2837
OG0011405	As011G252970	evm.model.RL_1.1993
OG0011406	As011G253340	evm.model.RL_1.2041.1.687c87ee
OG0011407	As011G253940	evm.model.RL_1.2105
OG0011408	As011G253960	evm.model.RL_1.2107
OG0011409	As011G254100	evm.model.RL_1.2119
OG0011410	As011G254190	evm.model.RL_1.2129
OG0011411	As011G254500	evm.model.RL_1.2158
OG0011412	As011G254530	evm.model.RL_1.2161
OG0011413	As011G255030	evm.model.RL_1.2206, evm.model.RL_1.2198
OG0011414	As011G255270	evm.model.RL_1.2225
OG0011415	As011G256010	evm.model.RL_1.2300
OG0011416	As011G256340	evm.model.RL_1.2328
OG0011417	As011G256720	evm.model.RL_1.2357
OG0011418	As011G257350	evm.model.RL_1.2390
OG0011419	As011G257680	evm.model.RL_1.2411
OG0011420	As011G258410, As011G258370, As011G258360	evm.model.RL_1.2444
OG0011421	As011G258770	evm.model.RL_1.2487
OG0011422	As011G259280	evm.model.RL_1.2584
OG0011423	As011G261000	evm.model.RL_1.2569
OG0011424	As011G261120	evm.model.RL_1.2567
OG0011425	As011G261280	evm.model.RL_1.2558
OG0011426	As011G261540	evm.model.RL_1.2541
OG0011427	As011G261630	evm.model.RL_1.2525
OG0011428	As011G261800	evm.model.RL_3.1620
OG0011429	As011G262810	evm.model.RL_1.2764
OG0011430	As011G263090	evm.model.RL_1.2801
OG0011431	As011G263210	evm.model.RL_1.2806
OG0011432	As011G264550	evm.model.RL_1.2942
OG0011433	As011G264940	evm.model.RL_1.2982
OG0011434	As011G265260	evm.model.RL_1.3028
OG0011435	As011G265370	evm.model.RL_1.3018
OG0011436	As011G265660	evm.model.RL_1.3069
OG0011437	As011G266070	evm.model.RL_1.3122
OG0011438	As011G266170	evm.model.RL_1.3132
OG0011439	As011G266490	evm.model.RL_1.3155
OG0011441	As011G266790	evm.model.RL_1.3194
OG0011442	As011G267140	evm.model.RL_1.3223
OG0011443	As011G267430	evm.model.RL_1.3281
OG0011444	As011G267480	evm.model.RL_1.3272
OG0011445	As012G269270	evm.model.RL_5.3864
OG0011446	As012G269620	evm.model.RL_5.3821, evm.model.RL_5.3818
OG0011447	As012G269740	evm.model.RL_5.3802
OG0011448	As012G269800	evm.model.RL_5.3794
OG0011449	As012G271040	evm.model.RL_5.1881
OG0011450	As012G271090	evm.model.RL_5.1888, evm.model.RL_5.1886
OG0011451	As012G271260	evm.model.RL_5.1894
OG0011452	As012G272000	evm.model.RL_1.1951
OG0011453	As012G272840	evm.model.RL_5.2076
OG0011454	As012G273620	evm.model.RL_5.2152
OG0011455	As012G274070	evm.model.RL_5.2208
OG0011457	As012G274410	evm.model.RL_2.1155
OG0011458	As012G275030	evm.model.RL_6.1564
OG0011459	As012G275040	evm.model.RL_6.1563
OG0011460	As012G275170	evm.model.RL_6.1551
OG0011461	As012G275380	evm.model.RL_6.1533
OG0011462	As012G275670	evm.model.RL_7.1175
OG0011463	As012G275750	evm.model.RL_7.1166
OG0011464	As012G276160	evm.model.RL_5.2922
OG0011465	As012G276390	evm.model.RL_7.1101
OG0011466	As012G276430	evm.model.RL_7.1099.1.687c84b8
OG0011468	As012G276790	evm.model.RL_7.1077
OG0011469	As012G277160	evm.model.RL_2.2316
OG0011470	As012G277970	evm.model.RL_7.984
OG0011471	As012G280340	evm.model.RL_7.911
OG0011472	As012G280860	evm.model.RL_7.892.1.687c84b6
OG0011473	As012G281560	evm.model.RL_7.837
OG0011474	As012G282200	evm.model.RL_7.786
OG0011475	As012G282410	evm.model.RL_7.775
OG0011476	As012G283330	evm.model.RL_7.677
OG0011477	As012G283590	evm.model.RL_7.661.2.687c84b5
OG0011478	As012G283620	evm.model.RL_7.659
OG0011479	As012G284010	evm.model.RL_7.618
OG0011480	As012G284480	evm.model.RL_7.547
OG0011481	As012G284590	evm.model.RL_7.535
OG0011482	As012G285460	evm.model.RL_5.732
OG0011483	As012G285520	evm.model.RL_7.410
OG0011484	As012G285800	evm.model.RL_7.935
OG0011485	As012G286380	evm.model.RL_7.321
OG0011486	As012G286780	evm.model.RL_7.299
OG0011487	As012G287070	evm.model.RL_7.265
OG0011488	As012G287370	evm.model.RL_6.2732
OG0011489	As012G287660	evm.model.RL_7.207
OG0011490	As012G287750	evm.model.RL_7.196
OG0011491	As012G287760	evm.model.RL_7.195
OG0011492	As012G287800	evm.model.RL_7.190
OG0011493	As012G287940	evm.model.RL_7.173
OG0011494	As012G288220	evm.model.RL_7.136
OG0011495	As012G288320	evm.model.RL_7.125
OG0011496	As012G288370	evm.model.RL_7.121, evm.model.RL_7.115
OG0011497	As012G288700	evm.model.RL_7.97
OG0011498	As012G288870	evm.model.RL_7.64
OG0011499	As012G289010	evm.model.RL_7.50
OG0011500	As012G289230	evm.model.RL_7.28
OG0011501	As012G289510	evm.model.RL_7.6
OG0011603	As001G000620	evm.model.RL_2.2389, evm.model.RL_2.2384
OG0011604	As001G000640	evm.model.RL_2.2390.2.687c86e5
OG0011605	As001G000750	evm.model.RL_2.2424
OG0011607	As001G000770, As001G000780	evm.model.RL_2.2404
OG0011608	As001G001200	evm.model.RL_2.2459
OG0011609	As001G001680, As011G266060	evm.model.RL_2.2499
OG0011610	As001G002380, As011G265100	evm.model.RL_1.3047
OG0011611	As001G002390	evm.model.RL_2.2554
OG0011612	As001G002520	evm.model.RL_2.2563
OG0011613	As001G002550	evm.model.RL_2.2566
OG0011614	As001G002600	evm.model.RL_2.2568
OG0011615	As001G002620	evm.model.RL_2.2570
OG0011616	As001G002860	evm.model.RL_2.2584
OG0011617	As001G003110	evm.model.RL_2.2603
OG0011618	As001G003790	evm.model.RL_2.2664
OG0011619	As001G003900	evm.model.RL_5.736
OG0011620	As001G004120	evm.model.RL_2.2695
OG0011621	As001G005270	evm.model.RL_2.2770
OG0011622	As001G005320	evm.model.RL_2.2774
OG0011623	As001G005480	evm.model.RL_6.1553
OG0011624	As001G005990	evm.model.RL_2.2799.2.687c86e7
OG0011625	As005G112960, As001G012020	evm.model.RL_4.1530
OG0011626	As001G012440	evm.model.RL_2.2899, evm.model.RL_2.2597
OG0011627	As010G234230, As001G012570	evm.model.RL_3.1542
OG0011628	As001G012750	evm.model.RL_4.1637
OG0011629	As001G012800	evm.model.RL_7.1610, evm.model.RL_2.2947
OG0011630	As001G014210, As011G263200	evm.model.RL_2.2975
OG0011631	As001G015240, As001G015480, As001G015160	evm.model.RL_2.3045
OG0011632	As001G015830	evm.model.RL_5.2819
OG0011633	As001G015850, As004G078950	evm.model.RL_5.2815
OG0011634	As001G015860	evm.model.RL_5.2814
OG0011635	As001G015970	evm.model.RL_5.2801.1.687c88bd
OG0011636	As001G016040	evm.model.RL_5.2791
OG0011637	As001G016570	evm.model.RL_5.2751
OG0011638	As001G016670	evm.model.RL_5.2744
OG0011639	As001G016690	evm.model.RL_5.2742
OG0011640	As001G016960	evm.model.RL_5.2715
OG0011641	As001G017080	evm.model.RL_5.2702
OG0011643	As001G017510	evm.model.RL_2.1249
OG0011645	As001G017680	evm.model.RL_2.1224
OG0011646	As001G017950	evm.model.RL_2.1204
OG0011647	As001G018260	evm.model.RL_6.128, evm.model.RL_1.2771
OG0011648	As001G018380	evm.model.RL_3.769
OG0011649	As001G018410	evm.model.RL_6.554
OG0011650	As001G018560	evm.model.RL_3.751
OG0011651	As001G018700	evm.model.RL_3.737
OG0011652	As001G018770	evm.model.RL_3.726
OG0011654	As001G019120	evm.model.RL_3.660
OG0011655	As001G019320	evm.model.RL_3.625
OG0011656	As001G019530	evm.model.RL_5.842
OG0011657	As001G019630	evm.model.RL_3.572
OG0011658	As001G020110	evm.model.RL_3.541
OG0011659	As001G020570	evm.model.RL_3.533, evm.model.RL_3.482
OG0011660	As001G020620	evm.model.RL_3.480
OG0011661	As001G020690	evm.model.RL_2.531
OG0011662	As001G020930	evm.model.RL_3.448
OG0011663	As001G020950	evm.model.RL_4.501
OG0011664	As001G021420	evm.model.RL_3.419
OG0011665	As001G021850	evm.model.RL_3.319, evm.model.RL_6.124
OG0011666	As008G185670	evm.model.RL_5.1039
OG0011667	As001G022630	evm.model.RL_7.2695
OG0011668	As001G022840	evm.model.RL_7.2715
OG0011669	As001G022900	evm.model.RL_7.2721
OG0011670	As007G159130	evm.model.RL_5.3468
OG0011671	As001G022970	evm.model.RL_7.2638
OG0011672	As001G023110	evm.model.RL_7.2622
OG0011673	As001G023330	evm.model.RL_7.2603
OG0011674	As001G023540	evm.model.RL_7.2585
OG0011675	As001G023600, As012G281070	evm.model.RL_7.2579
OG0011676	As001G023900	evm.model.RL_7.2547
OG0011677	As001G024050	evm.model.RL_7.2521
OG0011678	As001G024640	evm.model.RL_7.2458
OG0011679	As001G024710	evm.model.RL_7.2451
OG0011680	As001G024780	evm.model.RL_7.2447, evm.model.RL_7.2445, evm.model.RL_7.2448
OG0011681	As001G024910	evm.model.RL_7.2432
OG0011682	As001G025400, As001G025410	evm.model.RL_7.2375
OG0011683	As001G025520	evm.model.RL_7.2364
OG0011684	As001G025990	evm.model.RL_7.2316
OG0011685	As001G026100	evm.model.RL_7.2305
OG0011686	As001G026550, As004G097360, As004G097350	evm.model.RL_2.37
OG0011687	As001G027420	evm.model.RL_7.2150
OG0011688	As001G028050	evm.model.RL_7.2054
OG0011689	As001G028410	evm.model.RL_3.1084
OG0011690	As001G028470	evm.model.RL_3.1058
OG0011691	As001G028550	evm.model.RL_3.1051
OG0011692	As001G028720	evm.model.RL_3.1032
OG0011693	As001G028750	evm.model.RL_3.1022
OG0011694	As001G028830	evm.model.RL_3.1019
OG0011695	As001G028880	evm.model.RL_3.1010
OG0011696	As001G028990	evm.model.RL_3.999
OG0011697	As001G029140	evm.model.RL_3.972
OG0011698	As001G029230, As008G196310	evm.model.RL_5.282
OG0011699	As001G029920	evm.model.RL_2.331
OG0011700	As001G030100	evm.model.RL_5.3033
OG0011701	As001G030330	evm.model.RL_3.17
OG0011702	As001G030400	evm.model.RL_3.24
OG0011703	As001G030470	evm.model.RL_3.31
OG0011704	As001G030520	evm.model.RL_3.35
OG0011705	As001G030800	evm.model.RL_3.69
OG0011706	As001G031060	evm.model.RL_3.101
OG0011708	As001G031520	evm.model.RL_3.174
OG0011709	As001G031700	evm.model.RL_3.191
OG0011710	As001G031840	evm.model.RL_3.211
OG0011711	As001G031940	evm.model.RL_3.224
OG0011712	As002G032380	evm.model.RL_1.1157
OG0011713	As002G032700	evm.model.RL_2.2125
OG0011714	As002G033400	evm.model.RL_7.706
OG0011715	As002G033440, As012G283120	evm.model.RL_6.2223
OG0011716	As002G033770	evm.model.RL_6.2192
OG0011717	As002G033830	evm.model.RL_6.2187
OG0011718	As002G033950	evm.model.RL_1.816
OG0011719	As002G034210	evm.model.RL_1.842
OG0011720	As002G034330	evm.model.RL_1.856
OG0011721	As002G034360	evm.model.RL_1.860
OG0011722	As002G034390	evm.model.RL_1.863
OG0011723	As002G034970	evm.model.RL_1.900
OG0011724	As002G035260	evm.model.RL_8.1418
OG0011725	As002G035370	evm.model.RL_1.925
OG0011727	As002G035680	evm.model.RL_1.951
OG0011728	As002G036120	evm.model.RL_1.979
OG0011729	As002G036300	evm.model.RL_1.985
OG0011730	As002G036360	evm.model.RL_1.990
OG0011731	As002G036370	evm.model.RL_1.991
OG0011732	As002G036450	evm.model.RL_1.997
OG0011733	As002G036490	evm.model.RL_1.1002
OG0011734	As002G036750	evm.model.RL_1.1009
OG0011735	As002G037510	evm.model.RL_1.1073
OG0011736	As002G038350	evm.model.RL_1.1116
OG0011737	As002G040720	evm.model.RL_8.1069
OG0011738	As002G041710	evm.model.RL_8.1117
OG0011739	As002G041720	evm.model.RL_8.1115
OG0011740	As002G041880	evm.model.RL_8.1123
OG0011741	As002G042540	evm.model.RL_8.1184
OG0011742	As002G042680	evm.model.RL_8.1192
OG0011743	As002G042900	evm.model.RL_8.1214
OG0011745	As002G043150	evm.model.RL_8.1225
OG0011746	As002G043330	evm.model.RL_8.1236
OG0011747	As002G043440	evm.model.RL_8.1252
OG0011748	As002G043450	evm.model.RL_8.1253
OG0011749	As002G043880	evm.model.RL_8.1298
OG0011750	As002G044160	evm.model.RL_8.1329
OG0011751	As002G044210	evm.model.RL_8.1335
OG0011752	As002G044260	evm.model.RL_8.1341
OG0011753	As002G044380	evm.model.RL_2.941, evm.model.RL_5.2602
OG0011754	As002G045290, As007G165960	evm.model.RL_2.2292
OG0011755	As002G045380	evm.model.RL_8.1457
OG0011756	As002G045500	evm.model.RL_8.1504
OG0011757	As002G045630	evm.model.RL_8.1489
OG0011758	As002G045660	evm.model.RL_8.1484
OG0011759	As002G046050	evm.model.RL_8.1521
OG0011760	As002G046300	evm.model.RL_8.1539
OG0011761	As002G046330	evm.model.RL_8.1542.1.687c855c
OG0011762	As002G046690	evm.model.RL_8.1582
OG0011763	As002G046870	evm.model.RL_2.2207
OG0011764	As002G047210	evm.model.RL_8.1624
OG0011765	As002G047350	evm.model.RL_8.1641
OG0011766	As002G047490	evm.model.RL_8.1656
OG0011767	As002G047540	evm.model.RL_8.1660
OG0011768	As002G047790	evm.model.RL_8.1682
OG0011769	As002G047880	evm.model.RL_8.1689
OG0011770	As002G047930	evm.model.RL_8.1696.1.687c855d
OG0011772	As002G048820	evm.model.RL_8.1789
OG0011773	As002G048840	evm.model.RL_8.1790
OG0011774	As002G048920	evm.model.RL_8.1798
OG0011775	As002G049270	evm.model.RL_8.1836
OG0011776	As002G049400	evm.model.RL_8.1848
OG0011777	As002G049580	evm.model.RL_8.1863
OG0011778	As002G049600	evm.model.RL_8.1865
OG0011779	As002G049980, As002G049970	evm.model.RL_8.992
OG0011780	As002G050060	evm.model.RL_8.998, evm.model.RL_8.975
OG0011781	As002G050460	evm.model.RL_4.2304
OG0011782	As002G051370	evm.model.RL_4.2401
OG0011783	As002G051450	evm.model.RL_4.2406
OG0011784	As002G051790	evm.model.RL_4.2441
OG0011785	As002G052300	evm.model.RL_4.2495
OG0011786	As002G052410	evm.model.RL_4.2508
OG0011787	As002G052640	evm.model.RL_4.2525.2.687c86da
OG0011788	As002G052960	evm.model.RL_4.2546
OG0011789	As002G053490	evm.model.RL_4.2599
OG0011790	As005G117500, As002G053630	evm.model.RL_8.2532
OG0011791	As002G053690	evm.model.RL_4.2625, evm.model.RL_7.2189, evm.model.RL_7.2188
OG0011792	As002G053830	evm.model.RL_4.2645
OG0011793	As002G053870	evm.model.RL_4.2648.2.687c86da
OG0011794	As002G054170	evm.model.RL_4.2676
OG0011795	As002G054250	evm.model.RL_4.2686
OG0011796	As002G054320	evm.model.RL_4.2693
OG0011797	As002G054360	evm.model.RL_4.2697
OG0011798	As002G054490	evm.model.RL_4.2707
OG0011799	As002G055030	evm.model.RL_4.2772
OG0011800	As002G055160	evm.model.RL_4.2786
OG0011801	As002G055370	evm.model.RL_4.2812
OG0011802	As002G055480	evm.model.RL_4.2821
OG0011803	As002G055490	evm.model.RL_4.2822
OG0011804	As003G055960	evm.model.RL_2.1311
OG0011805	As003G056200	evm.model.RL_2.1333
OG0011806	As003G056670	evm.model.RL_2.1386
OG0011807	As007G152950, As007G162560, As003G056840	evm.model.RL_5.1494
OG0011808	As003G056920	evm.model.RL_2.1403
OG0011809	As003G056930	evm.model.RL_2.1404
OG0011810	As003G057440	evm.model.RL_2.1458
OG0011811	As003G057630	evm.model.RL_2.1478
OG0011812	As003G057690	evm.model.RL_2.1484
OG0011813	As003G058090	evm.model.RL_2.1537
OG0011814	As003G058160	evm.model.RL_2.1547
OG0011815	As003G058170	evm.model.RL_2.1548
OG0011816	As003G058250	evm.model.RL_2.1554
OG0011817	As003G058270	evm.model.RL_2.1556
OG0011818	As003G058340	evm.model.RL_2.1562
OG0011819	As003G058510	evm.model.RL_2.1573
OG0011820	As003G058580	evm.model.RL_2.1581
OG0011821	As003G058590	evm.model.RL_2.1582
OG0011822	As003G058600	evm.model.RL_2.1583
OG0011823	As003G058860	evm.model.RL_7.1760, evm.model.RL_2.1600
OG0011824	As003G058890	evm.model.RL_2.1604
OG0011825	As003G058910	evm.model.RL_2.1606
OG0011826	As003G059610	evm.model.RL_2.1662
OG0011827	As003G059720	evm.model.RL_2.1675
OG0011828	As003G059770	evm.model.RL_2.1681
OG0011829	As003G060030	evm.model.RL_2.1706
OG0011830	As003G060120	evm.model.RL_2.1715
OG0011831	As003G060250	evm.model.RL_2.1723
OG0011832	As003G060260	evm.model.RL_2.1725
OG0011833	As003G060320	evm.model.RL_2.1730
OG0011834	As008G189170, As003G060490	evm.model.RL_2.1754
OG0011835	As003G060950	evm.model.RL_7.442, evm.model.RL_2.1803
OG0011836	As003G061570	evm.model.RL_2.1871
OG0011837	As003G061840	evm.model.RL_2.1887
OG0011838	As003G061920	evm.model.RL_2.1896
OG0011839	As003G061940	evm.model.RL_2.1898
OG0011840	As003G062030	evm.model.RL_2.1909
OG0011841	As003G062280	evm.model.RL_5.2685
OG0011842	As003G062300	evm.model.RL_5.2683
OG0011843	As003G062420, As003G062400	evm.model.RL_5.2661
OG0011844	As003G062760	evm.model.RL_5.2629
OG0011845	As003G062800	evm.model.RL_5.2619
OG0011846	As003G062810	evm.model.RL_5.2617
OG0011847	As003G063390	evm.model.RL_5.2538
OG0011848	As003G063550	evm.model.RL_5.2517
OG0011849	As003G063790	evm.model.RL_5.2477
OG0011850	As003G063910	evm.model.RL_5.2461
OG0011853	As003G064510, As005G106580	evm.model.RL_4.3384
OG0011854	As003G064710	evm.model.RL_5.2378
OG0011855	As003G065160	evm.model.RL_5.3131
OG0011856	As003G065240	evm.model.RL_4.128, evm.model.RL_5.2301
OG0011857	As003G065370	evm.model.RL_5.2241
OG0011858	As003G065380	evm.model.RL_5.2243
OG0011859	As003G066070	evm.model.RL_5.2403
OG0011860	As003G066250	evm.model.RL_5.2292
OG0011861	As003G066880	evm.model.RL_4.1891
OG0011862	As003G068420	evm.model.RL_5.3088.1.687c88bf
OG0011863	As003G069040	evm.model.RL_5.3057
OG0011864	As003G069800	evm.model.RL_5.3009
OG0011865	As003G070100	evm.model.RL_5.2970
OG0011866	As003G070290	evm.model.RL_5.2949
OG0011867	As003G070680	evm.model.RL_5.2939
OG0011868	As003G070700	evm.model.RL_5.2942
OG0011869	As003G071420	evm.model.RL_5.2849
OG0011870	As003G071810	evm.model.RL_2.3076
OG0011871	As003G072420	evm.model.RL_2.3142
OG0011872	As003G072560	evm.model.RL_2.3160, evm.model.RL_2.3226
OG0011873	As003G073120	evm.model.RL_2.3207
OG0011874	As003G073140	evm.model.RL_2.3211
OG0011875	As003G073300	evm.model.RL_2.3228
OG0011876	As003G073730	evm.model.RL_2.3262.2.687c86e8
OG0011877	As003G074520	evm.model.RL_2.3322
OG0011878	As003G074550	evm.model.RL_2.3323
OG0011879	As003G074710	evm.model.RL_2.3340
OG0011880	As003G074770	evm.model.RL_2.3346
OG0011881	As003G075070	evm.model.RL_2.3375
OG0011882	As003G075480	evm.model.RL_2.3396
OG0011883	As003G075760	evm.model.RL_4.822, evm.model.RL_2.3422
OG0011884	As003G075820	evm.model.RL_2.3428
OG0011885	As003G075890	evm.model.RL_2.3436.1.687c86e9
OG0011886	As003G075920	evm.model.RL_2.3439
OG0011887	As003G076030	evm.model.RL_2.3445
OG0011888	As003G076090	evm.model.RL_2.3451
OG0011889	As003G076180	evm.model.RL_2.3460
OG0011890	As003G076220	evm.model.RL_2.3466
OG0011891	As003G076410	evm.model.RL_2.3493
OG0011892	As003G076430	evm.model.RL_2.3491
OG0011893	As003G076620	evm.model.RL_2.3505
OG0011894	As003G076630	evm.model.RL_2.3506
OG0011895	As004G076870	evm.model.RL_2.574
OG0011896	As004G077060	evm.model.RL_2.542
OG0011897	As004G077110	evm.model.RL_2.518
OG0011898	As004G077130	evm.model.RL_5.2427
OG0011900	As004G077520	evm.model.RL_2.419
OG0011901	As004G078000	evm.model.RL_2.340
OG0011902	As004G078340	evm.model.RL_2.290
OG0011904	As004G078880	evm.model.RL_6.1598
OG0011906	As004G079400	evm.model.RL_2.2046
OG0011907	As004G079490	evm.model.RL_6.1634
OG0011908	As004G079670	evm.model.RL_6.1616
OG0011909	As004G079900	evm.model.RL_2.110
OG0011910	As004G079950	evm.model.RL_6.1655
OG0011911	As004G080060	evm.model.RL_8.812
OG0011912	As004G080080	evm.model.RL_8.817
OG0011913	As004G080250	evm.model.RL_8.838
OG0011914	As004G080400	evm.model.RL_8.859
OG0011915	As004G080420	evm.model.RL_8.861
OG0011916	As004G080440	evm.model.RL_8.864
OG0011917	As004G080450	evm.model.RL_8.865
OG0011918	As004G080470	evm.model.RL_8.866.2.687c8559
OG0011919	As004G080550	evm.model.RL_8.717
OG0011920	As004G080570	evm.model.RL_8.887
OG0011921	As004G080790	evm.model.RL_8.901
OG0011922	As004G080870	evm.model.RL_8.909
OG0011923	As004G081210	evm.model.RL_6.1499
OG0011924	As004G081300	evm.model.RL_6.1488
OG0011925	As004G081360	evm.model.RL_6.1482
OG0011926	As004G081500	evm.model.RL_6.1467
OG0011927	As004G081520	evm.model.RL_6.1466
OG0011929	As004G081710	evm.model.RL_6.1444
OG0011930	As004G081730	evm.model.RL_6.1440
OG0011931	As004G081860	evm.model.RL_4.555.2.687c86cf
OG0011932	As004G082070	evm.model.RL_5.129
OG0011933	As004G082090	evm.model.RL_4.839, evm.model.RL_4.580
OG0011934	As004G082300	evm.model.RL_4.631
OG0011935	As004G082340	evm.model.RL_4.635.1.687c86cf
OG0011936	As004G082530	evm.model.RL_4.658.1.687c86cf
OG0011937	As004G082560	evm.model.RL_4.670
OG0011938	As004G082950	evm.model.RL_4.707
OG0011939	As004G082980	evm.model.RL_4.737
OG0011940	As004G083410	evm.model.RL_8.769
OG0011941	As004G083940	evm.model.RL_8.707
OG0011942	As004G083950	evm.model.RL_8.706
OG0011943	As004G084000	evm.model.RL_8.700
OG0011944	As004G084500	evm.model.RL_8.641
OG0011945	As004G084660	evm.model.RL_8.610
OG0011946	As004G084800	evm.model.RL_8.586
OG0011947	As004G084870	evm.model.RL_8.580
OG0011948	As004G084960	evm.model.RL_8.567
OG0011949	As004G085070	evm.model.RL_8.556
OG0011950	As004G085200	evm.model.RL_8.540, evm.model.RL_8.539
OG0011952	As004G085470	evm.model.RL_8.510
OG0011953	As004G085900	evm.model.RL_8.449
OG0011954	As004G085920	evm.model.RL_8.447
OG0011955	As004G086390	evm.model.RL_8.398
OG0011956	As004G086470	evm.model.RL_8.387
OG0011957	As004G087650	evm.model.RL_4.330, evm.model.RL_4.327
OG0011958	As004G087900	evm.model.RL_4.294
OG0011959	As004G088160	evm.model.RL_4.259
OG0011960	As004G088290	evm.model.RL_4.246
OG0011961	As004G088420	evm.model.RL_4.236
OG0011962	As004G088640	evm.model.RL_4.210
OG0011963	As004G088670	evm.model.RL_4.206
OG0011964	As004G089060	evm.model.RL_4.169
OG0011965	As004G089310	evm.model.RL_4.121
OG0011966	As004G090870	evm.model.RL_4.43
OG0011967	As004G090940	evm.model.RL_2.657
OG0011968	As004G091200	evm.model.RL_4.57
OG0011969	As004G091630	evm.model.RL_8.1871
OG0011970	As004G091940	evm.model.RL_2.211.2.687c86e0
OG0011971	As004G093290	evm.model.RL_2.656
OG0011972	As004G093620	evm.model.RL_2.817
OG0011973	As004G093700	evm.model.RL_2.821
OG0011974	As004G093710	evm.model.RL_1.2375
OG0011975	As011G256650	evm.model.RL_1.2351.2.687c87ef
OG0011976	As004G094430	evm.model.RL_2.854
OG0011977	As004G094440	evm.model.RL_2.855
OG0011979	As004G094620	evm.model.RL_2.924
OG0011980	As004G094910	evm.model.RL_2.897
OG0011981	As004G095230	evm.model.RL_2.931
OG0011982	As004G095270	evm.model.RL_2.945, evm.model.RL_2.944
OG0011983	As011G255040, As004G095620, As004G095610	evm.model.RL_2.968
OG0011984	As004G095720	evm.model.RL_2.979
OG0011985	As004G095900	evm.model.RL_2.1009
OG0011986	As004G096050	evm.model.RL_2.1024
OG0011987	As004G096110	evm.model.RL_2.1033
OG0011988	As004G096510	evm.model.RL_2.1067
OG0011989	As004G096670	evm.model.RL_2.1090
OG0011990	As004G096930	evm.model.RL_1.2480
OG0011991	As004G097110	evm.model.RL_2.11
OG0011992	As004G097200	evm.model.RL_2.19.1.687c86df
OG0011993	As004G097240	evm.model.RL_2.25
OG0011994	As004G097270	evm.model.RL_2.29
OG0011995	As011G265190, As004G097380	evm.model.RL_2.39
OG0011996	As004G097390	evm.model.RL_2.40.1.687c86df
OG0011997	As004G097760	evm.model.RL_2.100
OG0011998	As004G097790	evm.model.RL_2.89
OG0011999	As004G097920	evm.model.RL_2.132
OG0012000	As004G097970	evm.model.RL_2.139
OG0012001	As004G098000	evm.model.RL_2.142
OG0012002	As004G098330	evm.model.RL_2.186
OG0012003	As004G098520	evm.model.RL_2.5
OG0012004	As005G098770	evm.model.RL_6.2944
OG0012005	As005G098790	evm.model.RL_6.2942
OG0012006	As005G098870, As006G144260	evm.model.RL_6.2936
OG0012007	As005G099640	evm.model.RL_6.2884, evm.model.RL_6.2840
OG0012008	As005G100020	evm.model.RL_6.2846
OG0012010	As005G100430	evm.model.RL_6.2803, evm.model.RL_6.2810
OG0012011	As005G100890	evm.model.RL_6.2763
OG0012012	As005G101020	evm.model.RL_7.224
OG0012013	As005G101150	evm.model.RL_6.2739
OG0012014	As005G101190	evm.model.RL_6.2735
OG0012015	As005G101610	evm.model.RL_6.2687
OG0012016	As005G101680	evm.model.RL_6.2681
OG0012017	As012G278220, As005G102120	evm.model.RL_6.2634
OG0012018	As005G102150	evm.model.RL_2.987, evm.model.RL_6.2631
OG0012019	As005G102380	evm.model.RL_6.2603
OG0012020	As005G102600	evm.model.RL_6.2588, evm.model.RL_6.2585
OG0012021	As005G102650	evm.model.RL_6.2580
OG0012022	As005G103540	evm.model.RL_4.1666
OG0012023	As005G104100	evm.model.RL_6.2446
OG0012024	As005G104110	evm.model.RL_6.2444
OG0012025	As005G104200	evm.model.RL_6.2437
OG0012026	As005G104310	evm.model.RL_6.2426
OG0012027	As005G104590	evm.model.RL_6.2404
OG0012028	As005G104600	evm.model.RL_6.2403
OG0012029	As005G104790	evm.model.RL_6.2382
OG0012030	As005G105140	evm.model.RL_6.2336
OG0012031	As005G105340, As005G105350	evm.model.RL_6.2316
OG0012032	As005G105670	evm.model.RL_6.2303
OG0012033	As005G105820	evm.model.RL_6.2294
OG0012034	As005G106460	evm.model.RL_4.3214, evm.model.RL_4.3404, evm.model.RL_4.3395
OG0012035	As005G106730, As005G106740, As005G106750	evm.model.RL_4.3370
OG0012036	As005G106820	evm.model.RL_4.3360
OG0012037	As005G107340	evm.model.RL_4.3312
OG0012038	As005G107950	evm.model.RL_4.3263.2.687c86dd
OG0012039	As005G108020	evm.model.RL_4.3231
OG0012040	As005G108700	evm.model.RL_4.3157
OG0012041	As005G108720	evm.model.RL_4.3153
OG0012042	As005G109840	evm.model.RL_4.1701
OG0012043	As005G109880	evm.model.RL_4.1703
OG0012044	As005G111120	evm.model.RL_4.1609
OG0012045	As005G111130	evm.model.RL_5.1996, evm.model.RL_5.2347, evm.model.RL_5.1995
OG0012046	As005G111200	evm.model.RL_4.1616
OG0012047	As005G111400	evm.model.RL_4.1628
OG0012048	As005G111470	evm.model.RL_4.1612.1.687c86d4
OG0012049	As005G112740	evm.model.RL_4.1539
OG0012050	As005G112840	evm.model.RL_4.1538
OG0012051	As005G112880	evm.model.RL_4.1536.1.687c86d4
OG0012053	As005G113280	evm.model.RL_4.1483
OG0012054	As005G113400	evm.model.RL_4.1471
OG0012055	As005G113550	evm.model.RL_4.1458, evm.model.RL_4.1489
OG0012056	As005G113600	evm.model.RL_4.2265
OG0012057	As005G114320	evm.model.RL_8.2109
OG0012058	As005G114590, As005G114580	evm.model.RL_8.2078
OG0012059	As005G115800	evm.model.RL_8.1982
OG0012060	As005G115860	evm.model.RL_8.1976
OG0012061	As005G115930	evm.model.RL_8.1970
OG0012062	As005G116200	evm.model.RL_8.2400
OG0012063	As005G116350	evm.model.RL_8.2413
OG0012064	As005G116750, As005G116770	evm.model.RL_8.2450
OG0012065	As005G116760	evm.model.RL_8.2451
OG0012066	As005G116870	evm.model.RL_8.2472, evm.model.RL_8.2468, evm.model.RL_8.2465
OG0012067	As005G117110	evm.model.RL_8.2494
OG0012068	As005G117390	evm.model.RL_8.2521
OG0012069	As005G117750	evm.model.RL_8.2556
OG0012070	As005G117890	evm.model.RL_8.2571
OG0012071	As005G118100	evm.model.RL_8.2582
OG0012072	As005G118340	evm.model.RL_8.2611
OG0012073	As005G118540	evm.model.RL_8.2632
OG0012074	As005G118580	evm.model.RL_8.2635
OG0012075	As005G118900	evm.model.RL_8.2676
OG0012076	As005G119380	evm.model.RL_8.2728
OG0012077	As005G119430	evm.model.RL_8.2733
OG0012078	As005G119440	evm.model.RL_8.2734
OG0012079	As005G119540	evm.model.RL_8.2738
OG0012080	As005G119560	evm.model.RL_8.2740
OG0012081	As005G119780	evm.model.RL_8.2771
OG0012082	As005G120650	evm.model.RL_8.2842
OG0012083	As005G120740	evm.model.RL_8.2849
OG0012084	As006G121120	evm.model.RL_8.24
OG0012085	As006G121200	evm.model.RL_8.97
OG0012086	As006G121260, As008G199120	evm.model.RL_8.2882
OG0012087	As006G121460	evm.model.RL_8.66
OG0012088	As008G198720, As006G121760	evm.model.RL_5.14
OG0012089	As006G122100	evm.model.RL_5.46
OG0012090	As006G122310	evm.model.RL_8.153.1.687c8555
OG0012091	As006G122620	evm.model.RL_8.200
OG0012092	As006G122640	evm.model.RL_8.196
OG0012093	As006G122660	evm.model.RL_8.193
OG0012094	As006G122690	evm.model.RL_8.189
OG0012095	As006G122710	evm.model.RL_8.187
OG0012096	As006G122760	evm.model.RL_8.179
OG0012097	As006G122770	evm.model.RL_8.177
OG0012098	As006G122850	evm.model.RL_8.167
OG0012099	As006G122960	evm.model.RL_8.233
OG0012100	As006G122980	evm.model.RL_8.235
OG0012101	As006G123050	evm.model.RL_8.243
OG0012102	As006G123100	evm.model.RL_8.248
OG0012103	As006G123190	evm.model.RL_8.261
OG0012104	As006G123240	evm.model.RL_8.267
OG0012105	As006G123480	evm.model.RL_8.291
OG0012106	As006G123780	evm.model.RL_8.331
OG0012107	As006G123910	evm.model.RL_8.347
OG0012108	As006G123920	evm.model.RL_8.348
OG0012109	As006G123930	evm.model.RL_8.349
OG0012110	As006G124050	evm.model.RL_8.360
OG0012111	As006G124090	evm.model.RL_8.364
OG0012112	As006G124170	evm.model.RL_8.371
OG0012113	As006G124190	evm.model.RL_8.376
OG0012114	As006G124210	evm.model.RL_8.378
OG0012115	As006G124230, As006G124220	evm.model.RL_8.379
OG0012116	As006G124370	evm.model.RL_4.448
OG0012117	As006G124530	evm.model.RL_4.466
OG0012118	As006G124560	evm.model.RL_4.471.2.687c86ce
OG0012119	As006G124570	evm.model.RL_4.473
OG0012120	As009G201770, As006G124900	evm.model.RL_4.508.1.687c86cf
OG0012121	As006G125030	evm.model.RL_4.531
OG0012122	As006G125300	evm.model.RL_6.1426
OG0012123	As006G125900	evm.model.RL_6.1366
OG0012124	As006G126110	evm.model.RL_6.1325
OG0012125	As006G126190	evm.model.RL_5.365, evm.model.RL_6.1350
OG0012126	As006G126410	evm.model.RL_6.1304
OG0012127	As006G127020	evm.model.RL_6.1276
OG0012128	As006G127040	evm.model.RL_6.1262
OG0012129	As006G127140	evm.model.RL_6.1249
OG0012130	As006G127370	evm.model.RL_6.1228
OG0012131	As006G127410	evm.model.RL_6.1220
OG0012132	As006G127770	evm.model.RL_6.1179
OG0012133	As006G128070	evm.model.RL_6.1140
OG0012134	As006G128400	evm.model.RL_6.1102
OG0012135	As006G128430	evm.model.RL_6.1097
OG0012136	As006G128600	evm.model.RL_6.1084
OG0012137	As006G128610	evm.model.RL_6.1083
OG0012138	As006G128820	evm.model.RL_6.1052
OG0012139	As006G128990	evm.model.RL_6.1026
OG0012140	As006G129010	evm.model.RL_6.1024
OG0012141	As006G129070	evm.model.RL_6.1015
OG0012142	As006G129390, As007G160280	evm.model.RL_6.1063
OG0012143	As006G129420	evm.model.RL_6.985
OG0012144	As006G129720	evm.model.RL_6.957
OG0012145	As006G129800	evm.model.RL_6.947
OG0012146	As006G129890	evm.model.RL_6.939
OG0012147	As006G129900	evm.model.RL_6.938
OG0012149	As006G130270	evm.model.RL_6.882
OG0012150	As006G130340	evm.model.RL_6.875
OG0012151	As006G130400	evm.model.RL_6.859
OG0012152	As006G130410	evm.model.RL_6.854, evm.model.RL_6.852, evm.model.RL_6.855
OG0012153	As006G130490	evm.model.RL_7.946
OG0012155	As006G130920	evm.model.RL_6.832
OG0012156	As006G130950	evm.model.RL_6.756, evm.model.RL_6.753
OG0012157	As006G131490	evm.model.RL_6.591, evm.model.RL_6.588
OG0012158	As006G131580	evm.model.RL_6.566
OG0012159	As006G131630	evm.model.RL_6.560
OG0012160	As006G131670	evm.model.RL_6.553
OG0012161	As006G131950	evm.model.RL_6.521
OG0012162	As006G132070	evm.model.RL_6.492
OG0012163	As006G132140	evm.model.RL_6.499
OG0012165	As006G132740	evm.model.RL_1.84
OG0012166	As006G132870	evm.model.RL_1.69
OG0012167	As006G133230	evm.model.RL_1.38
OG0012168	As006G133630	evm.model.RL_1.8
OG0012169	As006G133690	evm.model.RL_1.1
OG0012170	As006G133890	evm.model.RL_2.2712
OG0012171	As006G134230	evm.model.RL_2.2167, evm.model.RL_2.2642
OG0012172	As006G134850	evm.model.RL_1.105
OG0012173	As006G134880	evm.model.RL_1.109
OG0012174	As006G135720	evm.model.RL_1.190, evm.model.RL_1.189, evm.model.RL_1.188
OG0012175	As006G136140	evm.model.RL_1.235
OG0012176	As006G136620	evm.model.RL_1.276
OG0012177	As006G136690	evm.model.RL_1.284
OG0012178	As006G136790	evm.model.RL_1.290
OG0012179	As006G136800	evm.model.RL_1.291
OG0012180	As006G137290	evm.model.RL_1.323
OG0012182	As006G137420	evm.model.RL_1.336
OG0012183	As006G137680	evm.model.RL_1.363
OG0012184	As006G137750	evm.model.RL_1.370
OG0012185	As006G137870	evm.model.RL_1.383
OG0012186	As006G137930	evm.model.RL_1.389
OG0012187	As006G138360	evm.model.RL_2.2309
OG0012188	As006G138440	evm.model.RL_1.439
OG0012189	As006G138890	evm.model.RL_1.461
OG0012190	As006G138950	evm.model.RL_1.486
OG0012191	As012G287770, As006G139620	evm.model.RL_7.194
OG0012193	As006G139940	evm.model.RL_1.571
OG0012195	As006G140270	evm.model.RL_4.2901
OG0012196	As006G140450	evm.model.RL_1.624
OG0012197	As006G140530	evm.model.RL_1.630.2.687c87eb
OG0012198	As006G140550	evm.model.RL_1.634.2.687c87eb
OG0012199	As006G140660	evm.model.RL_2.601
OG0012200	As006G140870	evm.model.RL_1.660
OG0012201	As006G140950	evm.model.RL_1.664
OG0012202	As006G142050	evm.model.RL_1.786.1.687c87eb
OG0012203	As006G142470	evm.model.RL_6.2164
OG0012204	As006G142510	evm.model.RL_6.2163
OG0012205	As006G142570, As006G142560	evm.model.RL_6.2155
OG0012206	As006G142750	evm.model.RL_6.2138
OG0012207	As006G142940	evm.model.RL_6.2115
OG0012208	As006G143210	evm.model.RL_6.2093
OG0012209	As006G143740	evm.model.RL_6.2039
OG0012210	As006G144030	evm.model.RL_6.2020
OG0012211	As006G144120	evm.model.RL_6.2016
OG0012212	As006G144530	evm.model.RL_6.1693
OG0012213	As006G144930	evm.model.RL_6.1728
OG0012214	As006G145150	evm.model.RL_4.801, evm.model.RL_4.803, evm.model.RL_4.800, evm.model.RL_4.799, evm.model.RL_4.798
OG0012215	As006G145180	evm.model.RL_6.1756
OG0012216	As006G145270	evm.model.RL_6.1766
OG0012217	As006G145380	evm.model.RL_6.1775
OG0012218	As006G145430	evm.model.RL_6.1780
OG0012219	As006G145640	evm.model.RL_6.1801
OG0012220	As006G147000	evm.model.RL_6.1894
OG0012221	As006G147070	evm.model.RL_6.1903
OG0012222	As006G148350	evm.model.RL_6.1948
OG0012223	As006G148640, As009G217760	evm.model.RL_8.2179
OG0012224	As012G275820, As006G148800	evm.model.RL_7.1160
OG0012225	As007G151880	evm.model.RL_5.1372
OG0012226	As007G152160	evm.model.RL_5.1411
OG0012227	As007G152190	evm.model.RL_5.1413
OG0012228	As007G152200, As007G181860	evm.model.RL_5.1417
OG0012229	As007G152240	evm.model.RL_5.1421
OG0012231	As007G152960	evm.model.RL_5.1495
OG0012232	As007G153150	evm.model.RL_5.1513
OG0012233	As007G153180	evm.model.RL_5.1516
OG0012234	As007G153200	evm.model.RL_5.1519
OG0012235	As007G153280	evm.model.RL_5.1529
OG0012236	As007G153420	evm.model.RL_5.1539
OG0012237	As007G154320	evm.model.RL_5.1617
OG0012238	As007G154620	evm.model.RL_5.1642
OG0012239	As007G154830	evm.model.RL_5.1673
OG0012240	As007G154840	evm.model.RL_5.1674
OG0012241	As007G155420	evm.model.RL_5.1736
OG0012242	As007G155480	evm.model.RL_5.1744
OG0012243	As007G155570	evm.model.RL_5.1755
OG0012244	As007G155850	evm.model.RL_5.1787
OG0012245	As007G155950	evm.model.RL_5.1800
OG0012246	As007G156570	evm.model.RL_5.3691
OG0012247	As007G156690	evm.model.RL_5.3680
OG0012248	As007G156870	evm.model.RL_5.3662
OG0012249	As007G157300	evm.model.RL_5.3614
OG0012250	As007G157900	evm.model.RL_5.3568
OG0012251	As010G235610, As007G158040	evm.model.RL_3.2182
OG0012252	As007G158060	evm.model.RL_5.3558
OG0012253	As007G158160	evm.model.RL_5.3547
OG0012254	As007G158180	evm.model.RL_5.3545
OG0012255	As007G158220	evm.model.RL_5.3539
OG0012256	As007G159120	evm.model.RL_5.3469
OG0012257	As007G159140	evm.model.RL_5.3467
OG0012258	As007G159460	evm.model.RL_5.3433
OG0012259	As007G159550	evm.model.RL_5.3426
OG0012260	As007G159700	evm.model.RL_5.3403
OG0012261	As007G159810	evm.model.RL_5.3389
OG0012262	As007G159850	evm.model.RL_5.3386
OG0012263	As007G160510	evm.model.RL_5.3314
OG0012264	As007G160700	evm.model.RL_5.3290
OG0012265	As007G160800	evm.model.RL_5.3279
OG0012266	As007G160880	evm.model.RL_5.3269
OG0012267	As007G160960	evm.model.RL_5.3264
OG0012268	As007G161080	evm.model.RL_5.3255
OG0012269	As007G161120	evm.model.RL_5.3250
OG0012270	As007G161460	evm.model.RL_5.3216
OG0012271	As007G161720	evm.model.RL_5.3197
OG0012272	As007G162320	evm.model.RL_5.937
OG0012273	As007G162330	evm.model.RL_5.783
OG0012274	As007G162390, As010G225840	evm.model.RL_7.1860
OG0012275	As007G162850	evm.model.RL_2.1953
OG0012276	As007G163110	evm.model.RL_2.1979
OG0012277	As007G163170	evm.model.RL_2.1984
OG0012278	As007G163200	evm.model.RL_7.2012
OG0012279	As007G163500	evm.model.RL_2.1990
OG0012280	As007G163760	evm.model.RL_2.2008
OG0012281	As007G165140	evm.model.RL_2.2074
OG0012282	As007G165790	evm.model.RL_2.2055
OG0012283	As007G166060	evm.model.RL_6.447, evm.model.RL_6.448, evm.model.RL_6.452
OG0012284	As007G166780	evm.model.RL_8.1438
OG0012286	As007G177710	evm.model.RL_6.445
OG0012287	As007G177850	evm.model.RL_7.1647, evm.model.RL_7.1646
OG0012288	As007G178120	evm.model.RL_6.331
OG0012289	As007G178590	evm.model.RL_6.290
OG0012290	As007G178990	evm.model.RL_6.283
OG0012291	As007G179050	evm.model.RL_6.280
OG0012292	As007G179150	evm.model.RL_6.262
OG0012293	As007G179210	evm.model.RL_4.1684
OG0012294	As007G179870	evm.model.RL_6.195
OG0012295	As007G180380	evm.model.RL_6.135
OG0012296	As007G180400	evm.model.RL_6.132
OG0012297	As007G180500	evm.model.RL_6.116
OG0012298	As007G180520	evm.model.RL_6.114
OG0012299	As007G180530	evm.model.RL_6.113
OG0012300	As007G180800	evm.model.RL_6.70
OG0012301	As007G181070, As007G181420, As007G181120	evm.model.RL_6.43
OG0012303	As007G181780	evm.model.RL_6.37
OG0012304	As007G181850	evm.model.RL_4.276
OG0012305	As007G181970	evm.model.RL_6.19
OG0012306	As007G181990	evm.model.RL_6.16
OG0012307	As007G182090	evm.model.RL_6.12
OG0012308	As007G182110	evm.model.RL_6.9
OG0012309	As007G182260	evm.model.RL_6.2898
OG0012310	As008G182370	evm.model.RL_5.1360.1.687c88b3, evm.model.RL_6.343
OG0012311	As008G183120	evm.model.RL_5.1270
OG0012312	As008G183200	evm.model.RL_5.1263
OG0012313	As008G183280	evm.model.RL_5.1258
OG0012314	As008G183700	evm.model.RL_5.1213
OG0012315	As008G183990	evm.model.RL_5.1184
OG0012316	As008G184390	evm.model.RL_5.1151
OG0012318	As008G184520	evm.model.RL_5.1137.1.687c88b2
OG0012319	As008G185040	evm.model.RL_5.1087
OG0012321	As008G185270	evm.model.RL_5.1076
OG0012322	As008G185370	evm.model.RL_5.1063.3.687c88b1
OG0012324	As008G186000	evm.model.RL_5.1012
OG0012325	As010G230500, As008G186490	evm.model.RL_5.1048
OG0012326	As008G186550	evm.model.RL_5.967
OG0012327	As008G186640	evm.model.RL_8.2268, evm.model.RL_5.957
OG0012329	As008G186850	evm.model.RL_5.936
OG0012330	As008G187090	evm.model.RL_5.916
OG0012331	As008G187200	evm.model.RL_5.899
OG0012332	As008G187480	evm.model.RL_5.840
OG0012333	As008G187650	evm.model.RL_5.855
OG0012334	As008G188020	evm.model.RL_5.833
OG0012335	As008G188050	evm.model.RL_5.830
OG0012336	As008G188500	evm.model.RL_5.790
OG0012337	As008G188730	evm.model.RL_5.780
OG0012338	As008G189120	evm.model.RL_2.2302
OG0012339	As008G189130, As012G282330	evm.model.RL_7.767
OG0012340	As008G189160	evm.model.RL_5.757
OG0012341	As008G189350	evm.model.RL_5.744
OG0012342	As008G189830	evm.model.RL_5.716
OG0012343	As008G189920	evm.model.RL_5.731
OG0012344	As008G190310	evm.model.RL_5.710
OG0012345	As008G190480	evm.model.RL_5.733
OG0012346	As008G190970	evm.model.RL_5.697
OG0012347	As008G191420	evm.model.RL_5.690
OG0012348	As008G191490	evm.model.RL_5.643
OG0012349	As008G191630	evm.model.RL_8.1804
OG0012350	As008G192220	evm.model.RL_7.140, evm.model.RL_3.558
OG0012351	As008G192500	evm.model.RL_6.463
OG0012352	As008G192680	evm.model.RL_5.599
OG0012353	As008G192980	evm.model.RL_5.574
OG0012354	As008G193200	evm.model.RL_5.543
OG0012355	As008G193770	evm.model.RL_6.1193
OG0012356	As008G194400	evm.model.RL_6.479
OG0012357	As008G194870	evm.model.RL_4.2767
OG0012358	As008G195620	evm.model.RL_5.344
OG0012359	As008G195910	evm.model.RL_5.320
OG0012360	As008G195930	evm.model.RL_5.318
OG0012361	As008G196180	evm.model.RL_5.294
OG0012362	As008G196440	evm.model.RL_5.272
OG0012363	As008G196920	evm.model.RL_5.229
OG0012364	As008G196940	evm.model.RL_5.231
OG0012365	As008G197080	evm.model.RL_5.243
OG0012366	As008G197390	evm.model.RL_5.172, evm.model.RL_5.171
OG0012367	As008G197550	evm.model.RL_5.152
OG0012368	As008G197630	evm.model.RL_5.144
OG0012369	As008G197880	evm.model.RL_5.112
OG0012370	As008G198250	evm.model.RL_5.24, evm.model.RL_5.77
OG0012371	As008G198590	evm.model.RL_5.48
OG0012372	As008G198630	evm.model.RL_5.42
OG0012373	As008G198760	evm.model.RL_5.18
OG0012374	As008G198780	evm.model.RL_5.20
OG0012375	As008G198790	evm.model.RL_5.21
OG0012377	As008G199310	evm.model.RL_8.2898
OG0012378	As008G199600	evm.model.RL_8.2920
OG0012379	As009G199750	evm.model.RL_4.2236
OG0012380	As009G199860	evm.model.RL_4.2168
OG0012381	As009G200060	evm.model.RL_4.2190
OG0012382	As009G200640	evm.model.RL_1.79
OG0012383	As009G200760	evm.model.RL_4.2127
OG0012384	As009G200800	evm.model.RL_4.2121
OG0012385	As009G200960	evm.model.RL_2.1284
OG0012386	As009G201170	evm.model.RL_4.2093
OG0012387	As009G201190	evm.model.RL_4.2095
OG0012388	As009G201510, As011G255540	evm.model.RL_4.2066
OG0012389	As009G201590	evm.model.RL_4.2058
OG0012390	As009G201680	evm.model.RL_4.2050
OG0012391	As009G201690	evm.model.RL_4.2049
OG0012392	As009G201950	evm.model.RL_4.2034
OG0012393	As009G202050	evm.model.RL_4.2024
OG0012394	As009G202230	evm.model.RL_4.2011
OG0012395	As009G202480	evm.model.RL_4.1986
OG0012396	As009G202560	evm.model.RL_4.1979.2.687c86d6
OG0012398	As009G203570	evm.model.RL_4.1881
OG0012399	As009G204280, As009G204390	evm.model.RL_4.1800
OG0012400	As009G204410	evm.model.RL_4.1799
OG0012401	As009G204470	evm.model.RL_4.1794
OG0012402	As009G204550	evm.model.RL_4.1783
OG0012403	As009G205080	evm.model.RL_4.1730
OG0012404	As009G205090	evm.model.RL_4.1729
OG0012405	As009G205240	evm.model.RL_4.1944
OG0012406	As009G206040	evm.model.RL_4.1060
OG0012407	As009G206100	evm.model.RL_4.1056
OG0012408	As009G206150	evm.model.RL_4.1052
OG0012409	As009G206690, As009G206640	evm.model.RL_4.1020
OG0012410	As009G207080	evm.model.RL_3.1364
OG0012411	As009G207640	evm.model.RL_4.919
OG0012412	As009G207920	evm.model.RL_4.889
OG0012413	As009G208320	evm.model.RL_4.865
OG0012414	As009G208700	evm.model.RL_4.847
OG0012416	As009G211370	evm.model.RL_4.2851
OG0012417	As009G211420	evm.model.RL_4.2855.1.687c86db
OG0012419	As009G211850	evm.model.RL_7.516, evm.model.RL_4.2885.1.687c86dc
OG0012420	As009G211890	evm.model.RL_4.2886
OG0012421	As009G212120	evm.model.RL_4.759
OG0012422	As009G212170	evm.model.RL_4.2278.2.687c86d8
OG0012423	As009G212220	evm.model.RL_4.2902
OG0012424	As009G212240	evm.model.RL_4.2905
OG0012425	As009G212440	evm.model.RL_4.2918
OG0012426	As009G213230	evm.model.RL_4.2994
OG0012427	As009G213980	evm.model.RL_8.1770
OG0012428	As009G214260	evm.model.RL_4.3057
OG0012429	As009G214290	evm.model.RL_4.3059
OG0012430	As009G214580	evm.model.RL_4.3083
OG0012431	As009G214950	evm.model.RL_4.1161
OG0012432	As009G215420	evm.model.RL_4.1211
OG0012433	As009G216450	evm.model.RL_4.1310
OG0012434	As009G216490	evm.model.RL_4.1322
OG0012435	As009G216610	evm.model.RL_4.1332
OG0012436	As009G217010	evm.model.RL_4.1367
OG0012437	As009G217130	evm.model.RL_4.1386
OG0012438	As009G217270	evm.model.RL_4.1401
OG0012439	As009G217280	evm.model.RL_4.1402
OG0012440	As009G217290	evm.model.RL_4.1403
OG0012441	As009G217540	evm.model.RL_8.2149
OG0012442	As009G217740	evm.model.RL_8.2176
OG0012443	As009G218080	evm.model.RL_8.2223
OG0012444	As009G218460	evm.model.RL_8.2265
OG0012445	As009G218990	evm.model.RL_8.2323
OG0012446	As009G219010	evm.model.RL_8.2325
OG0012447	As009G219060	evm.model.RL_8.2331
OG0012448	As009G219360	evm.model.RL_8.2366
OG0012449	As009G219610	evm.model.RL_8.1954
OG0012450	As009G219660	evm.model.RL_8.1949, evm.model.RL_8.1946
OG0012451	As009G220080	evm.model.RL_8.1905
OG0012452	As009G220120	evm.model.RL_8.1900
OG0012453	As010G220740	evm.model.RL_7.1307, evm.model.RL_7.1309
OG0012454	As010G220840	evm.model.RL_7.1317
OG0012455	As010G220890	evm.model.RL_7.1321
OG0012456	As010G221110	evm.model.RL_7.1390, evm.model.RL_7.1353, evm.model.RL_6.519, evm.model.RL_7.1312
OG0012457	As010G221150	evm.model.RL_7.1356
OG0012458	As010G221290	evm.model.RL_7.1387
OG0012459	As010G221750	evm.model.RL_7.1447
OG0012460	As010G221900	evm.model.RL_7.1459
OG0012461	As010G222280	evm.model.RL_7.1489
OG0012462	As010G222320	evm.model.RL_7.1496
OG0012463	As010G222390	evm.model.RL_7.1503
OG0012464	As010G222420	evm.model.RL_7.1510
OG0012465	As010G222700	evm.model.RL_7.1533
OG0012466	As010G222830, As010G222820, As010G222840	evm.model.RL_7.1546
OG0012467	As010G223470	evm.model.RL_7.1617
OG0012468	As010G223480	evm.model.RL_7.1618
OG0012469	As010G223540	evm.model.RL_7.1631
OG0012470	As010G223570	evm.model.RL_8.330
OG0012471	As010G224120	evm.model.RL_7.1676
OG0012472	As010G224260	evm.model.RL_8.1990
OG0012473	As010G224400	evm.model.RL_7.1708
OG0012474	As010G224510	evm.model.RL_7.1723
OG0012475	As010G224540	evm.model.RL_7.1727
OG0012476	As010G224900	evm.model.RL_7.1779
OG0012477	As010G225540	evm.model.RL_7.1830
OG0012478	As010G225830	evm.model.RL_7.1859
OG0012479	As010G226060	evm.model.RL_7.1896
OG0012480	As010G226420	evm.model.RL_7.1992
OG0012481	As010G226650	evm.model.RL_7.1978
OG0012482	As010G226840	evm.model.RL_7.1981.1.687c84bb
OG0012483	As010G226910	evm.model.RL_7.1964
OG0012484	As010G227930	evm.model.RL_3.1147
OG0012485	As010G228110	evm.model.RL_3.1140
OG0012486	As010G228800	evm.model.RL_3.1120
OG0012487	As010G228920	evm.model.RL_3.1114
OG0012488	As010G229020	evm.model.RL_6.301
OG0012489	As010G229350	evm.model.RL_3.1180
OG0012490	As010G229460	evm.model.RL_3.1105
OG0012491	As010G230010	evm.model.RL_3.1171
OG0012492	As010G231440	evm.model.RL_3.1269
OG0012493	As010G231520	evm.model.RL_3.1264
OG0012494	As010G231530	evm.model.RL_3.1263
OG0012495	As010G232040	evm.model.RL_3.1292
OG0012496	As010G232510	evm.model.RL_3.1326
OG0012497	As010G232540	evm.model.RL_3.1330
OG0012498	As010G232550	evm.model.RL_3.1331
OG0012499	As010G240630, As010G232630	evm.model.RL_3.1710
OG0012500	As010G233190	evm.model.RL_3.1415
OG0012501	As010G233380	evm.model.RL_3.1438
OG0012502	As010G233480	evm.model.RL_3.1448
OG0012503	As010G233970	evm.model.RL_3.1511, evm.model.RL_3.1509_evm.model.RL_3.1510_evm.model.RL_3.1508.9.687c975f
OG0012504	As010G234100	evm.model.RL_3.1527
OG0012505	As010G234540	evm.model.RL_3.1568
OG0012506	As010G235170	evm.model.RL_3.2227
OG0012507	As010G235410	evm.model.RL_3.2203
OG0012508	As010G235570	evm.model.RL_3.2186
OG0012509	As010G235830	evm.model.RL_3.2162
OG0012510	As010G235840	evm.model.RL_3.2161
OG0012511	As010G236000	evm.model.RL_3.2152
OG0012512	As010G236160	evm.model.RL_3.2136
OG0012513	As010G236190	evm.model.RL_3.2132
OG0012514	As010G236410	evm.model.RL_3.2110
OG0012515	As010G236690	evm.model.RL_3.2084
OG0012516	As010G236760	evm.model.RL_3.2076
OG0012517	As010G236880	evm.model.RL_3.2067
OG0012518	As010G237230	evm.model.RL_3.2041
OG0012519	As010G237470	evm.model.RL_3.2016
OG0012520	As010G238390	evm.model.RL_3.1932
OG0012521	As010G238440	evm.model.RL_3.1928.1.687c84bd
OG0012522	As010G238470	evm.model.RL_3.1924, evm.model.RL_3.1925
OG0012523	As010G238680	evm.model.RL_3.1900
OG0012524	As010G238690	evm.model.RL_3.1899
OG0012526	As010G239490	evm.model.RL_3.1812
OG0012527	As010G239660, As010G239630	evm.model.RL_3.1798
OG0012528	As010G239740	evm.model.RL_3.1789
OG0012529	As010G239940	evm.model.RL_3.1773
OG0012530	As010G240550	evm.model.RL_3.1718
OG0012531	As010G241330	evm.model.RL_3.1637
OG0012532	As010G241440	evm.model.RL_3.1626
OG0012533	As010G241920, As010G241930	evm.model.RL_3.2251
OG0012534	As010G242000	evm.model.RL_3.2256, evm.model.RL_3.2286
OG0012535	As010G242090	evm.model.RL_3.2272
OG0012536	As010G242440	evm.model.RL_3.2311
OG0012537	As010G242450	evm.model.RL_3.2312
OG0012540	As010G242980	evm.model.RL_3.2357
OG0012541	As010G243050	evm.model.RL_3.2362
OG0012542	As010G243390	evm.model.RL_3.2392
OG0012543	As010G244220	evm.model.RL_3.2470
OG0012544	As010G244330	evm.model.RL_3.2486
OG0012545	As010G244360	evm.model.RL_3.2490
OG0012546	As010G244480	evm.model.RL_5.5
OG0012547	As010G244490	evm.model.RL_3.2498
OG0012548	As010G244510	evm.model.RL_3.2501
OG0012549	As010G244530	evm.model.RL_3.215, evm.model.RL_3.2503
OG0012551	As011G245080	evm.model.RL_1.1230
OG0012552	As011G245100	evm.model.RL_1.1232
OG0012553	As011G246120	evm.model.RL_5.3870
OG0012554	As012G269240, As011G246250	evm.model.RL_1.1339
OG0012555	As011G246470	evm.model.RL_1.1364
OG0012556	As011G246560	evm.model.RL_1.1373
OG0012557	As011G246870	evm.model.RL_1.1393
OG0012558	As011G247290	evm.model.RL_1.1436
OG0012559	As011G247310	evm.model.RL_1.1438
OG0012561	As011G247990	evm.model.RL_1.1503
OG0012562	As011G248200	evm.model.RL_1.1524
OG0012563	As011G248770	evm.model.RL_1.1582
OG0012564	As011G249030	evm.model.RL_1.1609
OG0012565	As011G249090	evm.model.RL_1.1614
OG0012566	As011G249200	evm.model.RL_1.1629
OG0012567	As011G249240	evm.model.RL_1.1633
OG0012568	As011G249250	evm.model.RL_1.1634
OG0012569	As011G249440	evm.model.RL_1.1657
OG0012570	As011G249730	evm.model.RL_1.1685
OG0012571	As011G249740	evm.model.RL_1.1686
OG0012572	As011G249750	evm.model.RL_1.1687
OG0012573	As011G249810	evm.model.RL_1.1691
OG0012574	As011G250350	evm.model.RL_1.1739.1.687c87ee
OG0012575	As011G250420	evm.model.RL_1.1747
OG0012576	As011G250480	evm.model.RL_1.1753
OG0012577	As011G250630	evm.model.RL_1.1763
OG0012578	As011G250800	evm.model.RL_1.1783
OG0012579	As011G251020	evm.model.RL_1.1801.5.687c87ee
OG0012580	As011G257310, As011G251260	evm.model.RL_1.1823
OG0012581	As011G251330	evm.model.RL_1.1830
OG0012582	As011G251490	evm.model.RL_1.1848
OG0012583	As011G251950	evm.model.RL_1.1900
OG0012584	As011G252130	evm.model.RL_1.1921
OG0012585	As011G252350	evm.model.RL_1.1930
OG0012586	As011G252700	evm.model.RL_1.1962
OG0012587	As011G253060	evm.model.RL_1.2003
OG0012588	As012G271750, As011G253070	evm.model.RL_5.1952
OG0012589	As011G253190	evm.model.RL_1.2018
OG0012590	As011G253720	evm.model.RL_1.2086
OG0012591	As011G254350	evm.model.RL_2.1028
OG0012592	As011G254870	evm.model.RL_7.782
OG0012593	As011G255000	evm.model.RL_1.2203
OG0012594	As011G255140	evm.model.RL_1.2216
OG0012595	As011G255460	evm.model.RL_1.2256
OG0012596	As011G255690	evm.model.RL_1.2276
OG0012597	As011G255720	evm.model.RL_1.2280
OG0012598	As011G255820	evm.model.RL_1.2289
OG0012599	As011G255850	evm.model.RL_1.2292
OG0012600	As011G255960	evm.model.RL_5.735
OG0012601	As011G255990	evm.model.RL_1.2299
OG0012602	As011G256290	evm.model.RL_1.2323
OG0012603	As011G256350	evm.model.RL_1.2581
OG0012604	As011G256860	evm.model.RL_1.2368
OG0012605	As011G258290	evm.model.RL_1.2446
OG0012606	As011G258460	evm.model.RL_1.2436
OG0012607	As011G259040, As011G258870	evm.model.RL_1.2469
OG0012608	As011G260580	evm.model.RL_1.2595
OG0012609	As011G260770	evm.model.RL_1.3007
OG0012610	As011G261240	evm.model.RL_1.2560
OG0012611	As011G261480	evm.model.RL_1.2545
OG0012612	As011G261570	evm.model.RL_1.2532
OG0012613	As011G261640	evm.model.RL_1.2524
OG0012614	As011G261890	evm.model.RL_1.2587
OG0012615	As011G261960	evm.model.RL_1.2626
OG0012616	As011G261970	evm.model.RL_5.3811
OG0012617	As011G262410	evm.model.RL_1.2715
OG0012618	As011G262520	evm.model.RL_1.2724
OG0012619	As011G262640	evm.model.RL_1.2738
OG0012620	As011G263000	evm.model.RL_1.2786
OG0012621	As011G263010	evm.model.RL_1.2787
OG0012622	As011G263080	evm.model.RL_1.2800, evm.model.RL_1.2798
OG0012623	As011G263410	evm.model.RL_1.2824
OG0012624	As011G263610	evm.model.RL_1.2854
OG0012625	As011G263660	evm.model.RL_1.2857
OG0012626	As011G263690	evm.model.RL_6.1942
OG0012627	As011G263720	evm.model.RL_1.2862, evm.model.RL_1.2863
OG0012628	As011G264290	evm.model.RL_1.2908
OG0012629	As011G264470	evm.model.RL_1.2934
OG0012630	As011G264480	evm.model.RL_1.2935
OG0012631	As011G264600	evm.model.RL_1.2947
OG0012632	As011G264900	evm.model.RL_1.2978
OG0012633	As011G264970	evm.model.RL_1.2985
OG0012634	As011G265020	evm.model.RL_1.2990
OG0012635	As011G265250, As011G265240	evm.model.RL_1.3030
OG0012636	As011G265470	evm.model.RL_1.3011, evm.model.RL_1.3009
OG0012637	As011G265740	evm.model.RL_1.3094
OG0012638	As011G265970	evm.model.RL_1.3109
OG0012639	As011G266110	evm.model.RL_1.3128
OG0012640	As011G266330	evm.model.RL_2.2471, evm.model.RL_1.3143
OG0012641	As011G266550	evm.model.RL_1.3170
OG0012642	As011G266770	evm.model.RL_1.3191
OG0012643	As011G267160	evm.model.RL_1.3225
OG0012644	As011G267460	evm.model.RL_1.3275
OG0012645	As012G267780	evm.model.RL_5.4004
OG0012646	As012G267830	evm.model.RL_5.3991
OG0012647	As012G268000	evm.model.RL_5.3967
OG0012648	As012G268010	evm.model.RL_5.3966
OG0012649	As012G268450	evm.model.RL_5.3926.2.687c88c6
OG0012650	As012G269350	evm.model.RL_5.3854
OG0012651	As012G269580	evm.model.RL_5.3828
OG0012652	As012G269680	evm.model.RL_5.3807
OG0012653	As012G269730	evm.model.RL_5.3803
OG0012654	As012G269990	evm.model.RL_5.3772
OG0012655	As012G270220, As012G270210	evm.model.RL_5.3748
OG0012656	As012G270400	evm.model.RL_5.3741, evm.model.RL_5.3742
OG0012657	As012G270720	evm.model.RL_5.3704
OG0012658	As012G270990	evm.model.RL_5.1873
OG0012659	As012G271330	evm.model.RL_5.1899
OG0012660	As012G271350	evm.model.RL_5.1901
OG0012661	As012G271450	evm.model.RL_5.1916
OG0012662	As012G271640	evm.model.RL_5.1965
OG0012663	As012G271690	evm.model.RL_5.1960
OG0012664	As012G271930	evm.model.RL_5.1977.1.687c88b8
OG0012665	As012G271970	evm.model.RL_5.1979
OG0012666	As012G271980	evm.model.RL_5.1980
OG0012667	As012G272170, As012G272160	evm.model.RL_5.2002, evm.model.RL_5.2001
OG0012668	As012G272500	evm.model.RL_5.2038
OG0012669	As012G272560	evm.model.RL_5.2045
OG0012670	As012G272620	evm.model.RL_5.2051
OG0012671	As012G272900	evm.model.RL_5.2082.2.687c88b9
OG0012672	As012G272910	evm.model.RL_5.1958
OG0012673	As012G273180	evm.model.RL_5.2132
OG0012674	As012G273360	evm.model.RL_5.2122
OG0012675	As012G273410	evm.model.RL_5.2129
OG0012676	As012G273660	evm.model.RL_5.2156
OG0012677	As012G273770	evm.model.RL_5.2170
OG0012678	As012G273890	evm.model.RL_5.2183
OG0012679	As012G273900	evm.model.RL_5.2184
OG0012680	As012G274280	evm.model.RL_2.1169
OG0012681	As012G274330	evm.model.RL_2.1163
OG0012682	As012G274510	evm.model.RL_2.1147
OG0012683	As012G274660	evm.model.RL_2.1131
OG0012684	As012G274690	evm.model.RL_2.1128
OG0012685	As012G274700	evm.model.RL_2.1123
OG0012686	As012G274870	evm.model.RL_6.1578
OG0012687	As012G275300	evm.model.RL_6.1542
OG0012688	As012G275360	evm.model.RL_6.1535
OG0012689	As012G275510	evm.model.RL_7.1193
OG0012690	As012G275520	evm.model.RL_7.1190
OG0012691	As012G275680	evm.model.RL_7.1174
OG0012692	As012G275880	evm.model.RL_7.1154
OG0012693	As012G275930	evm.model.RL_7.1148
OG0012694	As012G276010	evm.model.RL_7.1137
OG0012695	As012G276090	evm.model.RL_7.1128
OG0012696	As012G276350, As012G276340, As012G283430	evm.model.RL_7.1104
OG0012697	As012G276580	evm.model.RL_7.1087
OG0012698	As012G277030	evm.model.RL_7.1055
OG0012699	As012G277210	evm.model.RL_7.1041
OG0012700	As012G277380, As012G277220	evm.model.RL_4.1243
OG0012701	As012G277790	evm.model.RL_7.990
OG0012702	As012G278050	evm.model.RL_7.981
OG0012703	As012G279200	evm.model.RL_7.1221
OG0012704	As012G279920	evm.model.RL_7.951, evm.model.RL_7.956
OG0012705	As012G280160	evm.model.RL_7.932
OG0012706	As012G280920	evm.model.RL_7.889, evm.model.RL_7.1918
OG0012707	As012G281140	evm.model.RL_7.875, evm.model.RL_7.879, evm.model.RL_7.877
OG0012708	As012G281800	evm.model.RL_7.823
OG0012709	As012G282000	evm.model.RL_7.808
OG0012710	As012G282040	evm.model.RL_7.804
OG0012711	As012G282140	evm.model.RL_7.792
OG0012712	As012G282210	evm.model.RL_7.785
OG0012713	As012G282800	evm.model.RL_7.748
OG0012714	As012G282820	evm.model.RL_7.750
OG0012715	As012G283410, As012G283010	evm.model.RL_7.714
OG0012716	As012G283020	evm.model.RL_7.713
OG0012717	As012G283050	evm.model.RL_7.711
OG0012718	As012G283260	evm.model.RL_7.683
OG0012719	As012G283270	evm.model.RL_7.682
OG0012720	As012G283400	evm.model.RL_2.647
OG0012721	As012G283650	evm.model.RL_7.654
OG0012722	As012G283710	evm.model.RL_6.818
OG0012723	As012G283740	evm.model.RL_7.647
OG0012724	As012G283830	evm.model.RL_7.637
OG0012725	As012G284330	evm.model.RL_7.563
OG0012726	As012G284850	evm.model.RL_7.503
OG0012727	As012G284860	evm.model.RL_7.502
OG0012728	As012G284970	evm.model.RL_6.2398
OG0012729	As012G285170	evm.model.RL_7.456
OG0012730	As012G285190	evm.model.RL_7.454
OG0012731	As012G285700	evm.model.RL_7.393
OG0012732	As012G285760	evm.model.RL_7.386, evm.model.RL_7.388
OG0012733	As012G286560, As012G286500	evm.model.RL_7.320
OG0012734	As012G286590	evm.model.RL_7.319
OG0012735	As012G286960	evm.model.RL_7.281
OG0012736	As012G288030	evm.model.RL_7.163, evm.model.RL_7.157
OG0012737	As012G288270	evm.model.RL_7.131
OG0012738	As012G288400	evm.model.RL_7.110
OG0012739	As012G288610	evm.model.RL_7.84
OG0012740	As012G289060	evm.model.RL_7.45
OG0012741	As012G289130	evm.model.RL_7.38
OG0012836	As001G000020	evm.model.RL_2.2323
OG0012837	As001G000120	evm.model.RL_2.2335
OG0012838	As001G000230	evm.model.RL_2.2346
OG0012839	As001G000500	evm.model.RL_2.2375
OG0012840	As001G000690	evm.model.RL_2.2397
OG0012841	As001G000950	evm.model.RL_2.2430
OG0012842	As001G001240	evm.model.RL_2.2464
OG0012843	As001G001380	evm.model.RL_2.2474
OG0012844	As001G001450	evm.model.RL_6.2229
OG0012845	As001G001760	evm.model.RL_2.2508
OG0012846	As001G002370	evm.model.RL_2.2550
OG0012847	As001G002540	evm.model.RL_2.2565
OG0012848	As001G002650	evm.model.RL_2.2573
OG0012849	As001G002980	evm.model.RL_2.2593
OG0012850	As001G003010	evm.model.RL_2.2596.1.687c86e6
OG0012851	As001G003230	evm.model.RL_2.2609.1.687c86e6
OG0012852	As001G003330	evm.model.RL_2.2616
OG0012853	As001G003480	evm.model.RL_2.2634
OG0012854	As001G003750	evm.model.RL_2.2659
OG0012855	As001G004360	evm.model.RL_2.2705
OG0012856	As001G004490	evm.model.RL_2.2716
OG0012858	As001G004800	evm.model.RL_2.2736
OG0012859	As001G004970	evm.model.RL_2.2749
OG0012860	As001G005080	evm.model.RL_2.2764
OG0012861	As001G005290	evm.model.RL_2.2772
OG0012862	As001G005410	evm.model.RL_2.2780
OG0012863	As001G005620	evm.model.RL_2.2811
OG0012864	As001G005790	evm.model.RL_2.2805
OG0012865	As001G006360	evm.model.RL_2.2791
OG0012866	As001G006470	evm.model.RL_2.2785
OG0012867	As001G006730	evm.model.RL_2.2824
OG0012868	As001G010040, As001G015380	evm.model.RL_2.2860
OG0012869	As001G010180	evm.model.RL_2.2857
OG0012870	As001G010240	evm.model.RL_2.2855
OG0012871	As001G010370	evm.model.RL_2.2863
OG0012872	As001G010540	evm.model.RL_2.2869
OG0012873	As001G010710	evm.model.RL_2.2879
OG0012875	As001G012610	evm.model.RL_2.2906
OG0012876	As001G012780	evm.model.RL_2.2949
OG0012877	As001G013730	evm.model.RL_2.2917
OG0012878	As001G014090	evm.model.RL_2.2953.1.687c86e7
OG0012879	As001G014530	evm.model.RL_2.3003
OG0012880	As001G014540	evm.model.RL_2.3004
OG0012881	As001G014860	evm.model.RL_2.3031
OG0012883	As001G015090	evm.model.RL_2.3039.1.687c86e8
OG0012884	As001G015140	evm.model.RL_1.2492
OG0012885	As001G015680	evm.model.RL_5.2831
OG0012886	As004G078740, As001G015700	evm.model.RL_5.2829
OG0012887	As004G078990, As001G015910	evm.model.RL_5.2809
OG0012888	As001G015960	evm.model.RL_5.2802
OG0012889	As001G016910	evm.model.RL_5.2722
OG0012890	As001G016940	evm.model.RL_5.2717
OG0012891	As001G017100	evm.model.RL_5.2700
OG0012892	As001G017610	evm.model.RL_2.1234
OG0012893	As001G017840	evm.model.RL_2.1215
OG0012894	As001G017870	evm.model.RL_2.1211
OG0012895	As001G017880	evm.model.RL_2.1210
OG0012896	As001G018010, As004G083020	evm.model.RL_2.1202
OG0012897	As001G018090	evm.model.RL_2.1194
OG0012898	As001G018230	evm.model.RL_2.1186
OG0012899	As001G018370	evm.model.RL_3.770
OG0012900	As001G018490	evm.model.RL_3.761
OG0012901	As001G018520	evm.model.RL_3.755
OG0012902	As001G018680	evm.model.RL_3.738
OG0012903	As001G018750	evm.model.RL_3.730
OG0012904	As001G018780	evm.model.RL_3.725
OG0012905	As001G018800	evm.model.RL_3.724, evm.model.RL_3.720_evm.model.RL_3.727
OG0012906	As001G018970	evm.model.RL_3.699
OG0012907	As001G019020	evm.model.RL_3.689
OG0012908	As001G019030	evm.model.RL_3.676
OG0012909	As001G019380	evm.model.RL_3.616
OG0012910	As001G019390	evm.model.RL_1.2628
OG0012911	As001G019670	evm.model.RL_3.568
OG0012912	As001G019760	evm.model.RL_3.563
OG0012913	As001G019920	evm.model.RL_3.554
OG0012914	As001G020050, As001G019940	evm.model.RL_3.543
OG0012915	As001G020170	evm.model.RL_3.520
OG0012916	As001G020240	evm.model.RL_3.527
OG0012917	As001G020360	evm.model.RL_3.506
OG0012918	As001G020390	evm.model.RL_3.501
OG0012919	As001G020880	evm.model.RL_3.460
OG0012920	As001G020940	evm.model.RL_3.447
OG0012921	As001G020970	evm.model.RL_3.441, evm.model.RL_3.439
OG0012922	As001G021020	evm.model.RL_3.387
OG0012923	As001G021140	evm.model.RL_3.434
OG0012924	As001G021180	evm.model.RL_3.396
OG0012925	As001G021450	evm.model.RL_3.370
OG0012926	As001G021460	evm.model.RL_3.369
OG0012927	As001G021470	evm.model.RL_3.368
OG0012929	As001G021570	evm.model.RL_3.360
OG0012930	As001G021600	evm.model.RL_3.351, evm.model.RL_3.352
OG0012931	As001G021990	evm.model.RL_3.297
OG0012932	As001G022280	evm.model.RL_7.2664
OG0012933	As001G022320	evm.model.RL_7.2668
OG0012934	As001G022340	evm.model.RL_7.2670
OG0012935	As001G022430	evm.model.RL_7.2677
OG0012936	As001G022730	evm.model.RL_7.2701
OG0012937	As001G022770	evm.model.RL_7.2707
OG0012938	As001G022790	evm.model.RL_7.2709
OG0012939	As001G022890	evm.model.RL_7.2720
OG0012940	As001G023060	evm.model.RL_7.2630
OG0012941	As001G023130	evm.model.RL_7.2047, evm.model.RL_7.2620
OG0012942	As001G023500	evm.model.RL_7.2589
OG0012943	As001G023580	evm.model.RL_7.2581
OG0012944	As001G023810	evm.model.RL_7.2558
OG0012945	As001G023840	evm.model.RL_7.2554
OG0012946	As001G023980, As008G183430	evm.model.RL_5.1241.1.687c88b2
OG0012947	As001G023990	evm.model.RL_7.2529
OG0012948	As001G024290	evm.model.RL_7.2503
OG0012949	As001G024440	evm.model.RL_7.2484
OG0012950	As001G024540	evm.model.RL_7.2470
OG0012951	As001G024920	evm.model.RL_7.2430
OG0012952	As001G025000	evm.model.RL_7.2423
OG0012953	As001G025140	evm.model.RL_7.2408
OG0012954	As001G025180	evm.model.RL_7.2400, evm.model.RL_7.2404
OG0012955	As001G025320	evm.model.RL_7.2383
OG0012957	As001G025490	evm.model.RL_7.2367
OG0012958	As001G025600	evm.model.RL_7.2355
OG0012959	As001G025620, As001G025630	evm.model.RL_7.2353
OG0012960	As001G025860	evm.model.RL_7.2329
OG0012961	As001G025900	evm.model.RL_7.2325
OG0012962	As001G026010	evm.model.RL_7.2313
OG0012964	As001G026050	evm.model.RL_7.2310
OG0012965	As001G026210	evm.model.RL_7.2283
OG0012967	As001G026440	evm.model.RL_7.2263
OG0012968	As001G026690	evm.model.RL_7.2244.1.687c84bc
OG0012969	As001G026700	evm.model.RL_7.2243
OG0012970	As001G026790	evm.model.RL_7.2228
OG0012971	As001G026950	evm.model.RL_7.2209
OG0012972	As001G027170	evm.model.RL_7.2179
OG0012973	As001G027180	evm.model.RL_7.2178
OG0012974	As001G027210	evm.model.RL_7.2176
OG0012975	As001G027410	evm.model.RL_7.854, evm.model.RL_7.703
OG0012976	As001G027660	evm.model.RL_7.2117
OG0012977	As001G027710	evm.model.RL_7.2112
OG0012978	As001G028110	evm.model.RL_7.2039
OG0012979	As001G028130	evm.model.RL_1.2082
OG0012980	As001G028280, As004G077830	evm.model.RL_2.369
OG0012981	As001G028310	evm.model.RL_3.1093
OG0012982	As001G028320	evm.model.RL_3.1092
OG0012983	As001G028420	evm.model.RL_3.1083.2.687c84bb
OG0012984	As001G028430, As004G077710	evm.model.RL_3.1082
OG0012985	As001G028490	evm.model.RL_3.1057
OG0012986	As001G028670	evm.model.RL_3.1042
OG0012987	As001G028970	evm.model.RL_3.1004
OG0012988	As001G029050	evm.model.RL_3.991
OG0012989	As001G029060	evm.model.RL_3.990
OG0012990	As001G029360	evm.model.RL_3.946.1.687c84bb
OG0012991	As001G029440	evm.model.RL_3.928
OG0012992	As001G029490	evm.model.RL_3.919
OG0012993	As001G029500	evm.model.RL_3.916
OG0012994	As001G029580	evm.model.RL_3.901
OG0012995	As001G029970	evm.model.RL_3.774
OG0012996	As001G030060	evm.model.RL_3.780
OG0012997	As001G030140	evm.model.RL_1.2539.2.687c87ef
OG0012998	As001G030240	evm.model.RL_3.11
OG0012999	As001G030390	evm.model.RL_3.23
OG0013000	As001G030650	evm.model.RL_3.51, evm.model.RL_3.53
OG0013001	As001G030670	evm.model.RL_3.54
OG0013002	As001G030720	evm.model.RL_3.63
OG0013003	As001G030730	evm.model.RL_3.64
OG0013004	As001G030820, As001G030830	evm.model.RL_3.71
OG0013005	As001G030860	evm.model.RL_3.78
OG0013006	As001G030890	evm.model.RL_3.81.1.687c84b9
OG0013007	As001G030920	evm.model.RL_3.82
OG0013008	As001G030930	evm.model.RL_3.83
OG0013009	As001G030960	evm.model.RL_3.88
OG0013010	As001G031120	evm.model.RL_3.109
OG0013011	As001G031190	evm.model.RL_3.128
OG0013012	As001G031260	evm.model.RL_3.148
OG0013013	As001G031360	evm.model.RL_3.155
OG0013014	As001G031390	evm.model.RL_3.160
OG0013015	As001G031500	evm.model.RL_5.1135
OG0013016	As001G031620	evm.model.RL_3.182, evm.model.RL_3.195
OG0013017	As001G031720	evm.model.RL_3.193
OG0013018	As001G031900	evm.model.RL_3.220
OG0013019	As001G031930	evm.model.RL_3.223
OG0013020	As001G032100	evm.model.RL_3.247
OG0013021	As001G032130, As008G185320	evm.model.RL_5.1071
OG0013022	As001G032170	evm.model.RL_3.256
OG0013023	As001G032180	evm.model.RL_3.233, evm.model.RL_3.257
OG0013024	As002G032520	evm.model.RL_2.2098
OG0013025	As002G032630	evm.model.RL_2.2117
OG0013026	As002G032660	evm.model.RL_2.2121
OG0013027	As002G032690	evm.model.RL_2.2124.1.687c86e5
OG0013029	As002G032870	evm.model.RL_2.550
OG0013030	As002G033090, As002G038070	evm.model.RL_6.2260
OG0013031	As002G033220	evm.model.RL_6.2242
OG0013032	As002G033470	evm.model.RL_6.2226
OG0013033	As002G033480	evm.model.RL_6.2228
OG0013034	As002G033600	evm.model.RL_6.2214
OG0013035	As002G033820	evm.model.RL_6.2188
OG0013036	As002G033870	evm.model.RL_6.2175
OG0013037	As002G033910	evm.model.RL_1.810
OG0013038	As002G034060, As002G034050	evm.model.RL_1.829
OG0013039	As002G034100	evm.model.RL_1.835
OG0013040	As002G034450	evm.model.RL_1.872
OG0013041	As002G034460, As002G034620, As002G034550	evm.model.RL_1.873
OG0013042	As002G035000	evm.model.RL_1.903
OG0013043	As002G035180	evm.model.RL_1.910
OG0013044	As002G035240	evm.model.RL_2.1947
OG0013045	As002G035270	evm.model.RL_1.917
OG0013046	As002G035330	evm.model.RL_1.921
OG0013047	As002G035350	evm.model.RL_1.923
OG0013048	As002G035360	evm.model.RL_1.924
OG0013049	As002G035640	evm.model.RL_1.948.1.687c87eb
OG0013050	As002G035660	evm.model.RL_1.950
OG0013051	As002G035730	evm.model.RL_4.1681
OG0013052	As002G036090	evm.model.RL_1.975
OG0013053	As002G036100	evm.model.RL_1.977
OG0013054	As002G036160	evm.model.RL_1.981
OG0013055	As002G036430	evm.model.RL_1.996
OG0013056	As008G186240, As002G036600	evm.model.RL_5.987
OG0013057	As002G037040	evm.model.RL_1.1028
OG0013058	As002G037400	evm.model.RL_1.1062
OG0013059	As002G037430	evm.model.RL_1.1065
OG0013060	As002G038180	evm.model.RL_1.1112
OG0013061	As002G038190	evm.model.RL_1.1113
OG0013062	As002G038480	evm.model.RL_1.1118
OG0013064	As007G177910, As002G038790	evm.model.RL_4.1477
OG0013065	As002G038880	evm.model.RL_1.1136
OG0013066	As002G039180	evm.model.RL_2.2315
OG0013067	As002G039600	evm.model.RL_6.1955
OG0013068	As002G040090	evm.model.RL_8.1051
OG0013069	As002G040170	evm.model.RL_8.1055
OG0013070	As002G040200	evm.model.RL_8.1056
OG0013071	As002G040650	evm.model.RL_8.1061
OG0013072	As002G040860	evm.model.RL_8.1080
OG0013073	As002G041340	evm.model.RL_8.1103
OG0013074	As002G041650	evm.model.RL_8.1109
OG0013075	As002G041750	evm.model.RL_8.1114
OG0013076	As002G041920	evm.model.RL_8.1126
OG0013077	As002G041970	evm.model.RL_8.1130
OG0013078	As002G042200	evm.model.RL_8.2093
OG0013079	As002G042400	evm.model.RL_8.1180
OG0013080	As002G042410, As011G257720	evm.model.RL_1.2413
OG0013081	As002G042880	evm.model.RL_8.1212
OG0013082	As002G043140	evm.model.RL_8.1224
OG0013083	As002G043260	evm.model.RL_8.1229
OG0013084	As002G043460	evm.model.RL_8.1254
OG0013085	As002G043590	evm.model.RL_8.1267
OG0013086	As002G043680	evm.model.RL_8.1279.1.687c855a
OG0013087	As002G043830	evm.model.RL_8.1291
OG0013088	As002G043890	evm.model.RL_8.1301
OG0013089	As002G044050	evm.model.RL_8.1317
OG0013090	As002G044140	evm.model.RL_8.1326
OG0013091	As002G044460	evm.model.RL_8.1371
OG0013092	As002G044690	evm.model.RL_8.1387
OG0013093	As002G045230	evm.model.RL_8.1443
OG0013094	As002G045280	evm.model.RL_2.2293
OG0013095	As002G045550	evm.model.RL_8.1499
OG0013096	As002G045560	evm.model.RL_8.1498
OG0013097	As002G045580	evm.model.RL_8.1493
OG0013098	As002G045640	evm.model.RL_8.1486
OG0013099	As002G045670	evm.model.RL_8.1483
OG0013100	As002G045680	evm.model.RL_8.1482
OG0013101	As002G045690	evm.model.RL_8.1478.1.687c855b
OG0013102	As002G046020	evm.model.RL_8.1518
OG0013103	As002G046080	evm.model.RL_8.1524
OG0013104	As002G046290	evm.model.RL_8.1538
OG0013105	As002G046320	evm.model.RL_1.2607
OG0013106	As002G046570	evm.model.RL_8.1568
OG0013107	As002G046610	evm.model.RL_8.1574
OG0013108	As002G046620	evm.model.RL_8.1575
OG0013109	As002G046630	evm.model.RL_8.1576
OG0013110	As002G046660	evm.model.RL_8.1579
OG0013111	As002G046670	evm.model.RL_8.1580
OG0013112	As002G046960, As004G086310, As002G046940, As002G046750	evm.model.RL_8.1591, evm.model.RL_8.1589
OG0013113	As002G047050	evm.model.RL_8.1615
OG0013114	As002G047080, As006G134560	evm.model.RL_2.2194
OG0013115	As002G047100	evm.model.RL_8.1618
OG0013116	As002G047260	evm.model.RL_8.1634
OG0013117	As002G047420	evm.model.RL_8.1648
OG0013118	As002G047520	evm.model.RL_8.1658
OG0013119	As002G047700	evm.model.RL_8.1676
OG0013120	As002G047850	evm.model.RL_8.1688
OG0013121	As002G047910	evm.model.RL_8.1692.2.687c855d
OG0013122	As002G048080	evm.model.RL_8.1708
OG0013123	As002G048180	evm.model.RL_8.1717
OG0013124	As002G048850	evm.model.RL_8.1791
OG0013125	As002G048940	evm.model.RL_8.1800
OG0013126	As002G048960	evm.model.RL_8.1802
OG0013127	As002G049040	evm.model.RL_8.1809
OG0013128	As002G049050	evm.model.RL_8.1810
OG0013129	As002G049190	evm.model.RL_8.1827
OG0013130	As002G049430	evm.model.RL_8.1851
OG0013131	As002G049550	evm.model.RL_8.1861
OG0013132	As002G049880	evm.model.RL_8.1883
OG0013133	As002G049910	evm.model.RL_8.1886
OG0013134	As002G050020	evm.model.RL_8.977, evm.model.RL_8.994
OG0013135	As002G050090	evm.model.RL_4.1406
OG0013136	As002G050130	evm.model.RL_4.744
OG0013137	As002G050340	evm.model.RL_4.2294
OG0013138	As002G050390	evm.model.RL_4.2299
OG0013139	As002G050410	evm.model.RL_4.2301
OG0013141	As002G050790	evm.model.RL_4.2334
OG0013142	As002G050830	evm.model.RL_4.2339
OG0013143	As002G050940	evm.model.RL_4.2355
OG0013144	As002G051970, As002G050960	evm.model.RL_4.2356
OG0013145	As002G051050	evm.model.RL_4.2364
OG0013146	As002G051070	evm.model.RL_4.2366
OG0013147	As002G051110	evm.model.RL_4.2371
OG0013148	As002G051390	evm.model.RL_4.2403.1.687c86d9
OG0013149	As002G051490	evm.model.RL_4.2408
OG0013150	As002G051590	evm.model.RL_4.2420
OG0013151	As002G051610	evm.model.RL_4.2423
OG0013152	As002G051640	evm.model.RL_4.2428
OG0013153	As002G051760	evm.model.RL_4.2438
OG0013154	As002G051880	evm.model.RL_4.2451
OG0013155	As002G051890	evm.model.RL_4.2452
OG0013156	As002G051980	evm.model.RL_4.2460
OG0013157	As002G051990	evm.model.RL_4.2461
OG0013158	As002G052350	evm.model.RL_4.2500
OG0013159	As002G052370	evm.model.RL_4.2506, evm.model.RL_4.2502
OG0013160	As002G053120	evm.model.RL_4.2558
OG0013161	As002G053500	evm.model.RL_4.2602
OG0013162	As002G053530	evm.model.RL_4.2610
OG0013163	As002G053770	evm.model.RL_4.2638
OG0013164	As002G053850	evm.model.RL_4.2647
OG0013165	As002G053880	evm.model.RL_4.2649.3.687c86da
OG0013166	As002G053970	evm.model.RL_4.2657
OG0013167	As002G054090	evm.model.RL_4.2670
OG0013168	As002G054110	evm.model.RL_4.2672
OG0013169	As002G054120	evm.model.RL_4.2673
OG0013170	As002G054160	evm.model.RL_4.2675
OG0013171	As002G054380	evm.model.RL_4.2700
OG0013172	As009G217140, As002G054500	evm.model.RL_4.1387
OG0013174	As002G054750	evm.model.RL_4.2738
OG0013175	As002G054760	evm.model.RL_4.2739
OG0013176	As002G055010	evm.model.RL_4.2770
OG0013177	As002G055060	evm.model.RL_4.2776
OG0013178	As002G055070	evm.model.RL_4.2778
OG0013179	As002G055460	evm.model.RL_4.2820
OG0013180	As002G055530	evm.model.RL_8.2281
OG0013182	As003G055720	evm.model.RL_2.1289
OG0013183	As003G055890	evm.model.RL_2.1305
OG0013184	As003G055980	evm.model.RL_2.1313
OG0013185	As003G056080	evm.model.RL_2.1325
OG0013186	As003G056090	evm.model.RL_2.1326
OG0013187	As003G056370	evm.model.RL_2.1354
OG0013188	As003G056610	evm.model.RL_2.1377
OG0013189	As003G056640	evm.model.RL_2.1383
OG0013190	As003G056650	evm.model.RL_2.1384
OG0013191	As003G056910	evm.model.RL_4.232
OG0013192	As003G057010	evm.model.RL_2.1412
OG0013193	As003G057120	evm.model.RL_2.1423
OG0013194	As003G057200	evm.model.RL_2.1433
OG0013195	As003G057240	evm.model.RL_2.1437
OG0013196	As004G088190, As003G057280	evm.model.RL_2.1441
OG0013197	As003G057360	evm.model.RL_2.1449
OG0013198	As003G057470	evm.model.RL_2.1462
OG0013199	As003G057500	evm.model.RL_2.1464
OG0013200	As003G057510	evm.model.RL_2.1466, evm.model.RL_2.1465.1.687c86e3
OG0013201	As003G057720	evm.model.RL_2.1490
OG0013202	As003G058300	evm.model.RL_2.1558
OG0013203	As003G058310	evm.model.RL_7.624
OG0013204	As003G058330	evm.model.RL_2.1561
OG0013205	As003G058370	evm.model.RL_2.3257.1.687c86e8
OG0013206	As003G058700, As003G058660	evm.model.RL_2.1589
OG0013207	As003G059160	evm.model.RL_2.1636
OG0013208	As003G059390	evm.model.RL_2.1644
OG0013209	As003G059650	evm.model.RL_2.1665
OG0013210	As003G060040	evm.model.RL_2.1707
OG0013211	As003G060270	evm.model.RL_2.1726
OG0013212	As003G060300	evm.model.RL_3.1375.5.687c84bc
OG0013213	As003G060440	evm.model.RL_2.1742
OG0013214	As003G060600	evm.model.RL_2.1767
OG0013215	As003G061510	evm.model.RL_2.1864
OG0013216	As003G061820	evm.model.RL_2.1885
OG0013217	As003G061880	evm.model.RL_5.2402, evm.model.RL_2.1892
OG0013218	As003G061990	evm.model.RL_2.1903
OG0013219	As003G062000	evm.model.RL_2.1904
OG0013220	As003G062190	evm.model.RL_2.1925
OG0013221	As003G062350	evm.model.RL_5.2679
OG0013223	As003G062750	evm.model.RL_5.2630
OG0013224	As003G062780	evm.model.RL_5.2625
OG0013225	As003G062890	evm.model.RL_4.1638.1.687c86d5
OG0013226	As003G062900	evm.model.RL_2.2081
OG0013227	As003G062920	evm.model.RL_4.2842
OG0013228	As003G062990	evm.model.RL_5.2598
OG0013229	As003G063230	evm.model.RL_5.2559
OG0013230	As003G063250	evm.model.RL_5.2555.1.687c88bc
OG0013231	As003G063320	evm.model.RL_5.2547
OG0013232	As003G063400	evm.model.RL_5.2537
OG0013233	As003G063480	evm.model.RL_5.2527, evm.model.RL_5.2529
OG0013234	As003G063610	evm.model.RL_5.2508
OG0013235	As003G063780	evm.model.RL_5.2479
OG0013236	As003G063860	evm.model.RL_5.2464
OG0013237	As003G063920, As004G080210	evm.model.RL_5.2460
OG0013238	As003G064220	evm.model.RL_5.2411
OG0013239	As003G064460	evm.model.RL_5.2324
OG0013240	As003G064740	evm.model.RL_1.813
OG0013241	As003G064940	evm.model.RL_5.2846
OG0013242	As003G064950	evm.model.RL_5.2362
OG0013243	As003G065250	evm.model.RL_5.2300
OG0013246	As003G065510	evm.model.RL_5.2254
OG0013247	As003G066020	evm.model.RL_5.2393
OG0013248	As003G066040	evm.model.RL_5.2396
OG0013249	As003G066060	evm.model.RL_5.2401
OG0013250	As003G066370, As003G066380	evm.model.RL_5.2297
OG0013251	As003G066640	evm.model.RL_5.2281
OG0013252	As003G067320	evm.model.RL_5.3109
OG0013253	As003G067640	evm.model.RL_5.3111.8.687c88bf
OG0013254	As003G068480	evm.model.RL_5.3081
OG0013255	As003G068580	evm.model.RL_5.3076
OG0013256	As003G068630	evm.model.RL_5.3074
OG0013257	As003G069200	evm.model.RL_5.3046
OG0013258	As003G069290	evm.model.RL_5.3037
OG0013259	As003G069500	evm.model.RL_5.3025
OG0013260	As003G069700	evm.model.RL_5.3016
OG0013261	As003G069710	evm.model.RL_1.2362
OG0013262	As003G069860	evm.model.RL_5.3003
OG0013263	As003G070010	evm.model.RL_5.2987
OG0013264	As003G070280	evm.model.RL_5.2914
OG0013265	As003G070830	evm.model.RL_5.2904
OG0013266	As003G071670	evm.model.RL_2.3063
OG0013267	As005G105870, As003G071700	evm.model.RL_2.3066
OG0013268	As003G071940	evm.model.RL_2.3088
OG0013269	As003G072170	evm.model.RL_2.3113
OG0013270	As003G072210	evm.model.RL_2.3117.3.687c86e8
OG0013271	As003G072260	evm.model.RL_2.3123
OG0013272	As011G264800, As003G072280	evm.model.RL_1.2965
OG0013273	As003G072470	evm.model.RL_2.3149
OG0013274	As003G072570	evm.model.RL_2.3161
OG0013275	As003G072580	evm.model.RL_2.3162
OG0013276	As003G072610	evm.model.RL_2.3165
OG0013278	As003G072690	evm.model.RL_2.3170.1.687c86e8.1.687c99ff
OG0013279	As003G072820	evm.model.RL_2.3178
OG0013280	As003G072850	evm.model.RL_2.3180
OG0013281	As003G073160	evm.model.RL_2.3212
OG0013282	As003G073310	evm.model.RL_2.3229
OG0013283	As003G073320	evm.model.RL_2.3280, evm.model.RL_7.1308
OG0013284	As003G073380	evm.model.RL_2.3235
OG0013285	As003G073700	evm.model.RL_2.3260
OG0013286	As003G074200	evm.model.RL_2.3301
OG0013287	As003G074220	evm.model.RL_7.1044
OG0013288	As003G074610	evm.model.RL_2.3328
OG0013289	As003G074620	evm.model.RL_2.3329
OG0013290	As003G074660	evm.model.RL_2.3333
OG0013291	As003G074830	evm.model.RL_2.3351
OG0013292	As003G074840	evm.model.RL_2.3352.1.687c86e9
OG0013293	As003G074850	evm.model.RL_2.3353
OG0013294	As003G074870	evm.model.RL_5.3123
OG0013295	As003G074880	evm.model.RL_2.3356
OG0013296	As003G075400	evm.model.RL_2.3389
OG0013297	As003G075410	evm.model.RL_2.3390
OG0013298	As003G075420	evm.model.RL_2.3391
OG0013299	As003G075580, As003G075570	evm.model.RL_2.3404
OG0013300	As012G273680, As003G075610	evm.model.RL_2.3409
OG0013301	As003G075730	evm.model.RL_2.3420
OG0013302	As003G076060	evm.model.RL_2.3448
OG0013303	As003G076120	evm.model.RL_2.3454
OG0013304	As003G076170	evm.model.RL_2.3459
OG0013305	As003G076370	evm.model.RL_2.3477
OG0013307	As003G076470	evm.model.RL_2.3487
OG0013308	As003G076510	evm.model.RL_2.3484
OG0013309	As003G076590	evm.model.RL_2.3499
OG0013310	As004G076720	evm.model.RL_6.79
OG0013311	As004G076830	evm.model.RL_2.583
OG0013312	As004G076950	evm.model.RL_2.566
OG0013313	As004G076990	evm.model.RL_2.558
OG0013314	As004G077050	evm.model.RL_2.543
OG0013315	As004G077120	evm.model.RL_2.515
OG0013316	As004G077230	evm.model.RL_2.479
OG0013317	As004G077280	evm.model.RL_2.468
OG0013318	As004G077300	evm.model.RL_2.458
OG0013319	As004G077330	evm.model.RL_2.450
OG0013320	As004G077350	evm.model.RL_2.443
OG0013321	As004G077460	evm.model.RL_2.431
OG0013322	As004G077660	evm.model.RL_2.400
OG0013323	As004G077730	evm.model.RL_2.380
OG0013324	As004G077770	evm.model.RL_2.375
OG0013325	As004G077840	evm.model.RL_2.367.1.687c86e0
OG0013326	As004G077870	evm.model.RL_2.365
OG0013327	As004G077880	evm.model.RL_2.364
OG0013328	As004G078030	evm.model.RL_2.328
OG0013329	As004G078180	evm.model.RL_2.301
OG0013330	As004G078510	evm.model.RL_2.258
OG0013331	As004G078590	evm.model.RL_2.247
OG0013332	As004G078600	evm.model.RL_2.246
OG0013333	As004G078850	evm.model.RL_4.1772
OG0013334	As004G079230	evm.model.RL_5.2782
OG0013335	As004G079250	evm.model.RL_7.1776
OG0013336	As004G079330	evm.model.RL_8.653
OG0013337	As004G079410	evm.model.RL_4.855
OG0013338	As004G079530	evm.model.RL_6.1627
OG0013339	As004G079570	evm.model.RL_6.1623
OG0013340	As004G079780	evm.model.RL_6.1606
OG0013341	As004G080070	evm.model.RL_8.813
OG0013342	As004G080180	evm.model.RL_8.828
OG0013343	As004G080290	evm.model.RL_8.846
OG0013344	As004G080300	evm.model.RL_8.847
OG0013345	As004G080310	evm.model.RL_8.849
OG0013346	As004G080360	evm.model.RL_8.854
OG0013347	As004G080380	evm.model.RL_8.856
OG0013348	As004G080530	evm.model.RL_4.1665
OG0013349	As004G080590	evm.model.RL_8.889
OG0013350	As004G080720	evm.model.RL_1.2973
OG0013351	As004G080770	evm.model.RL_5.2426.1.687c88bb
OG0013352	As004G080800	evm.model.RL_8.902
OG0013353	As004G080820	evm.model.RL_8.903
OG0013354	As004G080840	evm.model.RL_8.905
OG0013355	As004G081160	evm.model.RL_6.1508
OG0013357	As004G081650	evm.model.RL_6.1449
OG0013358	As004G081690	evm.model.RL_6.1446
OG0013359	As004G081850	evm.model.RL_6.1630
OG0013360	As004G081890	evm.model.RL_4.558
OG0013361	As004G081930	evm.model.RL_4.562
OG0013362	As004G081970	evm.model.RL_4.569
OG0013363	As004G082030	evm.model.RL_4.575
OG0013364	As004G082100	evm.model.RL_4.582
OG0013365	As004G082190	evm.model.RL_4.603
OG0013366	As004G082200	evm.model.RL_5.2286.1.687c9b56
OG0013367	As004G082350	evm.model.RL_4.638
OG0013368	As004G082440	evm.model.RL_4.651
OG0013369	As004G082490	evm.model.RL_5.2165
OG0013370	As004G082520	evm.model.RL_4.657
OG0013371	As004G082600	evm.model.RL_4.674
OG0013372	As004G082660	evm.model.RL_4.682
OG0013374	As004G082700	evm.model.RL_4.687
OG0013375	As004G082730	evm.model.RL_4.495
OG0013376	As004G082770	evm.model.RL_4.691
OG0013377	As004G082790	evm.model.RL_6.1906
OG0013378	As004G082800	evm.model.RL_4.694
OG0013379	As004G082820	evm.model.RL_3.137
OG0013380	As004G082870	evm.model.RL_4.702
OG0013381	As004G083000	evm.model.RL_4.1416
OG0013382	As004G083060	evm.model.RL_6.1663
OG0013383	As004G083160	evm.model.RL_8.798
OG0013384	As004G083260	evm.model.RL_8.787
OG0013385	As004G083310	evm.model.RL_8.786
OG0013386	As004G083390	evm.model.RL_8.772
OG0013387	As004G083430	evm.model.RL_8.767
OG0013388	As004G083500	evm.model.RL_5.2622
OG0013389	As004G083610	evm.model.RL_8.754
OG0013390	As004G084170	evm.model.RL_8.688, evm.model.RL_3.848
OG0013391	As004G084270	evm.model.RL_8.672
OG0013392	As004G084440	evm.model.RL_8.652
OG0013393	As004G084460	evm.model.RL_8.650
OG0013394	As004G084510	evm.model.RL_8.640.4.687c8557
OG0013395	As004G084550	evm.model.RL_8.637
OG0013396	As004G084600	evm.model.RL_8.620
OG0013397	As004G084670	evm.model.RL_8.609
OG0013398	As004G084700	evm.model.RL_8.604
OG0013399	As004G084770	evm.model.RL_8.595
OG0013400	As004G084890	evm.model.RL_8.578
OG0013401	As004G085060	evm.model.RL_8.557
OG0013402	As004G085540	evm.model.RL_8.498
OG0013403	As004G085580	evm.model.RL_8.489, evm.model.RL_8.486
OG0013404	As004G085980	evm.model.RL_8.440
OG0013405	As004G086020	evm.model.RL_8.436
OG0013406	As004G086130	evm.model.RL_8.422
OG0013407	As004G086260	evm.model.RL_8.435
OG0013408	As004G086490	evm.model.RL_4.434
OG0013409	As004G086570, As006G134200	evm.model.RL_4.426
OG0013410	As004G087060	evm.model.RL_4.388
OG0013411	As004G087150	evm.model.RL_4.380.3.687c86ce
OG0013412	As004G087190	evm.model.RL_4.373
OG0013414	As008G186220, As004G087770	evm.model.RL_4.309
OG0013415	As004G087780, As004G093230	evm.model.RL_4.308
OG0013416	As004G087810	evm.model.RL_4.306
OG0013417	As004G088010	evm.model.RL_4.283
OG0013418	As004G088060	evm.model.RL_4.278
OG0013419	As004G088140	evm.model.RL_4.262
OG0013420	As004G088170	evm.model.RL_4.258
OG0013421	As004G088200	evm.model.RL_4.255
OG0013422	As004G088240	evm.model.RL_4.250
OG0013425	As004G089300	evm.model.RL_4.1654
OG0013426	As004G091180	evm.model.RL_5.2746.1.687c88bd, evm.model.RL_4.55
OG0013427	As004G091190	evm.model.RL_4.56
OG0013428	As004G091320	evm.model.RL_2.646.1.687c86e1
OG0013429	As004G092310, As004G092410	evm.model.RL_1.2494
OG0013430	As006G141320, As004G092770	evm.model.RL_2.756
OG0013431	As004G092870	evm.model.RL_2.764
OG0013432	As004G092970, As011G258550	evm.model.RL_1.2433
OG0013433	As004G093000	evm.model.RL_2.770
OG0013434	As004G093440, As011G257580	evm.model.RL_1.2401
OG0013435	As004G093750	evm.model.RL_2.824
OG0013436	As004G094000, As011G256570	evm.model.RL_1.2342
OG0013437	As004G094530	evm.model.RL_2.866
OG0013438	As004G094630	evm.model.RL_2.878
OG0013439	As004G095050	evm.model.RL_2.902
OG0013440	As004G095130	evm.model.RL_2.915
OG0013441	As004G095200	evm.model.RL_2.928
OG0013442	As004G095430	evm.model.RL_8.679
OG0013443	As004G095480	evm.model.RL_2.959
OG0013444	As004G095640	evm.model.RL_2.971
OG0013445	As004G095980	evm.model.RL_2.1016
OG0013446	As004G096080	evm.model.RL_2.1029
OG0013447	As004G096120	evm.model.RL_2.1035
OG0013448	As004G096160	evm.model.RL_2.1038
OG0013449	As004G096170	evm.model.RL_2.1040
OG0013450	As004G096590	evm.model.RL_2.1077
OG0013451	As004G096610	evm.model.RL_2.1080
OG0013452	As004G096820	evm.model.RL_2.227
OG0013453	As004G096970	evm.model.RL_2.205
OG0013454	As004G097160	evm.model.RL_2.17
OG0013455	As004G097490	evm.model.RL_2.54
OG0013456	As004G097810	evm.model.RL_2.109
OG0013457	As004G098010	evm.model.RL_2.145
OG0013458	As004G098320	evm.model.RL_2.184
OG0013459	As004G098410	evm.model.RL_2.192
OG0013460	As004G098490	evm.model.RL_2.203
OG0013461	As005G098690	evm.model.RL_6.2951, evm.model.RL_5.2966
OG0013462	As005G098980	evm.model.RL_6.2933
OG0013463	As005G099040	evm.model.RL_6.2928
OG0013464	As005G099160	evm.model.RL_6.2921
OG0013465	As005G099180	evm.model.RL_6.2919
OG0013466	As005G099300	evm.model.RL_6.2910
OG0013468	As005G099600	evm.model.RL_6.2885
OG0013469	As005G099960	evm.model.RL_6.2850
OG0013470	As005G099980	evm.model.RL_6.2849, evm.model.RL_5.3973
OG0013472	As005G100100	evm.model.RL_6.2836
OG0013473	As005G100440	evm.model.RL_6.2802
OG0013474	As005G100680	evm.model.RL_6.2787
OG0013475	As005G100740	evm.model.RL_6.2781
OG0013476	As005G100770	evm.model.RL_6.2777
OG0013477	As005G100790	evm.model.RL_6.2775
OG0013478	As005G100820	evm.model.RL_6.2771
OG0013479	As005G100980	evm.model.RL_6.2754
OG0013480	As005G101100	evm.model.RL_6.2744
OG0013481	As005G101120	evm.model.RL_6.2742
OG0013482	As005G101210	evm.model.RL_6.2733
OG0013483	As005G101220	evm.model.RL_6.2731
OG0013484	As005G101490	evm.model.RL_6.2696
OG0013485	As005G101830	evm.model.RL_6.2663
OG0013486	As005G102450	evm.model.RL_1.3231, evm.model.RL_6.2600
OG0013487	As005G102500, As005G102510	evm.model.RL_7.342
OG0013488	As005G102530	evm.model.RL_6.2595
OG0013489	As005G102590	evm.model.RL_6.2590
OG0013490	As005G102660	evm.model.RL_6.2578
OG0013491	As005G102810	evm.model.RL_6.2567
OG0013492	As005G102830	evm.model.RL_6.2565
OG0013493	As005G102910	evm.model.RL_6.2556
OG0013494	As005G103170	evm.model.RL_6.2527
OG0013495	As005G103320	evm.model.RL_6.2511
OG0013496	As005G103530	evm.model.RL_6.2497
OG0013497	As005G103790	evm.model.RL_6.2475
OG0013498	As005G103930	evm.model.RL_6.2464
OG0013499	As005G103990	evm.model.RL_5.3010, evm.model.RL_6.2455
OG0013500	As005G104060	evm.model.RL_6.2450
OG0013501	As005G104270	evm.model.RL_6.2428
OG0013502	As005G104350	evm.model.RL_6.2422
OG0013504	As005G104650	evm.model.RL_6.2397
OG0013505	As012G284770, As005G104860	evm.model.RL_7.512
OG0013506	As005G105120	evm.model.RL_6.2334
OG0013507	As005G105200	evm.model.RL_6.2343
OG0013508	As005G105780	evm.model.RL_6.2298
OG0013509	As005G105790	evm.model.RL_6.2297
OG0013510	As005G106680, As006G142210	evm.model.RL_4.3375.1.687c86de
OG0013511	As005G106770	evm.model.RL_4.3368
OG0013512	As005G106950	evm.model.RL_4.3348
OG0013513	As005G107000	evm.model.RL_4.3338
OG0013515	As005G107170	evm.model.RL_4.3326
OG0013516	As005G107220	evm.model.RL_4.3319
OG0013517	As005G107320	evm.model.RL_4.3313
OG0013518	As005G107370	evm.model.RL_4.3309
OG0013519	As005G107660	evm.model.RL_4.3279
OG0013520	As005G107880	evm.model.RL_4.3257
OG0013521	As005G107890	evm.model.RL_4.3258
OG0013522	As005G108330	evm.model.RL_4.3155, evm.model.RL_4.3188
OG0013523	As005G108350	evm.model.RL_4.3186
OG0013524	As005G108430	evm.model.RL_4.3176
OG0013525	As005G108530	evm.model.RL_4.3167
OG0013526	As005G108540	evm.model.RL_4.3166
OG0013527	As005G108670	evm.model.RL_4.3159
OG0013528	As005G108790	evm.model.RL_4.3145
OG0013529	As005G108950	evm.model.RL_4.3129
OG0013530	As005G108960	evm.model.RL_4.3128.1.687c86dd
OG0013531	As005G109160	evm.model.RL_4.3116
OG0013532	As005G109240	evm.model.RL_4.3111
OG0013533	As005G109270	evm.model.RL_4.3108
OG0013534	As005G109320	evm.model.RL_4.3107
OG0013535	As005G109350	evm.model.RL_4.3105
OG0013536	As005G109360	evm.model.RL_4.3104
OG0013537	As005G110400	evm.model.RL_4.1650
OG0013539	As005G110580	evm.model.RL_4.1685
OG0013540	As005G111850	evm.model.RL_4.1595
OG0013541	As005G111940	evm.model.RL_4.1594
OG0013542	As005G112550	evm.model.RL_4.1554
OG0013543	As005G112980	evm.model.RL_4.1528
OG0013544	As005G113090	evm.model.RL_4.1521
OG0013545	As005G113100	evm.model.RL_4.1519
OG0013546	As005G113200	evm.model.RL_4.1510
OG0013547	As005G113690	evm.model.RL_4.1444
OG0013548	As005G113700	evm.model.RL_4.1443
OG0013549	As005G113760, As005G113740	evm.model.RL_4.1437
OG0013550	As005G113970	evm.model.RL_8.2143.1.687c855f
OG0013551	As005G113990	evm.model.RL_8.2141
OG0013552	As005G114000	evm.model.RL_8.2140
OG0013553	As005G114110	evm.model.RL_8.2130
OG0013554	As005G114190	evm.model.RL_8.2122
OG0013555	As005G114550	evm.model.RL_8.2081
OG0013556	As005G115580	evm.model.RL_8.2032
OG0013557	As005G115640	evm.model.RL_8.2026
OG0013558	As005G115650	evm.model.RL_8.2024
OG0013559	As005G115780	evm.model.RL_5.3099
OG0013561	As005G116140	evm.model.RL_8.2395
OG0013562	As005G116210	evm.model.RL_8.2401
OG0013563	As005G116470	evm.model.RL_8.2421
OG0013564	As005G116600	evm.model.RL_8.2432
OG0013565	As005G116710	evm.model.RL_8.2446
OG0013566	As005G116930	evm.model.RL_8.2478
OG0013567	As005G117020	evm.model.RL_8.2484
OG0013569	As005G117170	evm.model.RL_8.2498
OG0013570	As005G117240	evm.model.RL_8.2504
OG0013571	As005G117280	evm.model.RL_8.2507
OG0013572	As005G117380	evm.model.RL_8.2520
OG0013573	As005G117410	evm.model.RL_8.2524
OG0013574	As005G117480	evm.model.RL_8.2529
OG0013575	As005G117520	evm.model.RL_8.2535
OG0013576	As005G117580	evm.model.RL_8.2541
OG0013577	As005G117710	evm.model.RL_1.3027
OG0013578	As005G117760	evm.model.RL_8.2557
OG0013579	As005G117800	evm.model.RL_8.2562
OG0013580	As005G118140	evm.model.RL_8.2589
OG0013581	As005G118280	evm.model.RL_8.2603
OG0013582	As005G118530	evm.model.RL_8.2631
OG0013583	As005G118790	evm.model.RL_8.2664
OG0013584	As005G118800	evm.model.RL_8.2665
OG0013585	As005G118820	evm.model.RL_8.2668
OG0013586	As005G118910	evm.model.RL_8.2677
OG0013587	As005G118990	evm.model.RL_8.2687
OG0013588	As005G119100	evm.model.RL_8.2699
OG0013589	As005G119120	evm.model.RL_8.2702
OG0013590	As005G119150	evm.model.RL_8.2705
OG0013592	As005G119340	evm.model.RL_8.2724
OG0013593	As005G119410	evm.model.RL_8.2731
OG0013594	As005G119470	evm.model.RL_8.2737
OG0013596	As005G119550	evm.model.RL_8.2739, evm.model.RL_1.1910
OG0013597	As005G119660	evm.model.RL_8.2752
OG0013598	As005G119830	evm.model.RL_8.2775
OG0013599	As005G119840	evm.model.RL_8.2776
OG0013600	As005G119960	evm.model.RL_8.2787
OG0013602	As005G120440	evm.model.RL_8.2818
OG0013603	As005G120560	evm.model.RL_8.2826
OG0013604	As005G120630	evm.model.RL_8.2834
OG0013605	As005G120730	evm.model.RL_8.2848
OG0013606	As005G120770	evm.model.RL_8.2852
OG0013607	As005G120830	evm.model.RL_8.2859
OG0013608	As005G120850, As005G120860	evm.model.RL_8.2860
OG0013609	As006G121110	evm.model.RL_8.23
OG0013610	As006G121130	evm.model.RL_8.25
OG0013611	As006G121150	evm.model.RL_8.27
OG0013612	As006G121220	evm.model.RL_8.94
OG0013613	As006G121410	evm.model.RL_8.68
OG0013614	As006G121610	evm.model.RL_8.51
OG0013615	As006G121630	evm.model.RL_8.49
OG0013616	As006G121640	evm.model.RL_8.48
OG0013617	As006G121970	evm.model.RL_8.120
OG0013618	As006G122050	evm.model.RL_8.127
OG0013619	As006G122060	evm.model.RL_8.128
OG0013620	As006G122130	evm.model.RL_8.140
OG0013621	As006G122160	evm.model.RL_8.143
OG0013622	As006G122330	evm.model.RL_8.231
OG0013623	As006G122580	evm.model.RL_8.204
OG0013624	As006G122610	evm.model.RL_8.201.1.687c8555
OG0013625	As006G122630	evm.model.RL_8.197
OG0013626	As006G122650	evm.model.RL_8.195
OG0013627	As006G122780	evm.model.RL_8.176
OG0013628	As006G122830	evm.model.RL_8.169
OG0013629	As006G122840	evm.model.RL_8.168
OG0013630	As006G122880	evm.model.RL_8.161
OG0013631	As006G123010	evm.model.RL_5.128
OG0013632	As006G123160	evm.model.RL_8.255
OG0013633	As006G123470	evm.model.RL_8.290
OG0013634	As006G123640	evm.model.RL_8.312
OG0013636	As006G123660	evm.model.RL_8.310
OG0013637	As006G123740	evm.model.RL_8.320.1.687c8556
OG0013638	As006G123760	evm.model.RL_8.322
OG0013639	As006G123820	evm.model.RL_8.335
OG0013640	As006G123950	evm.model.RL_8.350
OG0013641	As006G123970	evm.model.RL_8.352
OG0013642	As006G124100	evm.model.RL_8.365
OG0013643	As006G124150	evm.model.RL_8.369
OG0013644	As006G124160	evm.model.RL_8.370
OG0013645	As006G124340	evm.model.RL_4.445
OG0013646	As006G124490	evm.model.RL_4.462
OG0013647	As006G124510	evm.model.RL_4.465
OG0013648	As006G124590	evm.model.RL_4.475
OG0013649	As006G124830	evm.model.RL_4.499
OG0013650	As006G124940	evm.model.RL_4.513.1.687c86cf
OG0013651	As006G125060	evm.model.RL_4.533
OG0013652	As006G125100	evm.model.RL_4.537
OG0013653	As006G125480	evm.model.RL_6.1401
OG0013654	As006G125500	evm.model.RL_6.1403
OG0013655	As006G125550	evm.model.RL_6.1409
OG0013656	As006G125570	evm.model.RL_6.1411
OG0013657	As006G125640	evm.model.RL_6.1323
OG0013658	As006G126010	evm.model.RL_6.1380
OG0013659	As006G126280	evm.model.RL_6.1340
OG0013660	As006G126340	evm.model.RL_6.1332
OG0013661	As006G126370	evm.model.RL_6.1308
OG0013662	As006G126380	evm.model.RL_6.1307
OG0013663	As006G126480	evm.model.RL_6.1295
OG0013664	As006G126720	evm.model.RL_6.1292
OG0013665	As006G126820	evm.model.RL_6.1287
OG0013666	As006G126860	evm.model.RL_6.1283
OG0013667	As006G127000	evm.model.RL_6.1274
OG0013668	As006G127460	evm.model.RL_6.1215
OG0013669	As006G127490	evm.model.RL_6.1212
OG0013670	As006G127600	evm.model.RL_6.1198
OG0013671	As006G127720	evm.model.RL_6.1183
OG0013672	As006G127790	evm.model.RL_6.1175
OG0013673	As006G127850	evm.model.RL_6.1168
OG0013674	As006G127880	evm.model.RL_6.1166
OG0013675	As006G127950	evm.model.RL_6.1154
OG0013676	As006G128180	evm.model.RL_6.1126
OG0013677	As006G128250	evm.model.RL_6.1120
OG0013678	As006G128440	evm.model.RL_8.1299
OG0013679	As006G128590	evm.model.RL_6.1086
OG0013680	As006G128700	evm.model.RL_6.1066
OG0013681	As006G128730	evm.model.RL_6.1062
OG0013682	As006G129130	evm.model.RL_6.1009
OG0013683	As006G129380	evm.model.RL_6.988
OG0013684	As006G129760	evm.model.RL_1.2185, evm.model.RL_2.3478
OG0013685	As006G129910	evm.model.RL_6.937
OG0013686	As006G129980	evm.model.RL_6.927
OG0013687	As006G130140	evm.model.RL_6.901
OG0013688	As006G130160	evm.model.RL_6.898
OG0013689	As006G130210	evm.model.RL_6.890
OG0013690	As006G130230	evm.model.RL_6.888
OG0013691	As006G130390	evm.model.RL_6.860
OG0013692	As006G130510	evm.model.RL_6.757
OG0013693	As006G130550	evm.model.RL_6.766
OG0013694	As006G130770	evm.model.RL_6.805
OG0013695	As006G130840	evm.model.RL_6.821
OG0013696	As006G131150, As006G131120	evm.model.RL_6.737
OG0013697	As006G131160, As006G131180	evm.model.RL_6.736
OG0013698	As006G131210	evm.model.RL_6.732
OG0013699	As006G131270	evm.model.RL_5.2272, evm.model.RL_6.726
OG0013700	As006G131320	evm.model.RL_6.719
OG0013701	As006G131370	evm.model.RL_6.724
OG0013702	As006G131390	evm.model.RL_6.1131
OG0013703	As006G131410	evm.model.RL_5.2250
OG0013704	As006G131450	evm.model.RL_6.594
OG0013705	As006G131540	evm.model.RL_6.576
OG0013706	As006G131620	evm.model.RL_6.561
OG0013707	As006G131680	evm.model.RL_6.551
OG0013708	As006G131750	evm.model.RL_6.539
OG0013709	As006G137250, As006G131770	evm.model.RL_1.318
OG0013710	As006G131850	evm.model.RL_6.533
OG0013711	As006G131910	evm.model.RL_6.528
OG0013712	As006G131960	evm.model.RL_6.520
OG0013713	As006G131990	evm.model.RL_6.511
OG0013714	As006G132200	evm.model.RL_6.488
OG0013715	As006G132220	evm.model.RL_2.2267
OG0013716	As006G132700	evm.model.RL_2.2214
OG0013717	As006G132750	evm.model.RL_1.83
OG0013718	As006G133210	evm.model.RL_1.40
OG0013719	As006G133250	evm.model.RL_1.36
OG0013720	As006G133290	evm.model.RL_1.33
OG0013721	As006G133300	evm.model.RL_1.32
OG0013722	As006G133370	evm.model.RL_1.25
OG0013723	As006G133810	evm.model.RL_4.3431
OG0013724	As006G133910	evm.model.RL_4.3425
OG0013725	As006G133960	evm.model.RL_4.3420
OG0013726	As006G134010	evm.model.RL_2.1777
OG0013728	As006G134450	evm.model.RL_8.1600
OG0013729	As006G134990	evm.model.RL_1.115
OG0013730	As006G135010	evm.model.RL_1.117.2.687c87e9
OG0013731	As006G135220	evm.model.RL_1.133
OG0013732	As006G135250	evm.model.RL_1.138
OG0013733	As006G135420	evm.model.RL_1.153, evm.model.RL_1.158
OG0013734	As006G135570	evm.model.RL_4.777, evm.model.RL_8.1201.1.687c855a.1.687c97bf
OG0013735	As006G135700	evm.model.RL_1.186
OG0013736	As006G135980	evm.model.RL_1.220
OG0013738	As006G136320	evm.model.RL_1.248
OG0013739	As006G136370	evm.model.RL_1.254
OG0013740	As006G136450	evm.model.RL_2.2239
OG0013741	As006G136610	evm.model.RL_1.275
OG0013742	As006G136810	evm.model.RL_1.292
OG0013743	As006G136910	evm.model.RL_1.299, evm.model.RL_1.300.2.687c87ea
OG0013744	As006G136930	evm.model.RL_1.302
OG0013745	As006G137170	evm.model.RL_1.308
OG0013746	As006G137180	evm.model.RL_1.309
OG0013747	As006G137390	evm.model.RL_1.333
OG0013748	As006G137500	evm.model.RL_1.353
OG0013749	As006G137540	evm.model.RL_1.348
OG0013750	As006G137720	evm.model.RL_1.367
OG0013751	As006G137730	evm.model.RL_1.368
OG0013752	As006G137810, As012G286990	evm.model.RL_1.375
OG0013753	As006G137850	evm.model.RL_1.379
OG0013754	As006G138020	evm.model.RL_1.398
OG0013755	As006G138080	evm.model.RL_1.404
OG0013756	As006G138190	evm.model.RL_1.413
OG0013757	As006G138280	evm.model.RL_1.420.1.687c87ea
OG0013758	As006G138480, As006G138520	evm.model.RL_1.443
OG0013759	As006G138560	evm.model.RL_1.459
OG0013760	As006G138670	evm.model.RL_1.447
OG0013762	As006G139120	evm.model.RL_1.505
OG0013763	As006G139380	evm.model.RL_1.526
OG0013764	As006G139400	evm.model.RL_1.528
OG0013765	As006G139730	evm.model.RL_1.552
OG0013766	As006G139990	evm.model.RL_1.574
OG0013767	As006G140120	evm.model.RL_1.658
OG0013768	As006G140300	evm.model.RL_1.604
OG0013769	As006G140330	evm.model.RL_1.2507
OG0013770	As006G140410	evm.model.RL_1.620
OG0013771	As006G140830	evm.model.RL_1.655
OG0013772	As006G141130	evm.model.RL_1.682
OG0013773	As006G141310	evm.model.RL_8.670
OG0013774	As006G141460	evm.model.RL_1.720
OG0013775	As006G141480	evm.model.RL_1.722
OG0013776	As006G141760	evm.model.RL_1.753
OG0013777	As006G141830	evm.model.RL_1.758
OG0013778	As006G141970	evm.model.RL_1.776
OG0013779	As006G142170	evm.model.RL_1.798
OG0013780	As006G142530	evm.model.RL_6.2159
OG0013781	As006G142790	evm.model.RL_6.2135
OG0013782	As006G142880	evm.model.RL_6.2124
OG0013783	As006G142970	evm.model.RL_7.776
OG0013784	As006G143050	evm.model.RL_6.2106
OG0013785	As006G143300	evm.model.RL_6.2084
OG0013786	As006G143370	evm.model.RL_6.2076
OG0013787	As006G143470	evm.model.RL_6.2070
OG0013788	As006G143500	evm.model.RL_6.2067
OG0013789	As006G143750	evm.model.RL_6.2040
OG0013790	As006G143820	evm.model.RL_6.2030
OG0013791	As006G143940	evm.model.RL_6.2029
OG0013792	As006G144040	evm.model.RL_6.2019
OG0013793	As006G144060	evm.model.RL_6.930
OG0013794	As006G144150	evm.model.RL_6.2009
OG0013795	As006G144240	evm.model.RL_6.2000
OG0013796	As006G144390	evm.model.RL_6.1981
OG0013797	As006G144540	evm.model.RL_6.1695
OG0013798	As006G144830	evm.model.RL_6.1721
OG0013799	As006G145130	evm.model.RL_6.1751
OG0013800	As006G145210	evm.model.RL_6.1760
OG0013801	As006G145300	evm.model.RL_6.1768
OG0013802	As006G145390	evm.model.RL_6.1776
OG0013803	As006G145450	evm.model.RL_6.1782
OG0013804	As006G145510	evm.model.RL_6.1789, evm.model.RL_6.1792
OG0013805	As006G145590	evm.model.RL_6.1798
OG0013806	As006G145940	evm.model.RL_6.1853
OG0013807	As006G146360	evm.model.RL_6.1826
OG0013808	As006G146380	evm.model.RL_6.1824
OG0013809	As006G146730	evm.model.RL_6.1814
OG0013810	As006G147910	evm.model.RL_6.1910
OG0013811	As006G147930	evm.model.RL_6.1909
OG0013812	As006G147950	evm.model.RL_6.1905
OG0013813	As006G148390	evm.model.RL_2.648
OG0013814	As006G148770	evm.model.RL_6.1667
OG0013816	As007G151890	evm.model.RL_5.1374
OG0013817	As007G152790	evm.model.RL_5.1475
OG0013818	As007G153000, As010G242510	evm.model.RL_5.1498
OG0013819	As007G153020	evm.model.RL_5.1500.1.687c88b4
OG0013820	As007G153080	evm.model.RL_5.1506
OG0013821	As007G153160	evm.model.RL_5.1514
OG0013822	As007G153240	evm.model.RL_5.1525
OG0013823	As007G153550	evm.model.RL_5.1206
OG0013824	As007G153600	evm.model.RL_5.1561
OG0013825	As007G153750	evm.model.RL_5.1572
OG0013826	As007G153760	evm.model.RL_5.1573
OG0013827	As007G153820	evm.model.RL_5.2773
OG0013828	As007G153900	evm.model.RL_5.1579
OG0013829	As007G154180	evm.model.RL_5.1608
OG0013830	As007G154340	evm.model.RL_5.1619
OG0013831	As007G154520	evm.model.RL_5.1651
OG0013832	As007G154680	evm.model.RL_5.1637
OG0013833	As007G154740	evm.model.RL_5.1629
OG0013834	As007G154770	evm.model.RL_5.1627
OG0013835	As007G154800	evm.model.RL_5.1670
OG0013836	As007G155030	evm.model.RL_5.1695.1.687c88b6
OG0013837	As007G155500	evm.model.RL_5.1746
OG0013838	As007G155540	evm.model.RL_5.1750.1.687c88b6
OG0013839	As007G155550	evm.model.RL_5.1752
OG0013840	As007G155610	evm.model.RL_5.1759
OG0013842	As007G155750	evm.model.RL_5.1773
OG0013843	As007G155890	evm.model.RL_5.1791
OG0013844	As007G155910	evm.model.RL_5.1794
OG0013845	As007G156030	evm.model.RL_5.1812
OG0013846	As007G156080	evm.model.RL_5.1817
OG0013847	As007G156230	evm.model.RL_3.1279, evm.model.RL_5.1836
OG0013848	As007G156640	evm.model.RL_5.3685
OG0013849	As007G156850	evm.model.RL_5.3664
OG0013850	As007G157030	evm.model.RL_5.3646
OG0013851	As007G157270	evm.model.RL_5.3616
OG0013852	As007G157360	evm.model.RL_5.3609
OG0013853	As007G157370	evm.model.RL_5.3608
OG0013854	As007G157520	evm.model.RL_5.3599
OG0013855	As007G157600	evm.model.RL_5.3595
OG0013857	As007G157760	evm.model.RL_5.3580
OG0013858	As007G158100	evm.model.RL_5.3555
OG0013859	As007G158820	evm.model.RL_5.3492
OG0013860	As007G158830	evm.model.RL_5.3491
OG0013861	As007G158850	evm.model.RL_5.3489
OG0013862	As007G158870, As010G234440	evm.model.RL_5.3487
OG0013863	As007G159510	evm.model.RL_5.3429
OG0013865	As007G159940	evm.model.RL_5.3377
OG0013866	As007G160200, As007G163880	evm.model.RL_5.3349
OG0013867	As007G160450	evm.model.RL_5.3319
OG0013868	As007G160470	evm.model.RL_5.3318
OG0013869	As007G160500	evm.model.RL_5.3315
OG0013870	As007G160630	evm.model.RL_5.3298
OG0013871	As007G160740	evm.model.RL_5.3284
OG0013872	As007G161040	evm.model.RL_5.3259
OG0013873	As007G161060	evm.model.RL_5.3257
OG0013874	As007G161160	evm.model.RL_5.3245
OG0013875	As007G161790	evm.model.RL_5.3188
OG0013876	As007G161990	evm.model.RL_3.1137
OG0013877	As007G162020	evm.model.RL_5.3170
OG0013878	As007G162120	evm.model.RL_5.3159
OG0013879	As007G162340	evm.model.RL_5.2310
OG0013880	As007G162880	evm.model.RL_2.1954
OG0013881	As007G163020	evm.model.RL_2.1967.1.687c86e4
OG0013882	As007G163460	evm.model.RL_2.1987
OG0013883	As007G163480	evm.model.RL_2.1988
OG0013884	As007G163720	evm.model.RL_2.2003.1.687c86e4
OG0013885	As007G164350	evm.model.RL_2.2022
OG0013886	As007G164420	evm.model.RL_2.2027
OG0013887	As007G164460	evm.model.RL_2.2029
OG0013888	As007G166900	evm.model.RL_2.2776
OG0013889	As007G167130	evm.model.RL_6.425
OG0013890	As007G176850	evm.model.RL_6.407
OG0013891	As007G176860	evm.model.RL_6.408
OG0013892	As007G176890	evm.model.RL_6.402
OG0013893	As007G176960	evm.model.RL_2.2828
OG0013894	As007G177050	evm.model.RL_6.394
OG0013895	As007G177060	evm.model.RL_6.393
OG0013897	As007G177550	evm.model.RL_6.384
OG0013898	As007G177690	evm.model.RL_6.413
OG0013899	As007G177720	evm.model.RL_6.415
OG0013900	As007G179250	evm.model.RL_6.253
OG0013901	As007G179820	evm.model.RL_6.205
OG0013902	As007G179990, As010G237370	evm.model.RL_3.2027
OG0013903	As010G237390, As007G180000	evm.model.RL_3.2026
OG0013904	As007G180040	evm.model.RL_6.171
OG0013905	As007G180260	evm.model.RL_6.146
OG0013906	As007G180410	evm.model.RL_6.371, evm.model.RL_6.129
OG0013907	As007G180570	evm.model.RL_6.102
OG0013908	As007G180590	evm.model.RL_6.101
OG0013909	As007G180630	evm.model.RL_6.97
OG0013910	As007G180700	evm.model.RL_6.82
OG0013912	As007G181750, As007G181400	evm.model.RL_6.39
OG0013913	As007G181980	evm.model.RL_6.18
OG0013914	As007G182230, As007G182270	evm.model.RL_5.1465
OG0013915	As008G182290	evm.model.RL_5.1368
OG0013916	As008G182730	evm.model.RL_5.1321
OG0013917	As008G182740	evm.model.RL_5.1320
OG0013918	As008G182840	evm.model.RL_5.1304
OG0013919	As008G183060	evm.model.RL_5.1277
OG0013920	As008G183170	evm.model.RL_5.1260
OG0013921	As008G183550	evm.model.RL_5.1227
OG0013922	As008G183570	evm.model.RL_5.1219
OG0013924	As008G183800	evm.model.RL_5.1207
OG0013925	As008G183900	evm.model.RL_5.1197
OG0013926	As008G183970	evm.model.RL_5.1182
OG0013927	As008G184330	evm.model.RL_5.1157.2.687c88b2
OG0013928	As008G184540	evm.model.RL_5.1133
OG0013929	As008G184570	evm.model.RL_5.1131
OG0013930	As008G185340	evm.model.RL_5.1068
OG0013931	As008G185470	evm.model.RL_5.1060
OG0013932	As008G185480	evm.model.RL_5.1059
OG0013933	As008G185630	evm.model.RL_5.1042
OG0013934	As008G185700	evm.model.RL_5.1036
OG0013935	As008G186520	evm.model.RL_5.971
OG0013936	As008G186580	evm.model.RL_5.964
OG0013937	As008G186770	evm.model.RL_5.943.2.687c88b0
OG0013938	As008G186890	evm.model.RL_1.2491
OG0013939	As008G186900	evm.model.RL_1.2490
OG0013940	As008G187070	evm.model.RL_4.978
OG0013942	As008G187630	evm.model.RL_5.853.1.687c88af
OG0013944	As008G188210	evm.model.RL_5.816
OG0013945	As008G188310	evm.model.RL_5.807
OG0013946	As008G188350	evm.model.RL_5.803
OG0013947	As008G188370	evm.model.RL_5.799
OG0013948	As008G188420	evm.model.RL_5.795
OG0013949	As008G188510	evm.model.RL_5.789
OG0013950	As008G190280	evm.model.RL_5.725
OG0013951	As008G190340	evm.model.RL_5.713
OG0013952	As008G190650	evm.model.RL_5.708
OG0013953	As008G190930	evm.model.RL_5.699
OG0013955	As008G191810	evm.model.RL_5.636
OG0013956	As008G192690	evm.model.RL_5.598
OG0013957	As008G192820	evm.model.RL_5.589
OG0013958	As008G192950	evm.model.RL_5.576
OG0013959	As008G193040	evm.model.RL_5.561
OG0013960	As008G193150	evm.model.RL_5.552
OG0013961	As008G193160	evm.model.RL_5.551
OG0013962	As008G193390	evm.model.RL_5.526
OG0013963	As008G193690	evm.model.RL_5.500
OG0013964	As008G193880	evm.model.RL_5.486
OG0013965	As008G194070	evm.model.RL_2.2658
OG0013966	As008G194420	evm.model.RL_5.438.1.687c88ac
OG0013967	As008G194600	evm.model.RL_6.340
OG0013968	As008G194700	evm.model.RL_5.422
OG0013969	As008G194950	evm.model.RL_5.393
OG0013970	As008G195380	evm.model.RL_5.364
OG0013971	As008G195590	evm.model.RL_5.347
OG0013972	As008G195630	evm.model.RL_5.343
OG0013973	As008G195860	evm.model.RL_5.326
OG0013974	As008G196050	evm.model.RL_5.304
OG0013975	As008G196280	evm.model.RL_5.285
OG0013977	As008G196430	evm.model.RL_5.273
OG0013978	As008G197020	evm.model.RL_5.206
OG0013979	As008G197330	evm.model.RL_5.177
OG0013980	As008G197450	evm.model.RL_5.164
OG0013981	As008G197480	evm.model.RL_5.161
OG0013982	As008G197830	evm.model.RL_5.123
OG0013983	As008G198220	evm.model.RL_5.79
OG0013984	As008G198360	evm.model.RL_5.73
OG0013985	As008G198500	evm.model.RL_5.57
OG0013986	As008G198520	evm.model.RL_5.55
OG0013987	As008G198550	evm.model.RL_5.52
OG0013988	As008G198570	evm.model.RL_5.50.1.687c88a9
OG0013989	As008G198610	evm.model.RL_5.45
OG0013990	As008G198710	evm.model.RL_5.12
OG0013991	As008G198750	evm.model.RL_5.17
OG0013992	As008G199020	evm.model.RL_3.515
OG0013993	As008G199210	evm.model.RL_8.2891.1.687c8563
OG0013994	As008G199240	evm.model.RL_8.2893
OG0013995	As008G199270	evm.model.RL_6.2326
OG0013996	As008G199300	evm.model.RL_8.2897
OG0013997	As008G199560	evm.model.RL_7.1567
OG0013998	As008G199670	evm.model.RL_8.2927
OG0013999	As009G199800	evm.model.RL_4.2228
OG0014000	As009G199870	evm.model.RL_4.2169
OG0014001	As009G199940	evm.model.RL_4.1740
OG0014002	As009G199970	evm.model.RL_4.2178
OG0014003	As009G200000	evm.model.RL_4.2181
OG0014004	As009G200300	evm.model.RL_4.2217
OG0014005	As009G200520	evm.model.RL_4.2153
OG0014006	As009G201060	evm.model.RL_4.2087
OG0014007	As009G201480	evm.model.RL_4.2070
OG0014008	As009G201490	evm.model.RL_4.2069
OG0014009	As009G201500	evm.model.RL_4.2068
OG0014010	As009G201540	evm.model.RL_4.2063
OG0014011	As009G201570	evm.model.RL_4.2060
OG0014012	As009G201730	evm.model.RL_4.2047
OG0014013	As009G201740	evm.model.RL_4.2046
OG0014014	As009G201970	evm.model.RL_4.2032
OG0014015	As009G202080	evm.model.RL_4.2022
OG0014016	As009G202100	evm.model.RL_4.2019
OG0014017	As009G202460	evm.model.RL_4.1988, evm.model.RL_1.202
OG0014018	As009G202620	evm.model.RL_4.1969
OG0014019	As009G202730	evm.model.RL_4.1962
OG0014020	As009G203000	evm.model.RL_4.1942.2.687c86d6
OG0014021	As009G203030	evm.model.RL_4.1930
OG0014022	As009G203140	evm.model.RL_4.1921
OG0014023	As009G203270	evm.model.RL_4.1902
OG0014024	As009G203280	evm.model.RL_4.1903
OG0014025	As009G203560	evm.model.RL_4.1882
OG0014026	As009G204020	evm.model.RL_4.1835
OG0014027	As009G204070	evm.model.RL_3.2118
OG0014028	As009G204080	evm.model.RL_4.1829
OG0014029	As009G204290	evm.model.RL_4.1811
OG0014030	As009G204360	evm.model.RL_4.1803
OG0014031	As009G204450	evm.model.RL_4.1796
OG0014032	As009G204570	evm.model.RL_4.1782
OG0014033	As009G204750	evm.model.RL_4.1761
OG0014034	As009G205040	evm.model.RL_4.1736, evm.model.RL_6.167
OG0014035	As009G205160	evm.model.RL_4.1720
OG0014036	As009G205480	evm.model.RL_4.1110
OG0014037	As009G205580	evm.model.RL_4.1103
OG0014038	As009G205600	evm.model.RL_4.1101
OG0014039	As009G205620	evm.model.RL_4.1099
OG0014040	As009G205690	evm.model.RL_4.1091
OG0014041	As009G205770	evm.model.RL_4.1080
OG0014042	As009G205960	evm.model.RL_4.509
OG0014043	As009G206140	evm.model.RL_4.1053
OG0014044	As009G206610	evm.model.RL_4.1023
OG0014045	As009G207020	evm.model.RL_4.979
OG0014046	As009G208120	evm.model.RL_4.873
OG0014047	As009G208180	evm.model.RL_4.869
OG0014048	As009G208390	evm.model.RL_4.860
OG0014049	As009G208670	evm.model.RL_4.856
OG0014050	As009G209110	evm.model.RL_4.788
OG0014051	As009G209440	evm.model.RL_4.844
OG0014052	As009G210490	evm.model.RL_4.2271.1.687c86d8
OG0014054	As009G211140	evm.model.RL_4.2846
OG0014055	As009G211410	evm.model.RL_4.2854
OG0014056	As009G211610	evm.model.RL_4.2148
OG0014058	As009G211800	evm.model.RL_4.2881
OG0014059	As009G211810	evm.model.RL_4.2883
OG0014060	As009G211920	evm.model.RL_4.2889
OG0014061	As009G212020	evm.model.RL_4.756
OG0014062	As009G212520	evm.model.RL_4.2924
OG0014063	As009G212590	evm.model.RL_4.2930
OG0014064	As009G212680	evm.model.RL_4.2940.2.687c86dc
OG0014065	As009G212760	evm.model.RL_4.2948
OG0014066	As009G212810	evm.model.RL_4.2954
OG0014067	As009G212940	evm.model.RL_4.2960
OG0014068	As009G213020	evm.model.RL_4.2969
OG0014069	As009G213090	evm.model.RL_4.2979
OG0014070	As009G213210	evm.model.RL_4.2992
OG0014071	As009G213240	evm.model.RL_4.2995
OG0014072	As009G213830	evm.model.RL_4.3012
OG0014073	As009G213880	evm.model.RL_4.3016
OG0014074	As009G214040	evm.model.RL_4.3056
OG0014075	As009G214060	evm.model.RL_4.3053
OG0014076	As009G214110	evm.model.RL_4.3047
OG0014077	As009G214120	evm.model.RL_4.3046
OG0014078	As009G214340	evm.model.RL_4.3064
OG0014079	As009G214370	evm.model.RL_4.3068
OG0014080	As009G214430	evm.model.RL_4.3072
OG0014081	As009G214460	evm.model.RL_4.3073
OG0014082	As009G214480	evm.model.RL_4.3075
OG0014083	As009G214660	evm.model.RL_4.3094
OG0014084	As009G214880	evm.model.RL_4.1151
OG0014085	As009G215130	evm.model.RL_4.1182
OG0014086	As009G215200	evm.model.RL_4.1181
OG0014087	As009G215380	evm.model.RL_4.1208
OG0014088	As009G216320, As009G216050	evm.model.RL_4.1294.1.687c86d3
OG0014089	As009G216160, As011G256820	evm.model.RL_4.1287
OG0014090	As009G216190	evm.model.RL_4.1284
OG0014091	As009G216350	evm.model.RL_4.1298
OG0014092	As009G216390	evm.model.RL_4.1304
OG0014093	As009G216720	evm.model.RL_4.1338
OG0014094	As009G216890	evm.model.RL_4.1356
OG0014095	As010G222020, As009G216940	evm.model.RL_1.2455
OG0014096	As009G217430	evm.model.RL_4.1418
OG0014097	As009G217460	evm.model.RL_4.1420
OG0014098	As009G217720	evm.model.RL_8.2173
OG0014099	As009G218060	evm.model.RL_8.2221
OG0014100	As009G218110	evm.model.RL_8.2225
OG0014101	As009G218310	evm.model.RL_8.2249
OG0014102	As009G218330	evm.model.RL_2.2330
OG0014103	As009G218560	evm.model.RL_8.2276
OG0014104	As009G218610	evm.model.RL_8.2284
OG0014105	As009G218830	evm.model.RL_8.2308
OG0014106	As009G219100	evm.model.RL_8.2337
OG0014107	As009G219150	evm.model.RL_8.2343
OG0014108	As009G219180	evm.model.RL_8.2346
OG0014109	As009G219240	evm.model.RL_8.2354
OG0014110	As009G219340	evm.model.RL_8.2365
OG0014111	As009G219440	evm.model.RL_8.2380
OG0014112	As009G219450	evm.model.RL_8.2381
OG0014113	As009G219620	evm.model.RL_8.1953
OG0014114	As009G219750	evm.model.RL_8.1935
OG0014115	As009G220020	evm.model.RL_8.1911
OG0014116	As010G220230	evm.model.RL_7.1237
OG0014117	As010G220260	evm.model.RL_7.1241
OG0014118	As010G220300	evm.model.RL_7.1247
OG0014119	As010G220350	evm.model.RL_7.1253
OG0014120	As010G220510	evm.model.RL_7.1281
OG0014121	As010G220680	evm.model.RL_7.1297
OG0014122	As010G220820	evm.model.RL_7.1315
OG0014123	As010G220830	evm.model.RL_7.1316
OG0014124	As010G220980	evm.model.RL_7.1333.1.687c84b9
OG0014125	As010G221080	evm.model.RL_7.1348.2.687c84b9
OG0014126	As010G221390	evm.model.RL_7.1399
OG0014127	As010G221450	evm.model.RL_7.1414
OG0014128	As010G221520	evm.model.RL_7.1422
OG0014129	As010G221810	evm.model.RL_7.1453
OG0014130	As010G221890	evm.model.RL_7.1458
OG0014131	As010G222130	evm.model.RL_7.1474
OG0014132	As010G222180	evm.model.RL_7.1479
OG0014133	As010G222480	evm.model.RL_7.1518
OG0014134	As010G222590	evm.model.RL_7.1526
OG0014135	As010G222880	evm.model.RL_7.1550
OG0014136	As010G222980	evm.model.RL_7.1559
OG0014137	As010G223070	evm.model.RL_7.1570
OG0014138	As010G223130	evm.model.RL_8.669
OG0014139	As010G223360	evm.model.RL_7.1602
OG0014140	As010G223450	evm.model.RL_7.1614
OG0014141	As010G223610	evm.model.RL_7.1636
OG0014142	As010G223670	evm.model.RL_7.1642
OG0014143	As010G223680	evm.model.RL_7.1644
OG0014144	As010G224070	evm.model.RL_7.1670
OG0014145	As010G224080	evm.model.RL_7.1672
OG0014146	As010G224430	evm.model.RL_7.1711
OG0014147	As010G224560	evm.model.RL_7.1734
OG0014148	As010G224690	evm.model.RL_7.1749
OG0014149	As010G224760, As010G239800	evm.model.RL_3.1783
OG0014150	As010G224910	evm.model.RL_7.1783
OG0014151	As010G224950	evm.model.RL_7.1786
OG0014152	As010G225130	evm.model.RL_7.1798
OG0014153	As010G225300	evm.model.RL_7.1817, evm.model.RL_7.1816
OG0014154	As010G225330	evm.model.RL_7.1820
OG0014155	As010G225640	evm.model.RL_7.1841
OG0014156	As010G225710	evm.model.RL_7.1846
OG0014157	As010G225910	evm.model.RL_7.1866
OG0014158	As010G226360	evm.model.RL_7.1929
OG0014159	As010G226380	evm.model.RL_7.1995
OG0014160	As010G226390	evm.model.RL_7.1994
OG0014161	As010G226450	evm.model.RL_7.1989, evm.model.RL_7.1986
OG0014162	As010G226470	evm.model.RL_6.2707
OG0014163	As010G227120	evm.model.RL_8.894
OG0014164	As010G227490	evm.model.RL_7.2008, evm.model.RL_5.2443
OG0014165	As010G228100	evm.model.RL_3.1142
OG0014166	As010G228260	evm.model.RL_3.1133
OG0014167	As010G228610	evm.model.RL_3.1159
OG0014168	As010G229030	evm.model.RL_3.200
OG0014170	As010G230020	evm.model.RL_3.1170
OG0014171	As010G231210	evm.model.RL_3.1247
OG0014172	As010G231600	evm.model.RL_3.1254
OG0014173	As010G231660	evm.model.RL_3.2421
OG0014174	As010G232280	evm.model.RL_3.1309
OG0014175	As010G232400	evm.model.RL_3.1316
OG0014176	As010G232460	evm.model.RL_3.1321
OG0014177	As010G232480	evm.model.RL_3.1323
OG0014178	As010G232660	evm.model.RL_3.1344
OG0014179	As010G232980	evm.model.RL_3.1386
OG0014180	As010G233270	evm.model.RL_3.1427, evm.model.RL_3.1426
OG0014181	As010G233520	evm.model.RL_3.1452
OG0014182	As010G233580	evm.model.RL_3.1456
OG0014183	As010G234030	evm.model.RL_3.1518
OG0014184	As010G234120	evm.model.RL_3.1529
OG0014185	As010G234200	evm.model.RL_3.1539
OG0014186	As010G234270	evm.model.RL_3.1547
OG0014187	As010G234310	evm.model.RL_3.1552, evm.model.RL_2.800
OG0014188	As010G234500	evm.model.RL_3.1564.1.687c84bc
OG0014189	As010G234660	evm.model.RL_3.1581
OG0014190	As010G234670	evm.model.RL_3.1576
OG0014191	As010G234830	evm.model.RL_3.1593
OG0014192	As010G234840	evm.model.RL_3.1594
OG0014193	As010G235250	evm.model.RL_3.2216
OG0014194	As010G235700	evm.model.RL_3.2174
OG0014195	As010G235750	evm.model.RL_3.2169
OG0014197	As010G236170	evm.model.RL_3.2135
OG0014198	As010G236210	evm.model.RL_3.2131
OG0014199	As010G236330	evm.model.RL_3.2114
OG0014200	As010G236400	evm.model.RL_3.2111
OG0014201	As010G236510	evm.model.RL_3.2100
OG0014202	As010G236710	evm.model.RL_3.2082
OG0014203	As010G236900	evm.model.RL_3.2066
OG0014204	As010G237150	evm.model.RL_3.2045
OG0014205	As010G237430	evm.model.RL_3.2020
OG0014206	As010G237450	evm.model.RL_3.2018
OG0014207	As010G237480	evm.model.RL_3.2015
OG0014208	As010G237620	evm.model.RL_3.1998
OG0014209	As010G237720, As010G237730	evm.model.RL_3.1989
OG0014210	As010G237950	evm.model.RL_3.1971
OG0014211	As010G238240	evm.model.RL_3.1946
OG0014212	As010G238250	evm.model.RL_3.1945
OG0014213	As010G238460	evm.model.RL_3.1926
OG0014214	As010G238490	evm.model.RL_3.1922
OG0014215	As010G238660	evm.model.RL_3.1903
OG0014216	As010G238750	evm.model.RL_3.1891
OG0014217	As010G238840	evm.model.RL_3.1882
OG0014218	As010G239070	evm.model.RL_3.1860
OG0014219	As010G239120	evm.model.RL_3.1855.1.687c84bd
OG0014220	As010G239190	evm.model.RL_3.1848
OG0014221	As010G239250	evm.model.RL_3.1840
OG0014222	As010G239310	evm.model.RL_3.1833
OG0014223	As010G239370	evm.model.RL_3.1830
OG0014224	As010G239500	evm.model.RL_3.1811
OG0014225	As010G239550	evm.model.RL_3.1807
OG0014226	As010G239640	evm.model.RL_3.1797
OG0014227	As010G239680	evm.model.RL_3.1794
OG0014228	As010G239710	evm.model.RL_3.1791
OG0014229	As010G239780	evm.model.RL_3.1785
OG0014230	As010G239840	evm.model.RL_3.1779
OG0014231	As010G240170	evm.model.RL_3.1750
OG0014232	As010G240460	evm.model.RL_3.1730
OG0014233	As010G240520	evm.model.RL_3.1722.2.687c84bc
OG0014235	As010G241000	evm.model.RL_7.2172
OG0014236	As010G241090	evm.model.RL_4.2352, evm.model.RL_4.2351
OG0014237	As010G241110	evm.model.RL_3.1655
OG0014238	As010G241140	evm.model.RL_5.1581
OG0014239	As010G241290	evm.model.RL_3.1640
OG0014240	As010G241300	evm.model.RL_3.1639
OG0014241	As010G241360	evm.model.RL_3.1634
OG0014242	As010G241540	evm.model.RL_3.1621
OG0014243	As010G242280	evm.model.RL_3.2297
OG0014244	As010G242370	evm.model.RL_3.2304
OG0014245	As010G242460	evm.model.RL_3.2313
OG0014246	As010G242520	evm.model.RL_3.2319
OG0014247	As010G242700	evm.model.RL_3.2334, evm.model.RL_3.2333
OG0014248	As010G242730	evm.model.RL_3.2337
OG0014249	As010G242740	evm.model.RL_3.2338
OG0014250	As010G242820	evm.model.RL_3.2345
OG0014251	As010G242840	evm.model.RL_3.2347
OG0014252	As010G243300	evm.model.RL_3.2385
OG0014253	As010G243500	evm.model.RL_3.2407
OG0014254	As010G243810	evm.model.RL_3.2437
OG0014255	As010G243820	evm.model.RL_3.2438
OG0014256	As010G243870	evm.model.RL_3.2443
OG0014257	As010G243880	evm.model.RL_3.2444, evm.model.RL_3.2445
OG0014258	As010G243930	evm.model.RL_3.2447
OG0014259	As010G244260	evm.model.RL_3.2474
OG0014260	As010G244320	evm.model.RL_3.2485
OG0014261	As010G244350	evm.model.RL_3.2489
OG0014262	As010G244400	evm.model.RL_3.2492
OG0014263	As010G244520	evm.model.RL_3.2502
OG0014264	As010G244540	evm.model.RL_3.2504, evm.model.RL_3.216
OG0014265	As011G244620	evm.model.RL_1.1166
OG0014266	As011G244770	evm.model.RL_1.1192
OG0014267	As011G245060	evm.model.RL_1.1228
OG0014268	As011G245830	evm.model.RL_1.1301
OG0014269	As011G245850	evm.model.RL_1.1306
OG0014270	As011G246030	evm.model.RL_8.1414
OG0014271	As011G246090	evm.model.RL_1.1325
OG0014272	As011G246100	evm.model.RL_1.1326
OG0014273	As011G246150	evm.model.RL_1.1330
OG0014274	As011G246740	evm.model.RL_1.1380
OG0014275	As011G247010	evm.model.RL_1.1407
OG0014276	As011G247030	evm.model.RL_1.1409
OG0014277	As011G247070	evm.model.RL_1.1412
OG0014278	As011G247260	evm.model.RL_1.1433
OG0014279	As011G247390	evm.model.RL_1.1446
OG0014280	As011G247780	evm.model.RL_1.1486
OG0014281	As011G247810	evm.model.RL_1.1490
OG0014283	As011G248170	evm.model.RL_8.991
OG0014284	As011G248250	evm.model.RL_1.1529
OG0014285	As011G248270	evm.model.RL_1.1531
OG0014286	As011G248530	evm.model.RL_1.1567
OG0014287	As011G248810	evm.model.RL_1.1585
OG0014288	As011G249010	evm.model.RL_1.1607
OG0014289	As011G249160	evm.model.RL_1.1623
OG0014290	As011G249310	evm.model.RL_1.1641
OG0014291	As011G249390	evm.model.RL_1.1649
OG0014292	As011G249690	evm.model.RL_1.1680
OG0014293	As011G249720	evm.model.RL_1.1684
OG0014294	As011G249890	evm.model.RL_1.1700
OG0014295	As011G250090	evm.model.RL_1.1716
OG0014296	As011G250310	evm.model.RL_1.1734
OG0014297	As011G250510	evm.model.RL_6.944
OG0014298	As011G250580	evm.model.RL_1.1761
OG0014301	As011G251000	evm.model.RL_1.1800
OG0014302	As011G251030	evm.model.RL_1.2501
OG0014303	As011G251290	evm.model.RL_1.1826
OG0014304	As011G251300	evm.model.RL_1.1827
OG0014305	As011G251310	evm.model.RL_1.1828
OG0014306	As011G251430, As012G272630	evm.model.RL_5.2052
OG0014307	As011G251500	evm.model.RL_1.1849
OG0014308	As011G251560	evm.model.RL_1.1851
OG0014309	As011G251670, As012G272520	evm.model.RL_5.2040
OG0014310	As011G251870	evm.model.RL_1.1888
OG0014311	As011G251960	evm.model.RL_1.1901
OG0014312	As011G251990	evm.model.RL_1.1906
OG0014313	As011G252530	evm.model.RL_1.1944.1.687c87ee
OG0014314	As011G252540	evm.model.RL_1.1946
OG0014315	As011G252650	evm.model.RL_1.1958.1.687c87ee
OG0014316	As011G252760	evm.model.RL_1.1970
OG0014317	As011G252790	evm.model.RL_1.1971
OG0014318	As011G252810	evm.model.RL_1.1973
OG0014319	As011G253030	evm.model.RL_1.1999
OG0014320	As011G253090	evm.model.RL_1.2008
OG0014321	As011G253100	evm.model.RL_1.2011
OG0014322	As011G253120	evm.model.RL_1.2012
OG0014323	As011G253430	evm.model.RL_1.2072.1.687c87ef
OG0014324	As011G253560	evm.model.RL_1.2057
OG0014325	As011G253580	evm.model.RL_1.2056
OG0014326	As011G253640	evm.model.RL_1.2050
OG0014327	As011G253660	evm.model.RL_1.2049
OG0014328	As011G253780	evm.model.RL_1.2093
OG0014329	As011G253990	evm.model.RL_1.2110
OG0014330	As011G254550	evm.model.RL_1.2164
OG0014331	As011G254770	evm.model.RL_4.1652
OG0014332	As011G254790	evm.model.RL_1.2181
OG0014333	As011G254940	evm.model.RL_1.2194
OG0014334	As011G255360	evm.model.RL_1.2240
OG0014335	As011G255450	evm.model.RL_1.2255
OG0014337	As011G255650	evm.model.RL_1.2272
OG0014338	As011G255740	evm.model.RL_2.903
OG0014339	As011G256210, As011G256220	evm.model.RL_1.2314
OG0014340	As011G256380	evm.model.RL_1.2331
OG0014341	As011G256480	evm.model.RL_1.2337
OG0014342	As011G256500	evm.model.RL_1.2338
OG0014343	As011G256510	evm.model.RL_1.2339
OG0014344	As011G256810	evm.model.RL_1.2367
OG0014345	As011G256930	evm.model.RL_1.2377
OG0014346	As011G257740	evm.model.RL_1.2414
OG0014347	As011G257750	evm.model.RL_1.2417
OG0014348	As011G258100	evm.model.RL_1.2427
OG0014349	As011G258780	evm.model.RL_1.2486
OG0014350	As011G258790	evm.model.RL_1.2484
OG0014351	As011G258880	evm.model.RL_1.2473.1.687c87ef
OG0014352	As011G259220	evm.model.RL_1.2619
OG0014353	As011G260760	evm.model.RL_1.3008
OG0014354	As011G260990	evm.model.RL_1.874
OG0014355	As011G261150	evm.model.RL_1.2562
OG0014356	As011G261300	evm.model.RL_1.2554
OG0014357	As011G261310	evm.model.RL_1.2553
OG0014358	As011G261430	evm.model.RL_1.2546
OG0014359	As011G261500	evm.model.RL_1.2544
OG0014360	As011G261560	evm.model.RL_1.2533
OG0014361	As011G261670	evm.model.RL_1.2510
OG0014362	As011G261790	evm.model.RL_1.2604
OG0014363	As011G261840	evm.model.RL_1.2765.1.687c87f0
OG0014364	As011G261870	evm.model.RL_1.2590
OG0014365	As011G262050	evm.model.RL_1.2668
OG0014366	As011G262170	evm.model.RL_1.2682.1.687c87f0
OG0014367	As011G262210	evm.model.RL_1.2694
OG0014368	As011G262330	evm.model.RL_1.2696
OG0014369	As011G262340	evm.model.RL_1.2697
OG0014370	As011G262390	evm.model.RL_2.2847
OG0014371	As011G262400	evm.model.RL_1.2709
OG0014372	As011G262460	evm.model.RL_4.3253
OG0014373	As011G262570	evm.model.RL_1.2729
OG0014374	As011G262660	evm.model.RL_5.644
OG0014375	As011G262940	evm.model.RL_1.2776
OG0014376	As011G262990	evm.model.RL_1.2785
OG0014377	As011G263040	evm.model.RL_1.2790
OG0014378	As011G263350	evm.model.RL_1.2818
OG0014379	As011G263450	evm.model.RL_5.2406
OG0014380	As011G263560	evm.model.RL_1.2844
OG0014381	As011G263770	evm.model.RL_5.2539
OG0014382	As011G263860	evm.model.RL_1.2878
OG0014383	As011G264380	evm.model.RL_1.2921
OG0014384	As011G264520	evm.model.RL_1.2939
OG0014385	As011G264700	evm.model.RL_1.2952
OG0014386	As011G265310	evm.model.RL_1.3024
OG0014387	As011G265540	evm.model.RL_1.3053
OG0014388	As011G265550	evm.model.RL_1.3054
OG0014389	As011G265670	evm.model.RL_1.3070
OG0014390	As011G265700	evm.model.RL_1.3089
OG0014391	As011G265710	evm.model.RL_1.3090
OG0014392	As011G265990	evm.model.RL_1.3110
OG0014394	As011G266320	evm.model.RL_1.3142
OG0014395	As011G266620	evm.model.RL_1.3175
OG0014396	As011G266670	evm.model.RL_1.3181
OG0014397	As011G266890	evm.model.RL_1.3197
OG0014398	As011G267190	evm.model.RL_1.3227
OG0014399	As011G267260	evm.model.RL_1.3244
OG0014400	As011G267370	evm.model.RL_1.3259
OG0014401	As011G267500	evm.model.RL_1.3270
OG0014402	As011G267530	evm.model.RL_1.3267
OG0014403	As012G267690	evm.model.RL_5.4014
OG0014404	As012G267740	evm.model.RL_5.4010
OG0014405	As012G268050	evm.model.RL_5.3962.1.687c88c6
OG0014406	As012G268070	evm.model.RL_5.3961
OG0014407	As012G268440	evm.model.RL_5.3927, evm.model.RL_5.3931
OG0014408	As012G268600	evm.model.RL_5.3923
OG0014409	As012G268630	evm.model.RL_5.3920
OG0014410	As012G268670	evm.model.RL_4.13
OG0014411	As012G268780	evm.model.RL_5.3909
OG0014412	As012G269440	evm.model.RL_5.3844
OG0014413	As012G269480	evm.model.RL_5.3839
OG0014414	As012G269640	evm.model.RL_5.3814
OG0014415	As012G269840	evm.model.RL_5.3789
OG0014416	As012G270260, As012G270320	evm.model.RL_5.3746
OG0014417	As012G270340, As012G270390	evm.model.RL_5.3744
OG0014418	As012G270480	evm.model.RL_5.3733
OG0014419	As012G270640	evm.model.RL_5.3713
OG0014420	As012G270650	evm.model.RL_5.3712
OG0014421	As012G270660	evm.model.RL_5.3711
OG0014422	As012G270730	evm.model.RL_5.3701
OG0014423	As012G270910	evm.model.RL_5.1870
OG0014424	As012G271270	evm.model.RL_5.1895
OG0014425	As012G271340	evm.model.RL_5.1900
OG0014426	As012G271480	evm.model.RL_5.1918
OG0014427	As012G271590	evm.model.RL_5.1971
OG0014428	As012G271700	evm.model.RL_5.1959
OG0014429	As012G271820	evm.model.RL_5.1935
OG0014430	As012G272040	evm.model.RL_3.1184, evm.model.RL_3.1186
OG0014431	As012G272060	evm.model.RL_5.1986
OG0014432	As012G272090	evm.model.RL_5.1991
OG0014433	As012G272180	evm.model.RL_5.2003
OG0014434	As012G272330	evm.model.RL_5.2018
OG0014435	As012G272360	evm.model.RL_3.933, evm.model.RL_5.2022
OG0014436	As012G272610	evm.model.RL_5.2049
OG0014437	As012G272680	evm.model.RL_5.2058
OG0014438	As012G272790	evm.model.RL_5.2070
OG0014439	As012G272820	evm.model.RL_1.1815
OG0014440	As012G272940	evm.model.RL_5.2084
OG0014441	As012G272960	evm.model.RL_5.2086
OG0014442	As012G273210	evm.model.RL_5.2106
OG0014443	As012G273260	evm.model.RL_5.2111
OG0014444	As012G273390	evm.model.RL_5.2126
OG0014445	As012G273450	evm.model.RL_5.2102
OG0014446	As012G273650	evm.model.RL_5.2155
OG0014447	As012G273830	evm.model.RL_5.2176
OG0014448	As012G273910	evm.model.RL_5.2185
OG0014449	As012G274230	evm.model.RL_2.1175
OG0014450	As012G274370	evm.model.RL_2.1158
OG0014451	As012G277900, As012G274400	evm.model.RL_7.958
OG0014452	As012G274430	evm.model.RL_2.1154
OG0014453	As012G274550	evm.model.RL_2.1141.1.687c86e2
OG0014454	As012G274640	evm.model.RL_2.1133
OG0014455	As012G274710	evm.model.RL_2.1122
OG0014456	As012G275090	evm.model.RL_6.1560
OG0014457	As012G275110	evm.model.RL_6.1558
OG0014458	As012G275250	evm.model.RL_6.1547
OG0014459	As012G275490	evm.model.RL_7.1195
OG0014460	As012G275530	evm.model.RL_7.1189
OG0014461	As012G275770	evm.model.RL_7.2095
OG0014462	As012G275780	evm.model.RL_7.1164
OG0014463	As012G275790	evm.model.RL_7.1163
OG0014464	As012G275800	evm.model.RL_7.1162
OG0014465	As012G275900	evm.model.RL_7.1156
OG0014466	As012G275960	evm.model.RL_7.1145
OG0014467	As012G276070	evm.model.RL_7.1132
OG0014468	As012G276200	evm.model.RL_7.1120.3.687c84b8
OG0014469	As012G276210	evm.model.RL_7.1116
OG0014470	As012G276840	evm.model.RL_3.1178
OG0014471	As012G276970	evm.model.RL_7.1054
OG0014472	As012G277110	evm.model.RL_7.1048
OG0014473	As012G277720	evm.model.RL_7.993
OG0014474	As012G278180	evm.model.RL_7.973
OG0014475	As012G278600	evm.model.RL_7.1202
OG0014476	As012G278810	evm.model.RL_4.2146
OG0014477	As012G278870	evm.model.RL_7.1214
OG0014478	As012G278900	evm.model.RL_7.1216
OG0014479	As012G279510	evm.model.RL_7.1229
OG0014480	As012G280110	evm.model.RL_7.934
OG0014481	As012G280250	evm.model.RL_7.929
OG0014482	As012G280870	evm.model.RL_7.891
OG0014483	As012G281500	evm.model.RL_7.856
OG0014484	As012G281610	evm.model.RL_7.835, evm.model.RL_2.1964
OG0014485	As012G281620	evm.model.RL_7.834.2.687c84b6
OG0014486	As012G281730	evm.model.RL_7.829
OG0014487	As012G282010	evm.model.RL_7.807
OG0014488	As012G282660	evm.model.RL_7.737
OG0014489	As012G282700	evm.model.RL_7.740
OG0014490	As012G282780	evm.model.RL_6.2176
OG0014491	As012G282970	evm.model.RL_7.719
OG0014492	As012G283170	evm.model.RL_7.693
OG0014493	As012G283230	evm.model.RL_7.688
OG0014494	As012G283250	evm.model.RL_7.684
OG0014495	As012G283690, As012G283730	evm.model.RL_7.648
OG0014496	As012G284320	evm.model.RL_7.564
OG0014497	As012G284520	evm.model.RL_7.543
OG0014498	As012G284560	evm.model.RL_7.537
OG0014499	As012G284750	evm.model.RL_7.514
OG0014500	As012G284880	evm.model.RL_7.500
OG0014501	As012G285220	evm.model.RL_7.450
OG0014502	As012G285240	evm.model.RL_7.448
OG0014503	As012G285250	evm.model.RL_7.437
OG0014504	As012G285430	evm.model.RL_7.418
OG0014505	As012G285450	evm.model.RL_7.416
OG0014506	As012G285860	evm.model.RL_7.372
OG0014507	As012G285900	evm.model.RL_7.375
OG0014508	As012G286000	evm.model.RL_7.356
OG0014509	As012G286230	evm.model.RL_7.334.2.687c84b4
OG0014510	As012G286300	evm.model.RL_7.324
OG0014511	As012G286620	evm.model.RL_7.698
OG0014512	As012G286740	evm.model.RL_7.303
OG0014513	As012G286800	evm.model.RL_7.297
OG0014514	As012G286980, As012G287000	evm.model.RL_7.279
OG0014515	As012G287090	evm.model.RL_7.263
OG0014516	As012G287520	evm.model.RL_7.219
OG0014517	As012G287690	evm.model.RL_7.204
OG0014518	As012G287810	evm.model.RL_7.189.1.687c84b3
OG0014519	As012G287910	evm.model.RL_7.177
OG0014520	As012G287970	evm.model.RL_7.170
OG0014521	As012G287980	evm.model.RL_7.169
OG0014522	As012G287990	evm.model.RL_7.168
OG0014523	As012G288090	evm.model.RL_7.151
OG0014524	As012G288360	evm.model.RL_7.116
OG0014525	As012G288530	evm.model.RL_7.78
OG0014526	As012G289020	evm.model.RL_7.49.2.687c84b2
OG0014527	As012G289030	evm.model.RL_7.48
OG0014528	As012G289190	evm.model.RL_7.34
OG0014529	As012G289290	evm.model.RL_7.23
OG0014530	As012G289320	evm.model.RL_7.20
OG0014531	As012G289440	evm.model.RL_7.12
OG0014532	As012G289450	evm.model.RL_7.11
OG0014533	As012G289500	evm.model.RL_7.7
OG0014637	As001G000280	evm.model.RL_2.2351
OG0014639	As001G000490	evm.model.RL_2.2374
OG0014640	As001G000510	evm.model.RL_2.2376
OG0014641	As001G000560	evm.model.RL_2.2381
OG0014642	As001G000590	evm.model.RL_2.2385
OG0014643	As001G000670	evm.model.RL_2.2395
OG0014644	As001G000810	evm.model.RL_3.2120
OG0014645	As001G000830	evm.model.RL_2.2413
OG0014646	As001G000840	evm.model.RL_2.2414
OG0014647	As001G000900	evm.model.RL_2.2426
OG0014648	As001G000980	evm.model.RL_2.2433
OG0014649	As001G001010	evm.model.RL_2.2435
OG0014650	As001G001150	evm.model.RL_2.2454
OG0014651	As001G001160	evm.model.RL_2.2455
OG0014652	As001G001250	evm.model.RL_2.2466.1.687c86e6
OG0014653	As001G001350	evm.model.RL_2.2470
OG0014655	As001G001400	evm.model.RL_2.2478
OG0014656	As001G001530	evm.model.RL_3.2159
OG0014657	As001G001550	evm.model.RL_2.2493
OG0014658	As001G001630, As001G001590	evm.model.RL_2.2492
OG0014659	As001G001700	evm.model.RL_2.2501
OG0014660	As001G001710	evm.model.RL_2.2502
OG0014661	As001G002320	evm.model.RL_2.2546
OG0014662	As001G002960	evm.model.RL_2.2591
OG0014663	As001G002990	evm.model.RL_2.2594
OG0014665	As001G003050	evm.model.RL_2.2600
OG0014666	As001G003100	evm.model.RL_2.3502, evm.model.RL_2.3335
OG0014667	As001G003340	evm.model.RL_2.2617
OG0014668	As001G003420	evm.model.RL_2.2625
OG0014669	As001G003460	evm.model.RL_2.2632
OG0014670	As001G003670	evm.model.RL_2.2652
OG0014671	As001G003700	evm.model.RL_2.2655
OG0014672	As001G003910	evm.model.RL_5.734
OG0014673	As001G003920	evm.model.RL_2.2671
OG0014674	As001G004060	evm.model.RL_2.2691
OG0014675	As001G004100	evm.model.RL_2.2693
OG0014676	As001G004110	evm.model.RL_2.2694
OG0014677	As001G004270	evm.model.RL_2.2701
OG0014678	As001G004290	evm.model.RL_2.2703
OG0014679	As001G004520	evm.model.RL_2.2717
OG0014680	As001G004830	evm.model.RL_2.2738
OG0014681	As001G004870	evm.model.RL_2.2739
OG0014682	As001G004960	evm.model.RL_2.2748
OG0014683	As001G005090	evm.model.RL_6.477
OG0014684	As001G005340	evm.model.RL_2.2777
OG0014685	As001G005800	evm.model.RL_2.2804
OG0014686	As001G006080	evm.model.RL_2.2795
OG0014687	As001G006240	evm.model.RL_2.2793
OG0014689	As001G009970	evm.model.RL_2.2945
OG0014690	As001G010050	evm.model.RL_2.2859
OG0014691	As001G010380	evm.model.RL_2.2864
OG0014692	As001G010460	evm.model.RL_2.2865
OG0014693	As001G010510	evm.model.RL_2.2867
OG0014695	As001G012190	evm.model.RL_2.2888
OG0014696	As001G012730	evm.model.RL_2.2951
OG0014697	As001G013580	evm.model.RL_2.2931
OG0014698	As001G013750	evm.model.RL_2.2915
OG0014699	As001G013810	evm.model.RL_2.2909
OG0014700	As001G013910	evm.model.RL_2.2957
OG0014701	As001G014070	evm.model.RL_2.2955
OG0014702	As001G014240	evm.model.RL_2.2980
OG0014703	As001G014330	evm.model.RL_2.2989
OG0014704	As011G263760	evm.model.RL_1.2869
OG0014705	As001G014940, As001G018320	evm.model.RL_1.3216
OG0014706	As001G015520	evm.model.RL_2.3049
OG0014707	As001G015610	evm.model.RL_2.3055
OG0014708	As001G015650	evm.model.RL_2.3059
OG0014709	As001G015790	evm.model.RL_5.2822
OG0014710	As001G015930	evm.model.RL_5.2805
OG0014711	As001G015990	evm.model.RL_5.2799
OG0014712	As001G016240	evm.model.RL_5.2783
OG0014713	As001G016250	evm.model.RL_5.2781
OG0014714	As001G016410	evm.model.RL_5.2766
OG0014715	As001G016420	evm.model.RL_5.2765
OG0014716	As001G016730	evm.model.RL_5.2738
OG0014717	As001G016770	evm.model.RL_5.2734
OG0014718	As001G016790	evm.model.RL_5.2731
OG0014719	As001G016800	evm.model.RL_5.2729
OG0014720	As001G016900	evm.model.RL_5.2723
OG0014721	As001G017020	evm.model.RL_5.2709
OG0014722	As001G017040	evm.model.RL_5.2707
OG0014723	As001G017390	evm.model.RL_2.1255
OG0014724	As001G017410	evm.model.RL_2.1254
OG0014725	As001G017480	evm.model.RL_2.1247
OG0014726	As001G017520	evm.model.RL_2.1244
OG0014727	As001G017530	evm.model.RL_2.1243
OG0014728	As001G017550	evm.model.RL_2.1241
OG0014729	As001G017640	evm.model.RL_2.1228
OG0014730	As001G017860	evm.model.RL_2.1212
OG0014731	As001G018120	evm.model.RL_2.1191
OG0014732	As001G018300	evm.model.RL_2.1183
OG0014733	As001G018350	evm.model.RL_3.772
OG0014734	As001G018510	evm.model.RL_3.754
OG0014735	As001G018640	evm.model.RL_3.744
OG0014736	As001G018810	evm.model.RL_3.1129
OG0014737	As001G018820	evm.model.RL_3.717
OG0014738	As001G018850	evm.model.RL_3.709
OG0014739	As001G019070	evm.model.RL_3.670
OG0014740	As001G019150	evm.model.RL_3.656
OG0014741	As001G019190	evm.model.RL_3.644
OG0014742	As001G019580	evm.model.RL_3.589, evm.model.RL_3.582
OG0014743	As001G020150	evm.model.RL_3.538
OG0014744	As001G020320, As001G020330	evm.model.RL_6.1886
OG0014745	As001G020460	evm.model.RL_2.2494
OG0014746	As001G020650	evm.model.RL_3.477
OG0014747	As001G020860	evm.model.RL_3.462.1.687c84ba
OG0014748	As001G021170	evm.model.RL_3.393
OG0014749	As001G021290	evm.model.RL_3.409
OG0014750	As001G021560	evm.model.RL_3.361
OG0014751	As001G022030	evm.model.RL_3.290
OG0014753	As001G022210	evm.model.RL_5.8
OG0014754	As001G022470	evm.model.RL_7.2680
OG0014755	As001G022490	evm.model.RL_7.2683
OG0014756	As001G022580	evm.model.RL_7.2689
OG0014757	As001G022720	evm.model.RL_7.2700
OG0014758	As001G022780	evm.model.RL_7.2708
OG0014759	As001G022800	evm.model.RL_7.2710
OG0014760	As001G022820	evm.model.RL_7.2712
OG0014761	As001G022860	evm.model.RL_7.2717
OG0014762	As001G022930	evm.model.RL_7.2640
OG0014763	As001G023000	evm.model.RL_7.2635
OG0014764	As001G023300	evm.model.RL_7.2604
OG0014765	As001G023660	evm.model.RL_7.2571
OG0014766	As001G023760	evm.model.RL_7.2563
OG0014767	As001G023770	evm.model.RL_7.2562
OG0014768	As001G023860	evm.model.RL_2.74
OG0014769	As001G024060	evm.model.RL_7.2520
OG0014771	As001G024230	evm.model.RL_7.2508
OG0014772	As001G024280	evm.model.RL_7.2505
OG0014773	As001G024430	evm.model.RL_7.2488
OG0014774	As001G024790	evm.model.RL_7.2443
OG0014775	As001G024990	evm.model.RL_7.2424
OG0014776	As001G025010	evm.model.RL_7.2422
OG0014777	As001G025070	evm.model.RL_7.2415
OG0014778	As001G025090	evm.model.RL_7.2412
OG0014779	As001G025170	evm.model.RL_7.2406
OG0014780	As001G025470	evm.model.RL_7.2370
OG0014781	As001G025590	evm.model.RL_7.2356
OG0014782	As001G025640	evm.model.RL_7.2352
OG0014783	As001G025790	evm.model.RL_7.2339
OG0014784	As001G025850	evm.model.RL_7.2330
OG0014785	As001G025950	evm.model.RL_7.2320
OG0014786	As001G026000	evm.model.RL_7.2314
OG0014787	As001G026160	evm.model.RL_7.2290
OG0014788	As001G026400	evm.model.RL_7.2266
OG0014789	As001G026540	evm.model.RL_7.2256
OG0014790	As001G026670	evm.model.RL_7.2245
OG0014791	As001G026820	evm.model.RL_7.2223
OG0014792	As001G026830	evm.model.RL_7.2222
OG0014793	As001G027070	evm.model.RL_7.2197
OG0014794	As001G027230	evm.model.RL_7.2166
OG0014795	As001G027260	evm.model.RL_7.2162
OG0014796	As001G027770, As004G078300	evm.model.RL_2.293
OG0014797	As001G027890	evm.model.RL_7.2076
OG0014798	As001G028090	evm.model.RL_7.2049
OG0014799	As004G077960, As001G028170	evm.model.RL_2.346
OG0014800	As001G028200	evm.model.RL_3.333
OG0014801	As001G028270	evm.model.RL_3.1095
OG0014802	As001G028370	evm.model.RL_3.1088
OG0014803	As001G028400	evm.model.RL_3.1085
OG0014804	As001G028560	evm.model.RL_3.1050
OG0014805	As001G028800	evm.model.RL_3.1020
OG0014806	As001G028900	evm.model.RL_3.1008
OG0014807	As001G029010	evm.model.RL_3.997
OG0014808	As001G029090	evm.model.RL_3.988
OG0014809	As001G029190	evm.model.RL_3.968
OG0014810	As001G029240	evm.model.RL_3.966
OG0014811	As001G029270	evm.model.RL_3.961
OG0014812	As001G029310	evm.model.RL_3.954
OG0014813	As001G029390	evm.model.RL_3.930, evm.model.RL_3.942
OG0014814	As001G029540	evm.model.RL_3.906.2.687c84bb
OG0014815	As001G029640	evm.model.RL_3.804
OG0014816	As001G029670	evm.model.RL_3.575
OG0014817	As001G029780	evm.model.RL_3.872
OG0014818	As001G029810	evm.model.RL_3.877
OG0014819	As001G029830	evm.model.RL_3.882
OG0014820	As001G029850	evm.model.RL_3.886
OG0014821	As001G029900	evm.model.RL_3.890
OG0014822	As001G029910	evm.model.RL_3.792
OG0014823	As001G029960	evm.model.RL_8.1131
OG0014824	As001G029980	evm.model.RL_3.773
OG0014825	As001G030030	evm.model.RL_3.789
OG0014826	As001G030170	evm.model.RL_3.6
OG0014827	As001G030260	evm.model.RL_7.1306
OG0014828	As001G030380	evm.model.RL_7.2485
OG0014829	As001G030440	evm.model.RL_3.28
OG0014830	As001G030490	evm.model.RL_3.32
OG0014831	As001G030510	evm.model.RL_3.34
OG0014832	As001G030580	evm.model.RL_3.40
OG0014833	As001G031010	evm.model.RL_3.94
OG0014834	As001G031090	evm.model.RL_3.106
OG0014835	As001G031200	evm.model.RL_3.129
OG0014836	As001G031290	evm.model.RL_3.150.1.687c84b9
OG0014837	As001G031320	evm.model.RL_3.152
OG0014838	As001G031330, As001G031340	evm.model.RL_3.153
OG0014839	As001G031370	evm.model.RL_3.156
OG0014840	As001G031380	evm.model.RL_3.157
OG0014841	As001G031530	evm.model.RL_3.175
OG0014842	As001G031740	evm.model.RL_3.194
OG0014843	As001G031820	evm.model.RL_3.209
OG0014844	As001G031870	evm.model.RL_3.217
OG0014845	As001G031890	evm.model.RL_3.219
OG0014846	As001G031910	evm.model.RL_3.221
OG0014847	As001G032040	evm.model.RL_3.236
OG0014848	As002G032410	evm.model.RL_1.1154
OG0014849	As002G032480	evm.model.RL_2.2313
OG0014850	As002G032590	evm.model.RL_2.2107
OG0014851	As002G032680	evm.model.RL_2.2123
OG0014852	As002G032840	evm.model.RL_2.2136
OG0014853	As002G032880	evm.model.RL_2.2142
OG0014854	As002G033180	evm.model.RL_6.2245
OG0014855	As002G033260	evm.model.RL_2.580
OG0014856	As002G033290	evm.model.RL_6.2235
OG0014857	As002G033380	evm.model.RL_6.2218
OG0014858	As002G033490	evm.model.RL_6.2230
OG0014859	As002G033620	evm.model.RL_6.2212
OG0014860	As002G033760	evm.model.RL_6.2194
OG0014861	As002G033800	evm.model.RL_6.2190
OG0014862	As002G033940	evm.model.RL_1.815
OG0014863	As002G033960	evm.model.RL_1.818
OG0014864	As002G034040	evm.model.RL_1.828
OG0014865	As002G034090	evm.model.RL_1.832
OG0014866	As002G034180	evm.model.RL_1.839
OG0014867	As002G034310	evm.model.RL_1.854
OG0014868	As002G034400	evm.model.RL_1.864
OG0014869	As002G034490	evm.model.RL_1.877
OG0014870	As002G034670	evm.model.RL_1.881
OG0014871	As002G034680	evm.model.RL_1.882
OG0014872	As002G034930	evm.model.RL_1.896
OG0014873	As002G034940	evm.model.RL_1.897
OG0014874	As002G034990	evm.model.RL_1.902
OG0014875	As002G035040, As005G108510	evm.model.RL_4.3169
OG0014876	As002G035230	evm.model.RL_1.915
OG0014877	As002G035250	evm.model.RL_1.916
OG0014878	As002G035460	evm.model.RL_1.929
OG0014879	As002G035560	evm.model.RL_1.938
OG0014880	As002G035590	evm.model.RL_1.942.1.687c87eb
OG0014881	As002G035630	evm.model.RL_1.947
OG0014882	As002G036170	evm.model.RL_1.982
OG0014883	As002G040530, As002G036390	evm.model.RL_8.1716
OG0014884	As002G036630	evm.model.RL_1.1016
OG0014885	As002G036780	evm.model.RL_1.1006.1.687c87ec
OG0014886	As002G036830	evm.model.RL_1.1019
OG0014887	As002G036930	evm.model.RL_1.1023
OG0014888	As002G037110, As002G037100	evm.model.RL_1.1039
OG0014889	As002G038310	evm.model.RL_1.1115
OG0014890	As002G038630	evm.model.RL_1.1124
OG0014891	As002G038750	evm.model.RL_1.1120
OG0014892	As002G038920	evm.model.RL_1.1139
OG0014893	As002G039340	evm.model.RL_8.973
OG0014894	As002G039430	evm.model.RL_8.996
OG0014895	As002G039440	evm.model.RL_8.984.2.687c8559
OG0014896	As002G039880	evm.model.RL_8.1050
OG0014897	As002G041360	evm.model.RL_1.2084
OG0014898	As002G041960	evm.model.RL_8.1128
OG0014899	As002G042150	evm.model.RL_5.673
OG0014900	As002G042300	evm.model.RL_8.1168
OG0014901	As002G042320	evm.model.RL_8.1169
OG0014902	As002G042390	evm.model.RL_8.1177
OG0014903	As002G042600	evm.model.RL_8.1187
OG0014904	As002G042780	evm.model.RL_8.1205
OG0014905	As002G043290	evm.model.RL_8.1232
OG0014906	As002G043490	evm.model.RL_8.1259
OG0014907	As002G043500	evm.model.RL_8.1260
OG0014908	As002G043580	evm.model.RL_8.1266
OG0014909	As002G043600	evm.model.RL_8.1268
OG0014910	As002G043620	evm.model.RL_8.1271
OG0014911	As002G043860	evm.model.RL_8.1296
OG0014912	As002G043950	evm.model.RL_8.1305
OG0014913	As002G043960	evm.model.RL_8.1306.4.687c855b
OG0014914	As002G043990	evm.model.RL_8.1311
OG0014915	As002G044010	evm.model.RL_8.1313
OG0014916	As002G044020	evm.model.RL_8.1314
OG0014917	As002G044190	evm.model.RL_8.1334
OG0014918	As006G143690, As002G044300	evm.model.RL_8.1350
OG0014919	As002G044330	evm.model.RL_8.1354
OG0014920	As002G044510	evm.model.RL_8.1373
OG0014921	As002G044720	evm.model.RL_8.1424
OG0014922	As002G044870	evm.model.RL_8.1409
OG0014923	As002G045010	evm.model.RL_8.1396
OG0014924	As002G045190	evm.model.RL_8.1439
OG0014925	As002G045220	evm.model.RL_8.1441
OG0014926	As002G045350	evm.model.RL_8.1454
OG0014927	As002G045740	evm.model.RL_8.1474
OG0014928	As002G046160	evm.model.RL_8.1531
OG0014929	As002G046600	evm.model.RL_8.1573
OG0014930	As002G046980	evm.model.RL_5.1717
OG0014931	As002G047140	evm.model.RL_8.1623
OG0014932	As002G047230	evm.model.RL_8.1630
OG0014933	As002G047290	evm.model.RL_8.1636
OG0014934	As002G047360	evm.model.RL_8.1642
OG0014936	As002G047960	evm.model.RL_8.1699
OG0014939	As002G048270	evm.model.RL_8.1732
OG0014940	As002G048370	evm.model.RL_8.1744
OG0014941	As002G048380	evm.model.RL_8.1745
OG0014942	As002G048720	evm.model.RL_8.1780.1.687c855d
OG0014943	As002G048740	evm.model.RL_8.1782
OG0014944	As002G048750	evm.model.RL_8.1783.4.687c855d
OG0014945	As002G049100	evm.model.RL_8.1817
OG0014946	As002G049310	evm.model.RL_8.1840.1.687c855e
OG0014947	As002G049340	evm.model.RL_8.1842
OG0014948	As002G049440	evm.model.RL_8.1852
OG0014949	As002G049530	evm.model.RL_8.1859
OG0014950	As002G049610	evm.model.RL_8.1866
OG0014951	As002G049930	evm.model.RL_8.1888
OG0014952	As002G049950	evm.model.RL_8.1890
OG0014953	As002G050010	evm.model.RL_8.857
OG0014954	As002G050080	evm.model.RL_8.858
OG0014955	As002G050250	evm.model.RL_4.2284
OG0014956	As002G050260	evm.model.RL_4.2283
OG0014957	As002G050540	evm.model.RL_4.2312
OG0014958	As002G050740	evm.model.RL_4.2329.8.687c86d9
OG0014959	As002G051100	evm.model.RL_4.2370
OG0014960	As002G051360	evm.model.RL_4.2400
OG0014961	As002G051710, As002G051690	evm.model.RL_4.2434
OG0014962	As002G051740	evm.model.RL_4.2436
OG0014963	As002G051850	evm.model.RL_4.2447
OG0014964	As002G051900	evm.model.RL_4.2453
OG0014965	As002G051920	evm.model.RL_4.2455
OG0014966	As002G052130	evm.model.RL_4.2474
OG0014967	As002G052180	evm.model.RL_4.2482
OG0014968	As002G052190	evm.model.RL_4.2483
OG0014969	As002G052220	evm.model.RL_6.1918
OG0014970	As002G052280	evm.model.RL_4.2493
OG0014971	As002G052310	evm.model.RL_4.2496
OG0014972	As002G052340	evm.model.RL_4.2499
OG0014973	As002G052540	evm.model.RL_4.2515
OG0014974	As002G052560	evm.model.RL_4.2516
OG0014975	As002G052760	evm.model.RL_4.2530
OG0014976	As002G052800	evm.model.RL_4.2533
OG0014977	As002G052830	evm.model.RL_4.2536
OG0014978	As002G052920	evm.model.RL_4.2542
OG0014980	As002G053110	evm.model.RL_4.2557
OG0014981	As002G053320	evm.model.RL_4.2581
OG0014982	As002G053600	evm.model.RL_4.2618
OG0014983	As002G053650	evm.model.RL_4.2620
OG0014984	As002G053780	evm.model.RL_4.2639
OG0014985	As002G053790	evm.model.RL_4.2640
OG0014986	As002G054080	evm.model.RL_4.2669.4.687c86da
OG0014987	As002G054540	evm.model.RL_4.2713
OG0014988	As002G054570	evm.model.RL_4.2716
OG0014989	As002G054810	evm.model.RL_4.2746
OG0014990	As002G055170	evm.model.RL_4.2787
OG0014991	As002G055260	evm.model.RL_4.2797
OG0014992	As002G055340	evm.model.RL_4.2809
OG0014993	As002G055420	evm.model.RL_4.2816
OG0014994	As003G055600	evm.model.RL_2.1270
OG0014995	As003G055730	evm.model.RL_2.1290
OG0014996	As003G055750	evm.model.RL_2.1292
OG0014997	As003G056110	evm.model.RL_2.1328
OG0014998	As003G056130	evm.model.RL_2.1329
OG0014999	As003G056770	evm.model.RL_2.1396
OG0015000	As003G056950	evm.model.RL_2.1405
OG0015001	As003G057060	evm.model.RL_2.1417
OG0015002	As003G057080	evm.model.RL_2.1419
OG0015003	As003G057130	evm.model.RL_2.1424
OG0015004	As003G057250	evm.model.RL_2.1438
OG0015005	As003G057270	evm.model.RL_2.1440
OG0015006	As003G057520	evm.model.RL_2.1467
OG0015007	As003G057590	evm.model.RL_2.1475
OG0015008	As003G057740	evm.model.RL_2.1492
OG0015009	As003G057950	evm.model.RL_2.1524
OG0015011	As003G058020	evm.model.RL_2.1525
OG0015012	As003G058260	evm.model.RL_2.1555
OG0015013	As003G058670, As003G058710	evm.model.RL_2.1590
OG0015014	As003G058780	evm.model.RL_2.1594
OG0015015	As003G058830	evm.model.RL_2.1597
OG0015016	As003G058880	evm.model.RL_5.1633
OG0015017	As003G059070	evm.model.RL_2.1624
OG0015018	As003G059140	evm.model.RL_2.1633
OG0015019	As003G059260, As009G200120	evm.model.RL_4.2198
OG0015020	As003G059280	evm.model.RL_2.1643
OG0015021	As003G059490	evm.model.RL_2.1650
OG0015022	As003G059550	evm.model.RL_2.1654
OG0015023	As003G059580	evm.model.RL_2.1658
OG0015024	As003G059700	evm.model.RL_2.1672.1.687c86e3
OG0015025	As003G059820	evm.model.RL_2.1685
OG0015026	As003G059870	evm.model.RL_2.1689
OG0015028	As003G060500	evm.model.RL_2.1756
OG0015029	As003G060660	evm.model.RL_2.1774
OG0015030	As003G060860	evm.model.RL_2.1793
OG0015031	As003G060910	evm.model.RL_2.1797
OG0015032	As003G061040	evm.model.RL_4.963
OG0015033	As003G062040	evm.model.RL_2.1910
OG0015034	As003G062250	evm.model.RL_2.1928
OG0015035	As003G062320	evm.model.RL_5.2681
OG0015036	As003G062360	evm.model.RL_5.2676.2.687c88bc
OG0015037	As003G062390	evm.model.RL_5.2666.1.687c88bc
OG0015038	As003G062440	evm.model.RL_5.2652
OG0015039	As003G062460	evm.model.RL_5.2651
OG0015040	As003G062610	evm.model.RL_5.2641
OG0015041	As003G062630	evm.model.RL_5.2639
OG0015042	As003G062670	evm.model.RL_5.2636
OG0015043	As003G062730	evm.model.RL_5.2632
OG0015044	As003G063280	evm.model.RL_5.2551
OG0015045	As003G063310	evm.model.RL_5.2548
OG0015046	As003G063350	evm.model.RL_5.2544
OG0015047	As003G063460	evm.model.RL_5.2531
OG0015048	As003G063800	evm.model.RL_5.2476
OG0015049	As003G063840	evm.model.RL_5.2468
OG0015050	As003G063850	evm.model.RL_5.2466
OG0015051	As003G063960	evm.model.RL_5.2456
OG0015052	As003G064090	evm.model.RL_5.2440
OG0015053	As003G064180	evm.model.RL_5.2433
OG0015054	As003G064190	evm.model.RL_5.2432
OG0015055	As003G064200	evm.model.RL_5.2431
OG0015056	As003G064230	evm.model.RL_5.2412.1.687c88bb
OG0015057	As003G064580	evm.model.RL_5.2333
OG0015058	As003G064600	evm.model.RL_5.2345
OG0015059	As003G064650	evm.model.RL_5.2353
OG0015060	As003G064830	evm.model.RL_5.2367
OG0015061	As003G064890	evm.model.RL_5.2363
OG0015062	As003G064970	evm.model.RL_5.2379
OG0015063	As003G065040	evm.model.RL_5.2381
OG0015064	As003G065110	evm.model.RL_5.2389
OG0015065	As003G065220	evm.model.RL_5.2305
OG0015066	As003G065290	evm.model.RL_2.1179
OG0015067	As003G065400	evm.model.RL_5.2244
OG0015069	As003G065560	evm.model.RL_4.2, evm.model.RL_5.2257
OG0015071	As003G066010	evm.model.RL_5.2392
OG0015072	As003G066280	evm.model.RL_5.2291
OG0015073	As003G066290	evm.model.RL_5.2290
OG0015074	As003G066300	evm.model.RL_5.2287.2.687c88ba
OG0015075	As003G066550	evm.model.RL_4.664
OG0015076	As003G066600	evm.model.RL_5.2224
OG0015077	As003G067310	evm.model.RL_5.3107
OG0015079	As003G068120	evm.model.RL_5.3117
OG0015080	As003G068230	evm.model.RL_5.3114
OG0015081	As003G068390, As009G218090	evm.model.RL_8.2224
OG0015082	As003G068640	evm.model.RL_5.3075
OG0015083	As003G068970	evm.model.RL_5.3063
OG0015084	As003G069850	evm.model.RL_5.3004
OG0015085	As003G070140	evm.model.RL_5.2963
OG0015086	As003G070300	evm.model.RL_5.2948
OG0015087	As003G070450	evm.model.RL_5.2929
OG0015088	As003G070490	evm.model.RL_5.2932
OG0015089	As003G070650	evm.model.RL_5.2936
OG0015090	As003G070670	evm.model.RL_5.2938
OG0015091	As003G071110	evm.model.RL_5.2881
OG0015092	As003G071230	evm.model.RL_5.2869
OG0015093	As003G071250	evm.model.RL_5.2866
OG0015094	As003G071660	evm.model.RL_2.3062
OG0015095	As003G071880	evm.model.RL_2.3079
OG0015096	As003G072160	evm.model.RL_2.3112
OG0015097	As003G072230	evm.model.RL_2.3120
OG0015098	As003G072270	evm.model.RL_2.3124
OG0015099	As003G072330	evm.model.RL_2.3133
OG0015100	As003G072350	evm.model.RL_2.3135
OG0015101	As003G072450	evm.model.RL_2.3147
OG0015102	As003G072590	evm.model.RL_2.3163
OG0015103	As003G072990	evm.model.RL_2.3194
OG0015104	As003G073030	evm.model.RL_2.3198
OG0015105	As003G073040	evm.model.RL_2.3200
OG0015106	As003G073050	evm.model.RL_2.3201
OG0015107	As003G073080	evm.model.RL_2.3118
OG0015108	As003G073370	evm.model.RL_2.3234
OG0015109	As003G073430	evm.model.RL_2.3240
OG0015110	As003G073480	evm.model.RL_2.3244
OG0015111	As003G073510	evm.model.RL_2.3247
OG0015112	As003G073660	evm.model.RL_2.3258
OG0015113	As003G073820	evm.model.RL_2.627
OG0015114	As003G073910	evm.model.RL_2.3275
OG0015115	As003G074100	evm.model.RL_2.3291
OG0015116	As003G074270	evm.model.RL_2.3305
OG0015117	As003G074340	evm.model.RL_2.3308
OG0015118	As003G074420	evm.model.RL_2.3316
OG0015119	As003G074450	evm.model.RL_2.3319
OG0015120	As003G074470	evm.model.RL_2.3321
OG0015121	As003G074680	evm.model.RL_2.3337.1.687c86e8
OG0015122	As003G075000	evm.model.RL_2.3370
OG0015123	As003G075030	evm.model.RL_2.3372
OG0015124	As003G075110	evm.model.RL_2.3380
OG0015125	As003G075470	evm.model.RL_2.3395
OG0015126	As003G075540	evm.model.RL_2.3400
OG0015127	As003G075720	evm.model.RL_2.3419
OG0015128	As003G075830	evm.model.RL_2.3429
OG0015129	As003G076000	evm.model.RL_2.3443
OG0015130	As003G076040	evm.model.RL_2.3446
OG0015131	As003G076110	evm.model.RL_2.3453
OG0015132	As003G076140	evm.model.RL_2.3456
OG0015133	As003G076160	evm.model.RL_2.3458
OG0015134	As003G076420	evm.model.RL_2.3492
OG0015135	As003G076440	evm.model.RL_2.3490
OG0015136	As003G076480	evm.model.RL_2.3486
OG0015137	As003G076490	evm.model.RL_2.3485
OG0015139	As003G076570	evm.model.RL_2.3479
OG0015140	As003G076640	evm.model.RL_2.3507.2.687c86e9
OG0015141	As004G076680	evm.model.RL_2.663
OG0015142	As004G076750	evm.model.RL_2.501
OG0015143	As004G076850	evm.model.RL_2.571
OG0015144	As004G076880	evm.model.RL_2.579
OG0015145	As004G076960	evm.model.RL_2.561
OG0015146	As004G076970	evm.model.RL_3.923
OG0015147	As004G077210	evm.model.RL_2.482
OG0015148	As004G077240	evm.model.RL_2.474
OG0015149	As004G077440	evm.model.RL_2.432
OG0015150	As004G077470	evm.model.RL_2.430
OG0015151	As004G077510	evm.model.RL_2.420
OG0015152	As004G077810	evm.model.RL_2.371
OG0015153	As004G077850	evm.model.RL_2.366
OG0015154	As004G077910	evm.model.RL_2.355
OG0015155	As004G078220	evm.model.RL_2.299
OG0015156	As004G078420	evm.model.RL_2.271
OG0015157	As004G078560	evm.model.RL_2.251
OG0015158	As004G078570	evm.model.RL_2.250
OG0015159	As004G078640	evm.model.RL_4.260
OG0015160	As004G078700	evm.model.RL_5.2837
OG0015161	As004G078840	evm.model.RL_6.1595
OG0015162	As004G078870	evm.model.RL_6.1597
OG0015163	As004G078890	evm.model.RL_6.1599
OG0015164	As004G079220	evm.model.RL_7.1778
OG0015165	As004G079260	evm.model.RL_7.1775
OG0015166	As004G079310	evm.model.RL_5.2769
OG0015167	As004G079440	evm.model.RL_6.1639
OG0015168	As004G079470	evm.model.RL_6.1635
OG0015169	As004G079500	evm.model.RL_6.1633
OG0015170	As004G079550	evm.model.RL_6.1625
OG0015171	As004G079610	evm.model.RL_6.1621
OG0015172	As004G080130	evm.model.RL_5.2534
OG0015173	As004G080240	evm.model.RL_8.837
OG0015174	As004G080520	evm.model.RL_8.874
OG0015175	As004G080540	evm.model.RL_8.881
OG0015176	As004G080560	evm.model.RL_8.886
OG0015177	As004G080610	evm.model.RL_8.891
OG0015178	As004G080620	evm.model.RL_8.892
OG0015179	As004G080630	evm.model.RL_5.2434
OG0015180	As004G080830	evm.model.RL_8.904
OG0015181	As004G081070	evm.model.RL_6.1519
OG0015182	As004G081120	evm.model.RL_6.1506
OG0015183	As004G081180	evm.model.RL_6.1503
OG0015184	As004G081380	evm.model.RL_6.1479
OG0015185	As004G081430	evm.model.RL_6.1475
OG0015186	As004G081550	evm.model.RL_6.1462
OG0015187	As004G081560	evm.model.RL_6.1461
OG0015188	As004G081670	evm.model.RL_6.1448
OG0015189	As004G081800	evm.model.RL_6.1434
OG0015190	As004G081950	evm.model.RL_4.564
OG0015191	As004G081980	evm.model.RL_4.570
OG0015192	As004G081990	evm.model.RL_4.571
OG0015193	As004G082160	evm.model.RL_4.601
OG0015194	As004G082170	evm.model.RL_4.596
OG0015195	As004G082230	evm.model.RL_4.615
OG0015196	As004G082360	evm.model.RL_4.639
OG0015197	As004G082380	evm.model.RL_4.641
OG0015198	As004G082590	evm.model.RL_4.673
OG0015199	As004G082680	evm.model.RL_4.684
OG0015200	As004G082690	evm.model.RL_4.1664
OG0015201	As004G082720	evm.model.RL_4.494
OG0015202	As004G082780	evm.model.RL_4.692
OG0015203	As004G082810	evm.model.RL_4.695
OG0015204	As004G083350	evm.model.RL_8.777
OG0015205	As004G083420	evm.model.RL_8.768
OG0015206	As004G083460	evm.model.RL_8.763
OG0015207	As004G083540	evm.model.RL_8.762
OG0015208	As004G083550	evm.model.RL_8.761
OG0015209	As004G083630	evm.model.RL_8.750
OG0015210	As004G083730	evm.model.RL_8.736
OG0015211	As004G083890	evm.model.RL_8.716
OG0015212	As004G083930	evm.model.RL_8.708.2.687c8558
OG0015213	As004G083980	evm.model.RL_8.702.1.687c8558
OG0015214	As004G084080	evm.model.RL_8.694
OG0015215	As004G084100	evm.model.RL_8.692
OG0015216	As004G084120	evm.model.RL_3.850, evm.model.RL_8.690
OG0015217	As004G084220	evm.model.RL_8.676
OG0015218	As004G084340	evm.model.RL_8.664
OG0015219	As004G084390	evm.model.RL_8.660
OG0015220	As004G084420	evm.model.RL_8.655
OG0015221	As004G084620	evm.model.RL_8.616
OG0015222	As004G084630	evm.model.RL_8.615.5.687c8557
OG0015223	As004G084780	evm.model.RL_8.594
OG0015224	As004G084880	evm.model.RL_8.579
OG0015225	As004G084990	evm.model.RL_8.564
OG0015226	As004G085050	evm.model.RL_8.897
OG0015227	As004G085210	evm.model.RL_2.1759
OG0015228	As004G085490	evm.model.RL_8.508
OG0015229	As004G085520	evm.model.RL_8.505.1.687c8557
OG0015231	As004G085610	evm.model.RL_8.483
OG0015232	As004G085660	evm.model.RL_8.478
OG0015233	As004G085700	evm.model.RL_8.469
OG0015234	As004G085810	evm.model.RL_8.454
OG0015235	As004G086060	evm.model.RL_8.430
OG0015236	As004G086250	evm.model.RL_8.412
OG0015237	As004G086640	evm.model.RL_4.419
OG0015238	As004G087020	evm.model.RL_4.394
OG0015239	As004G087030	evm.model.RL_4.392
OG0015240	As004G087140	evm.model.RL_4.379.1.687c86ce
OG0015241	As004G087800	evm.model.RL_4.307
OG0015242	As004G088080	evm.model.RL_4.274
OG0015243	As004G088220	evm.model.RL_4.253
OG0015244	As004G088270	evm.model.RL_4.248
OG0015245	As004G088320	evm.model.RL_4.243
OG0015246	As004G088390, As010G240070	evm.model.RL_3.1766
OG0015247	As004G088450	evm.model.RL_4.234
OG0015248	As004G088460	evm.model.RL_4.233
OG0015249	As012G268470, As004G088490	evm.model.RL_5.3924.2.687c88c6
OG0015250	As004G088770	evm.model.RL_4.195
OG0015251	As004G088800	evm.model.RL_4.192
OG0015252	As004G088890	evm.model.RL_4.181
OG0015253	As004G088920	evm.model.RL_5.201
OG0015254	As004G089280	evm.model.RL_4.866
OG0015255	As004G089630	evm.model.RL_4.95
OG0015256	As004G090730	evm.model.RL_2.636
OG0015257	As004G090770	evm.model.RL_2.622
OG0015258	As004G091080	evm.model.RL_4.51.1.687c86cc
OG0015259	As004G091110	evm.model.RL_4.53
OG0015260	As004G092140	evm.model.RL_2.609.2.687c86e1
OG0015261	As004G092160	evm.model.RL_1.2468
OG0015262	As004G092270	evm.model.RL_2.598
OG0015263	As004G092440	evm.model.RL_1.2496
OG0015264	As004G092490	evm.model.RL_2.593
OG0015265	As004G093010	evm.model.RL_2.771
OG0015266	As004G093170	evm.model.RL_1.2428
OG0015267	As004G093410	evm.model.RL_2.1932
OG0015268	As004G093450	evm.model.RL_2.803
OG0015269	As004G093670	evm.model.RL_1.2382
OG0015270	As004G093680	evm.model.RL_1.2381
OG0015271	As004G093890	evm.model.RL_2.830
OG0015272	As004G094480	evm.model.RL_2.860
OG0015273	As004G094560	evm.model.RL_2.870
OG0015274	As004G094940	evm.model.RL_2.901
OG0015275	As004G095070	evm.model.RL_2.906
OG0015276	As004G095320	evm.model.RL_2.950
OG0015277	As004G095580	evm.model.RL_2.966
OG0015278	As004G095590	evm.model.RL_2.967
OG0015279	As004G095600, As011G255090	evm.model.RL_1.2211
OG0015281	As004G096480	evm.model.RL_2.1065
OG0015282	As004G096580	evm.model.RL_1.2078
OG0015283	As004G096760	evm.model.RL_2.238
OG0015284	As004G096860	evm.model.RL_2.217
OG0015285	As004G097120	evm.model.RL_2.12
OG0015286	As004G097140	evm.model.RL_2.13
OG0015287	As004G097280	evm.model.RL_2.30
OG0015288	As004G097670	evm.model.RL_2.71
OG0015289	As004G097940	evm.model.RL_2.133
OG0015290	As004G098470	evm.model.RL_1.2508
OG0015291	As005G098640	evm.model.RL_6.2956
OG0015293	As005G098740	evm.model.RL_6.2947
OG0015294	As005G098780	evm.model.RL_6.2943
OG0015295	As005G099030	evm.model.RL_6.2929
OG0015296	As005G099050	evm.model.RL_6.2927
OG0015297	As005G099060	evm.model.RL_6.2926
OG0015298	As005G099270	evm.model.RL_6.2912
OG0015299	As005G099280	evm.model.RL_6.2911
OG0015300	As005G099340	evm.model.RL_6.2906
OG0015301	As005G099370	evm.model.RL_6.2903
OG0015302	As005G099410	evm.model.RL_6.2901
OG0015303	As005G099890	evm.model.RL_1.1485
OG0015304	As005G099920	evm.model.RL_6.2854
OG0015305	As005G100120	evm.model.RL_6.2834
OG0015306	As005G100140	evm.model.RL_6.2832
OG0015307	As005G100310	evm.model.RL_6.2813
OG0015308	As005G100370	evm.model.RL_6.2808
OG0015309	As005G100490	evm.model.RL_6.2797
OG0015310	As005G100660	evm.model.RL_6.2792
OG0015311	As005G100760	evm.model.RL_6.2778
OG0015312	As005G101050	evm.model.RL_6.2749
OG0015313	As005G101200	evm.model.RL_6.2734
OG0015314	As005G101470	evm.model.RL_6.2698
OG0015315	As005G101480	evm.model.RL_6.2697
OG0015316	As005G101500	evm.model.RL_6.2694
OG0015317	As005G101760	evm.model.RL_6.2668
OG0015318	As005G101890	evm.model.RL_6.2657
OG0015319	As005G101920	evm.model.RL_6.2655
OG0015320	As005G101950	evm.model.RL_6.2652
OG0015321	As005G101980	evm.model.RL_6.2649
OG0015322	As005G102090	evm.model.RL_6.2638
OG0015323	As005G102110	evm.model.RL_6.2635
OG0015324	As005G102240	evm.model.RL_6.2626
OG0015325	As005G102290	evm.model.RL_6.2621
OG0015326	As005G102460	evm.model.RL_6.2599
OG0015327	As005G102870	evm.model.RL_6.2560
OG0015328	As005G103100	evm.model.RL_6.2535
OG0015329	As005G103210	evm.model.RL_6.2524
OG0015330	As005G103600	evm.model.RL_6.2491
OG0015331	As005G103760	evm.model.RL_6.2477
OG0015332	As005G103880	evm.model.RL_6.2469
OG0015333	As005G103910	evm.model.RL_6.2466
OG0015334	As005G104080	evm.model.RL_6.2448
OG0015335	As005G104240	evm.model.RL_6.2433
OG0015336	As005G104390	evm.model.RL_6.2421
OG0015337	As005G104440	evm.model.RL_6.2416
OG0015338	As005G104490	evm.model.RL_6.2411
OG0015339	As005G104620	evm.model.RL_6.2402
OG0015340	As005G104630	evm.model.RL_6.2401
OG0015341	As005G104690	evm.model.RL_6.2391
OG0015342	As005G104760	evm.model.RL_6.2385
OG0015343	As005G104910	evm.model.RL_6.2366
OG0015344	As005G105030	evm.model.RL_6.2322
OG0015345	As005G105230	evm.model.RL_6.2346
OG0015346	As005G106030	evm.model.RL_6.2282
OG0015347	As005G106520	evm.model.RL_4.3389.4.687c86de
OG0015348	As005G106530	evm.model.RL_4.3388
OG0015349	As005G106850	evm.model.RL_4.3357
OG0015350	As005G106890	evm.model.RL_4.3353
OG0015351	As005G106990	evm.model.RL_4.3339
OG0015352	As005G107080	evm.model.RL_4.3335
OG0015353	As005G107130	evm.model.RL_4.3332
OG0015354	As005G107270	evm.model.RL_4.3317.4.687c86de
OG0015355	As005G107350	evm.model.RL_4.3311
OG0015356	As005G107690	evm.model.RL_4.3276
OG0015357	As005G107750	evm.model.RL_4.3267
OG0015358	As005G107990	evm.model.RL_4.3234
OG0015359	As005G108010	evm.model.RL_4.3232
OG0015360	As005G108030	evm.model.RL_4.3230
OG0015361	As005G108160	evm.model.RL_4.3209
OG0015362	As005G108250	evm.model.RL_8.1389.1.687c855b
OG0015363	As005G108300	evm.model.RL_4.3191
OG0015364	As005G108340	evm.model.RL_4.3187
OG0015365	As005G108560	evm.model.RL_4.3165
OG0015366	As005G108570	evm.model.RL_4.2596
OG0015367	As005G108650	evm.model.RL_4.3161
OG0015368	As005G108780	evm.model.RL_4.3146
OG0015369	As005G108830	evm.model.RL_4.3141
OG0015370	As005G108900	evm.model.RL_4.3135
OG0015371	As005G109080	evm.model.RL_4.3121
OG0015372	As005G109400	evm.model.RL_4.3103
OG0015373	As005G109420	evm.model.RL_4.3102
OG0015374	As005G109950	evm.model.RL_4.1714
OG0015375	As005G110890	evm.model.RL_4.1623
OG0015376	As005G111250	evm.model.RL_4.1634
OG0015377	As005G112330	evm.model.RL_4.1571
OG0015378	As005G112380	evm.model.RL_4.1565
OG0015379	As005G112440	evm.model.RL_2.2285
OG0015380	As005G112530	evm.model.RL_4.1556
OG0015381	As005G112560	evm.model.RL_4.1552
OG0015382	As005G112890	evm.model.RL_4.1535
OG0015383	As005G113120	evm.model.RL_4.1518.1.687c86d4
OG0015384	As005G113190	evm.model.RL_4.1511
OG0015385	As005G113260	evm.model.RL_4.1485.3.687c86d4
OG0015386	As005G113350	evm.model.RL_4.1473
OG0015387	As005G113430	evm.model.RL_4.1467
OG0015388	As005G113650	evm.model.RL_4.1453
OG0015389	As005G113980	evm.model.RL_8.2142
OG0015390	As005G114130	evm.model.RL_8.2127.3.687c855f
OG0015391	As005G114170	evm.model.RL_8.2124.1.687c855f
OG0015393	As005G114530	evm.model.RL_3.1107
OG0015394	As005G114570	evm.model.RL_8.2079
OG0015395	As005G114780	evm.model.RL_8.2061
OG0015396	As005G114880	evm.model.RL_8.2054
OG0015397	As005G115170	evm.model.RL_8.2022
OG0015398	As005G115420	evm.model.RL_8.1984_evm.model.RL_8.1986.1.687c97c3
OG0015399	As005G115630	evm.model.RL_8.2027
OG0015400	As005G115730	evm.model.RL_8.2006
OG0015401	As005G116010	evm.model.RL_8.2389
OG0015402	As005G116180	evm.model.RL_8.2399
OG0015403	As005G116220	evm.model.RL_8.2402
OG0015404	As005G116270	evm.model.RL_8.2405
OG0015405	As005G116280	evm.model.RL_8.2406
OG0015406	As005G116300	evm.model.RL_8.2408.2.687c8561
OG0015407	As005G116310	evm.model.RL_8.2410
OG0015408	As005G116330	evm.model.RL_8.2411
OG0015409	As005G116590	evm.model.RL_8.2431
OG0015410	As005G116860	evm.model.RL_8.2470, evm.model.RL_8.2462
OG0015411	As005G116890	evm.model.RL_8.2474
OG0015412	As005G116980	evm.model.RL_6.1947
OG0015413	As005G117210	evm.model.RL_8.2501
OG0015414	As005G117320	evm.model.RL_8.2513
OG0015415	As005G117340	evm.model.RL_8.2515
OG0015416	As005G117360	evm.model.RL_8.2518
OG0015417	As005G117420	evm.model.RL_8.2525
OG0015418	As005G117470	evm.model.RL_8.2528.1.687c8561
OG0015419	As005G117510	evm.model.RL_8.2534
OG0015420	As005G117590	evm.model.RL_8.2542
OG0015421	As005G117660	evm.model.RL_8.2549
OG0015422	As005G117860	evm.model.RL_8.2568
OG0015423	As005G117910	evm.model.RL_8.2573
OG0015424	As005G118260	evm.model.RL_8.2600
OG0015425	As005G118390	evm.model.RL_8.2616
OG0015426	As005G118480	evm.model.RL_8.2627
OG0015427	As005G118610	evm.model.RL_8.2639
OG0015428	As005G118660	evm.model.RL_8.2648
OG0015429	As005G118750	evm.model.RL_8.2660
OG0015430	As005G118940	evm.model.RL_8.2681
OG0015431	As005G118960	evm.model.RL_8.2683
OG0015432	As005G119010	evm.model.RL_8.2690
OG0015433	As005G119090	evm.model.RL_8.2698
OG0015434	As005G119130	evm.model.RL_8.2703
OG0015435	As005G119190	evm.model.RL_8.2708
OG0015436	As005G119300	evm.model.RL_8.2720
OG0015437	As005G119310	evm.model.RL_8.2721
OG0015438	As005G119350	evm.model.RL_8.2725
OG0015439	As005G119620	evm.model.RL_8.2746
OG0015440	As005G119740	evm.model.RL_6.457
OG0015441	As005G119770	evm.model.RL_8.2770
OG0015442	As005G119810	evm.model.RL_8.2773
OG0015443	As005G120010	evm.model.RL_8.2792
OG0015444	As005G120220	evm.model.RL_8.2803
OG0015445	As005G120260	evm.model.RL_8.2805
OG0015446	As005G120380	evm.model.RL_5.2416
OG0015447	As005G120530	evm.model.RL_8.2822
OG0015448	As005G120580	evm.model.RL_8.2828
OG0015449	As005G120620	evm.model.RL_8.2833
OG0015450	As005G120670	evm.model.RL_8.2844.1.687c8563
OG0015451	As005G120800	evm.model.RL_8.2857
OG0015452	As005G120900	evm.model.RL_7.2655
OG0015453	As006G121080	evm.model.RL_8.17
OG0015454	As006G121230	evm.model.RL_8.93
OG0015455	As006G121470	evm.model.RL_8.65
OG0015456	As006G121620	evm.model.RL_8.50
OG0015457	As006G121890	evm.model.RL_8.108
OG0015458	As006G121900	evm.model.RL_8.109
OG0015459	As006G122010	evm.model.RL_8.124
OG0015460	As006G122070	evm.model.RL_8.129
OG0015461	As006G122140	evm.model.RL_8.141
OG0015462	As006G122600	evm.model.RL_8.202
OG0015463	As006G122740	evm.model.RL_8.190
OG0015464	As006G122820	evm.model.RL_8.170
OG0015465	As006G122890	evm.model.RL_8.160
OG0015466	As006G123280	evm.model.RL_8.272
OG0015467	As006G123420	evm.model.RL_8.283
OG0015468	As006G123440	evm.model.RL_8.285
OG0015469	As006G123450	evm.model.RL_8.286
OG0015470	As006G123710	evm.model.RL_8.2583
OG0015471	As006G123730	evm.model.RL_8.319
OG0015472	As006G124310	evm.model.RL_4.441
OG0015473	As006G124360	evm.model.RL_4.447.1.687c86ce
OG0015474	As006G124380	evm.model.RL_4.449
OG0015475	As006G124390	evm.model.RL_4.450
OG0015476	As006G124540	evm.model.RL_4.467
OG0015477	As006G124630	evm.model.RL_4.478
OG0015478	As006G124660	evm.model.RL_4.482
OG0015479	As006G124780	evm.model.RL_4.492
OG0015480	As006G124800	evm.model.RL_4.496
OG0015481	As006G124820	evm.model.RL_4.498
OG0015482	As006G125070	evm.model.RL_4.535
OG0015483	As006G125700	evm.model.RL_6.1316
OG0015484	As006G126020	evm.model.RL_6.1381
OG0015485	As006G126180	evm.model.RL_6.1351
OG0015486	As006G126400	evm.model.RL_6.1305
OG0015487	As006G126440	evm.model.RL_6.1300
OG0015488	As006G126450	evm.model.RL_6.1299, evm.model.RL_1.2402
OG0015489	As006G126810	evm.model.RL_6.1288
OG0015490	As006G127190	evm.model.RL_6.1243
OG0015491	As006G127340	evm.model.RL_6.1230
OG0015492	As006G127360	evm.model.RL_6.1229
OG0015493	As006G127780	evm.model.RL_6.1176
OG0015494	As006G128200	evm.model.RL_6.1125
OG0015495	As006G128320	evm.model.RL_6.1113
OG0015496	As006G128570	evm.model.RL_6.1088
OG0015497	As006G129100	evm.model.RL_6.1012
OG0015498	As006G129410	evm.model.RL_6.986
OG0015499	As006G129570	evm.model.RL_6.972
OG0015500	As006G129620	evm.model.RL_6.966
OG0015501	As006G129690	evm.model.RL_6.962
OG0015502	As006G129930	evm.model.RL_6.934
OG0015503	As006G129990	evm.model.RL_6.919
OG0015504	As006G130040	evm.model.RL_6.913
OG0015505	As006G130060	evm.model.RL_6.911
OG0015506	As006G130100	evm.model.RL_6.907
OG0015507	As006G130130	evm.model.RL_6.903
OG0015508	As006G130260	evm.model.RL_6.883
OG0015509	As006G130580	evm.model.RL_6.770
OG0015510	As006G130600	evm.model.RL_6.772
OG0015511	As006G130670	evm.model.RL_6.785
OG0015512	As006G130730	evm.model.RL_6.799
OG0015513	As006G130780	evm.model.RL_6.806
OG0015514	As006G130870	evm.model.RL_6.824
OG0015515	As006G131000	evm.model.RL_6.747
OG0015516	As006G131010	evm.model.RL_6.744
OG0015517	As006G131200	evm.model.RL_6.733
OG0015518	As006G131230	evm.model.RL_6.729
OG0015519	As006G131240	evm.model.RL_6.741
OG0015520	As006G131310	evm.model.RL_6.720
OG0015521	As006G131350	evm.model.RL_1.2925
OG0015522	As006G131440	evm.model.RL_5.619.2.687c88ae
OG0015523	As006G131470	evm.model.RL_8.19
OG0015524	As006G131500	evm.model.RL_6.583
OG0015525	As006G131590	evm.model.RL_6.565
OG0015526	As006G131690	evm.model.RL_6.550
OG0015527	As006G131700	evm.model.RL_6.547
OG0015528	As006G131730	evm.model.RL_6.544
OG0015529	As006G131810	evm.model.RL_6.537
OG0015530	As006G131840	evm.model.RL_6.534
OG0015531	As006G131890	evm.model.RL_6.530
OG0015532	As006G132010	evm.model.RL_6.510
OG0015533	As006G132120	evm.model.RL_6.498
OG0015534	As006G132340	evm.model.RL_2.2254
OG0015535	As006G132880	evm.model.RL_1.68.2.687c87e9
OG0015536	As006G133040	evm.model.RL_1.58
OG0015537	As006G133280	evm.model.RL_1.34
OG0015538	As006G133320	evm.model.RL_1.30
OG0015539	As006G133350	evm.model.RL_5.3084.2.687c88bf
OG0015540	As006G133410	evm.model.RL_1.23
OG0015541	As006G133460	evm.model.RL_1.19
OG0015542	As006G133530	evm.model.RL_1.16
OG0015543	As006G133550	evm.model.RL_1.15
OG0015544	As006G133590	evm.model.RL_1.12
OG0015545	As006G133670	evm.model.RL_1.3
OG0015546	As006G133760	evm.model.RL_1.764
OG0015547	As006G133790	evm.model.RL_4.3433
OG0015548	As006G133820	evm.model.RL_4.3430
OG0015549	As006G133840	evm.model.RL_4.3429
OG0015550	As006G133860	evm.model.RL_6.1122
OG0015551	As006G133870	evm.model.RL_4.3427
OG0015552	As006G133950	evm.model.RL_4.3421
OG0015553	As006G133980	evm.model.RL_4.3418
OG0015554	As006G134000	evm.model.RL_4.3417
OG0015555	As006G134270	evm.model.RL_2.2172.3.687c86e5
OG0015556	As006G134520	evm.model.RL_2.2198
OG0015557	As006G134820	evm.model.RL_1.102
OG0015558	As006G134860	evm.model.RL_1.107
OG0015559	As006G135090	evm.model.RL_1.124
OG0015560	As006G135100	evm.model.RL_1.125
OG0015562	As006G135180	evm.model.RL_1.130
OG0015563	As006G135290	evm.model.RL_1.140.1.687c87e9
OG0015564	As006G135300	evm.model.RL_1.141
OG0015565	As006G135430	evm.model.RL_1.160
OG0015566	As006G135650	evm.model.RL_1.181
OG0015567	As006G135690	evm.model.RL_1.185
OG0015568	As006G135710	evm.model.RL_1.187
OG0015569	As006G135820	evm.model.RL_1.203
OG0015570	As006G135940	evm.model.RL_1.216
OG0015571	As006G136030	evm.model.RL_1.224
OG0015572	As006G136040	evm.model.RL_1.225
OG0015573	As006G136300	evm.model.RL_1.246
OG0015574	As006G136580	evm.model.RL_1.271
OG0015575	As006G136740	evm.model.RL_1.289
OG0015576	As006G136850	evm.model.RL_1.296
OG0015577	As006G137160	evm.model.RL_1.307
OG0015578	As006G137400	evm.model.RL_1.334
OG0015579	As006G137470	evm.model.RL_1.344
OG0015580	As006G137510	evm.model.RL_1.352
OG0015581	As006G137950	evm.model.RL_1.391
OG0015582	As006G138030	evm.model.RL_1.399
OG0015583	As006G138410	evm.model.RL_1.436
OG0015584	As006G138660	evm.model.RL_1.449.1.687c87ea
OG0015585	As006G138790	evm.model.RL_1.473.1.687c87ea
OG0015586	As006G138880	evm.model.RL_1.463
OG0015587	As006G138990	evm.model.RL_1.489
OG0015588	As006G139000	evm.model.RL_1.490
OG0015589	As006G139100	evm.model.RL_1.503
OG0015590	As006G139140	evm.model.RL_1.507
OG0015591	As012G286110	evm.model.RL_7.346
OG0015592	As006G139950	evm.model.RL_1.572
OG0015593	As006G140040	evm.model.RL_1.578
OG0015594	As006G140470	evm.model.RL_1.626
OG0015595	As006G140600	evm.model.RL_1.639
OG0015596	As012G267700, As006G140670	evm.model.RL_1.1167
OG0015597	As006G140700	evm.model.RL_1.644.2.687c87eb
OG0015598	As006G140750	evm.model.RL_1.647
OG0015599	As006G140820	evm.model.RL_1.654
OG0015600	As006G140840	evm.model.RL_1.632, evm.model.RL_1.656
OG0015601	As006G141040	evm.model.RL_1.674
OG0015602	As006G141070	evm.model.RL_1.677
OG0015603	As006G141190	evm.model.RL_1.691
OG0015604	As006G141240	evm.model.RL_1.700
OG0015605	As006G141380	evm.model.RL_1.711
OG0015606	As006G141410	evm.model.RL_1.715
OG0015607	As006G141440	evm.model.RL_1.718
OG0015608	As006G141520	evm.model.RL_1.730
OG0015609	As006G141610	evm.model.RL_1.738
OG0015610	As006G141620	evm.model.RL_1.740
OG0015611	As006G141770	evm.model.RL_1.754
OG0015612	As006G142250	evm.model.RL_1.804
OG0015613	As006G142270	evm.model.RL_1.806
OG0015614	As006G142640	evm.model.RL_6.2149
OG0015615	As006G142660	evm.model.RL_6.2146
OG0015616	As006G142870	evm.model.RL_6.2125
OG0015617	As006G143020	evm.model.RL_6.2108
OG0015618	As006G143080	evm.model.RL_6.2104
OG0015619	As006G143380	evm.model.RL_6.2075
OG0015620	As006G143400	evm.model.RL_6.2073
OG0015621	As006G143660	evm.model.RL_6.2032
OG0015622	As006G143910	evm.model.RL_6.2055
OG0015623	As006G143990	evm.model.RL_6.2024
OG0015624	As006G144080, As007G166830	evm.model.RL_6.2018
OG0015626	As006G144470	evm.model.RL_6.1680
OG0015627	As006G144860	evm.model.RL_6.1724
OG0015628	As006G144940	evm.model.RL_8.989
OG0015629	As006G144980	evm.model.RL_6.1733
OG0015630	As006G145160	evm.model.RL_6.1754
OG0015631	As006G145360	evm.model.RL_6.1771
OG0015632	As006G145550	evm.model.RL_6.1794, evm.model.RL_6.1791
OG0015633	As006G145580	evm.model.RL_6.1797
OG0015634	As006G145670	evm.model.RL_6.1873
OG0015635	As006G145680	evm.model.RL_6.1874
OG0015637	As006G145830	evm.model.RL_6.1864
OG0015638	As006G145880	evm.model.RL_6.1860
OG0015639	As006G145890	evm.model.RL_6.1859
OG0015640	As006G146020	evm.model.RL_6.1848
OG0015641	As006G146320, As006G146310	evm.model.RL_6.1831
OG0015642	As006G146660	evm.model.RL_6.1818
OG0015643	As006G146680	evm.model.RL_6.1816
OG0015644	As006G147180	evm.model.RL_6.1973
OG0015645	As006G147330	evm.model.RL_6.1966
OG0015646	As006G147340	evm.model.RL_6.1963
OG0015647	As006G147490	evm.model.RL_6.1922
OG0015648	As006G147510	evm.model.RL_6.1919
OG0015649	As006G147890	evm.model.RL_6.1911
OG0015650	As006G148120	evm.model.RL_6.644, evm.model.RL_6.653
OG0015651	As006G148780	evm.model.RL_6.1668
OG0015652	As007G152230	evm.model.RL_5.1420
OG0015653	As007G152250	evm.model.RL_5.1423.2.687c88b4
OG0015654	As007G152570	evm.model.RL_5.1459
OG0015655	As007G152780, As012G282080	evm.model.RL_5.1474
OG0015656	As007G152920	evm.model.RL_5.1490
OG0015657	As007G153100	evm.model.RL_5.1507
OG0015658	As007G153410	evm.model.RL_5.1538
OG0015659	As007G153490	evm.model.RL_5.1551
OG0015660	As007G153690	evm.model.RL_5.1568
OG0015661	As007G153830	evm.model.RL_5.1587
OG0015662	As007G153840	evm.model.RL_5.1586.1.687c88b5
OG0015663	As007G153860	evm.model.RL_5.1584
OG0015665	As007G153930	evm.model.RL_5.1577
OG0015666	As007G154000	evm.model.RL_5.1595
OG0015667	As007G154170	evm.model.RL_5.1607
OG0015668	As007G154530	evm.model.RL_5.1650
OG0015669	As007G154610	evm.model.RL_5.1643
OG0015670	As007G154630	evm.model.RL_5.1641
OG0015671	As007G154710	evm.model.RL_5.1631
OG0015672	As007G154720	evm.model.RL_3.1780
OG0015673	As007G155130	evm.model.RL_5.1704
OG0015674	As007G155240	evm.model.RL_5.1719
OG0015675	As007G155280	evm.model.RL_5.1722
OG0015676	As007G155380	evm.model.RL_5.1730
OG0015677	As007G155470	evm.model.RL_5.1743
OG0015678	As007G155510	evm.model.RL_5.1747
OG0015679	As007G155670	evm.model.RL_5.1766
OG0015680	As007G155710	evm.model.RL_5.1769
OG0015681	As007G155740	evm.model.RL_5.1772
OG0015682	As007G155770	evm.model.RL_5.1774
OG0015683	As007G156290	evm.model.RL_5.1842
OG0015684	As007G156650	evm.model.RL_5.3684
OG0015685	As007G156680	evm.model.RL_5.3681
OG0015686	As007G156750	evm.model.RL_5.3674
OG0015687	As007G156910	evm.model.RL_5.3658
OG0015688	As007G157080	evm.model.RL_5.3637
OG0015689	As007G157560	evm.model.RL_5.3598
OG0015690	As007G157630	evm.model.RL_5.3592
OG0015691	As007G157640	evm.model.RL_5.3591
OG0015692	As007G157750	evm.model.RL_5.3581
OG0015693	As007G157800	evm.model.RL_5.3576
OG0015694	As007G157820	evm.model.RL_5.3575
OG0015695	As007G157860, As007G157970, As007G157870	evm.model.RL_5.395
OG0015696	As007G158140	evm.model.RL_5.3549
OG0015697	As007G158190	evm.model.RL_5.3544
OG0015698	As007G158520	evm.model.RL_5.3517
OG0015699	As007G158620	evm.model.RL_5.3504
OG0015700	As007G158710	evm.model.RL_5.3496
OG0015701	As007G158910	evm.model.RL_5.3486
OG0015702	As007G159100	evm.model.RL_5.3471
OG0015703	As007G159110	evm.model.RL_5.3470
OG0015704	As007G159170	evm.model.RL_5.3464
OG0015705	As007G159230	evm.model.RL_5.3453
OG0015706	As007G159320	evm.model.RL_5.3447
OG0015707	As007G159540	evm.model.RL_5.3427
OG0015708	As007G159780	evm.model.RL_5.3393
OG0015709	As007G159870	evm.model.RL_5.3384
OG0015710	As007G159950	evm.model.RL_5.3375
OG0015711	As007G160240	evm.model.RL_5.554
OG0015712	As007G160550	evm.model.RL_5.3311
OG0015713	As007G160620	evm.model.RL_5.3299
OG0015714	As007G160780	evm.model.RL_5.3280.1.687c88c1
OG0015715	As007G160910	evm.model.RL_3.1293
OG0015716	As007G160970	evm.model.RL_5.3263
OG0015717	As007G161110	evm.model.RL_3.1265
OG0015718	As007G161130	evm.model.RL_5.3249
OG0015719	As007G161230	evm.model.RL_5.3238
OG0015720	As007G161330	evm.model.RL_5.3228
OG0015721	As007G161680	evm.model.RL_5.3201.1.687c88c0
OG0015722	As007G161870	evm.model.RL_5.3179
OG0015723	As007G161920	evm.model.RL_5.3176
OG0015724	As007G162300	evm.model.RL_5.1835
OG0015725	As007G162310	evm.model.RL_5.2306
OG0015726	As007G162360	evm.model.RL_5.2309
OG0015727	As007G162640	evm.model.RL_5.3143
OG0015728	As007G162690	evm.model.RL_2.1937
OG0015729	As007G162750	evm.model.RL_2.1943
OG0015730	As007G162830	evm.model.RL_2.1951
OG0015731	As007G162960	evm.model.RL_2.1959
OG0015732	As007G163010	evm.model.RL_2.1966
OG0015733	As007G163090	evm.model.RL_2.1976
OG0015734	As007G163190	evm.model.RL_6.462
OG0015735	As007G163330	evm.model.RL_2.1985
OG0015736	As007G163490	evm.model.RL_2.1989
OG0015737	As007G163560	evm.model.RL_2.1994
OG0015738	As007G163570	evm.model.RL_2.1995
OG0015739	As007G163740	evm.model.RL_2.2006.2.687c86e4
OG0015740	As007G164320	evm.model.RL_2.2018
OG0015741	As007G164380	evm.model.RL_2.2023
OG0015742	As007G164660	evm.model.RL_2.2041
OG0015743	As007G164780	evm.model.RL_2.2050
OG0015744	As007G165360	evm.model.RL_2.2067
OG0015745	As007G165640	evm.model.RL_2.2060
OG0015746	As007G165700	evm.model.RL_2.2058
OG0015747	As007G165750	evm.model.RL_8.1288
OG0015748	As007G165970	evm.model.RL_5.704
OG0015749	As007G166010	evm.model.RL_2.2296
OG0015750	As007G166990	evm.model.RL_2.2288
OG0015751	As009G207500, As007G167110	evm.model.RL_6.426
OG0015752	As007G177490	evm.model.RL_6.381
OG0015753	As007G177560	evm.model.RL_6.390
OG0015754	As007G177840	evm.model.RL_6.354
OG0015755	As007G179090	evm.model.RL_6.270
OG0015756	As007G179260	evm.model.RL_6.252
OG0015757	As007G179480	evm.model.RL_6.239
OG0015758	As007G179550	evm.model.RL_6.233
OG0015759	As007G179600	evm.model.RL_6.228
OG0015760	As007G179710	evm.model.RL_2.2297
OG0015761	As007G179750	evm.model.RL_6.211
OG0015762	As007G179890	evm.model.RL_6.193
OG0015763	As007G180140	evm.model.RL_6.158
OG0015764	As007G180180	evm.model.RL_7.941
OG0015765	As007G180270	evm.model.RL_6.144
OG0015766	As007G180540	evm.model.RL_6.112
OG0015767	As007G180600	evm.model.RL_6.100
OG0015768	As007G180610	evm.model.RL_6.99
OG0015769	As007G180730	evm.model.RL_6.77
OG0015770	As007G180790	evm.model.RL_6.72
OG0015771	As007G180900	evm.model.RL_6.60
OG0015772	As007G181930	evm.model.RL_6.23
OG0015773	As007G182020	evm.model.RL_6.13
OG0015774	As007G182100	evm.model.RL_6.11
OG0015775	As007G182210	evm.model.RL_6.458
OG0015776	As008G182870	evm.model.RL_5.1300
OG0015777	As008G183020	evm.model.RL_5.1282
OG0015778	As008G183100	evm.model.RL_5.1272
OG0015779	As008G183110	evm.model.RL_5.1271.2.687c88b3
OG0015780	As008G183130	evm.model.RL_5.1269
OG0015781	As008G183190	evm.model.RL_5.1262
OG0015782	As008G183380	evm.model.RL_5.1246
OG0015783	As008G183420	evm.model.RL_5.1242.1.687c88b3
OG0015784	As008G183540	evm.model.RL_5.1228
OG0015785	As008G183670	evm.model.RL_5.1233
OG0015786	As008G183710	evm.model.RL_5.1212
OG0015787	As008G183870	evm.model.RL_5.1199
OG0015788	As008G183920	evm.model.RL_5.1176
OG0015790	As008G184170	evm.model.RL_5.1171
OG0015791	As008G184360	evm.model.RL_5.1154
OG0015792	As008G184620	evm.model.RL_5.1125
OG0015793	As008G184670	evm.model.RL_5.1119
OG0015794	As008G184740	evm.model.RL_5.1112
OG0015795	As008G184780	evm.model.RL_5.1106
OG0015796	As008G184870	evm.model.RL_5.1101
OG0015797	As008G185070	evm.model.RL_5.1089
OG0015798	As008G185080	evm.model.RL_5.1093
OG0015799	As008G185280	evm.model.RL_5.1075
OG0015800	As008G185610	evm.model.RL_5.1044
OG0015801	As008G185760	evm.model.RL_5.1032
OG0015802	As008G185930	evm.model.RL_5.1018
OG0015803	As008G185940	evm.model.RL_3.311
OG0015804	As008G186070	evm.model.RL_5.1001
OG0015805	As008G186280	evm.model.RL_5.982
OG0015806	As008G186670	evm.model.RL_5.954
OG0015807	As008G186730	evm.model.RL_5.948
OG0015808	As008G186750	evm.model.RL_5.945
OG0015809	As008G186860	evm.model.RL_5.935
OG0015810	As008G187050	evm.model.RL_5.920
OG0015811	As008G187080	evm.model.RL_5.917
OG0015812	As008G187210	evm.model.RL_5.901
OG0015813	As008G187360	evm.model.RL_5.886
OG0015814	As008G187500	evm.model.RL_5.841
OG0015815	As008G187520	evm.model.RL_5.843
OG0015816	As008G187570	evm.model.RL_5.847
OG0015817	As008G187620	evm.model.RL_5.852
OG0015818	As008G187790	evm.model.RL_5.867
OG0015819	As008G188100	evm.model.RL_5.826
OG0015820	As008G188330	evm.model.RL_5.805
OG0015821	As008G188340	evm.model.RL_5.804
OG0015822	As008G188490	evm.model.RL_5.791
OG0015823	As008G188620	evm.model.RL_5.787
OG0015824	As008G188700	evm.model.RL_5.785
OG0015825	As008G188800	evm.model.RL_5.774
OG0015826	As008G189010	evm.model.RL_5.763
OG0015827	As008G189510	evm.model.RL_5.737
OG0015828	As008G189900	evm.model.RL_5.720
OG0015829	As008G189950	evm.model.RL_5.730
OG0015830	As008G190890	evm.model.RL_5.661
OG0015831	As008G191890	evm.model.RL_5.621
OG0015832	As008G192030	evm.model.RL_5.624
OG0015833	As008G192290	evm.model.RL_7.2037
OG0015834	As008G192560	evm.model.RL_5.606
OG0015835	As008G192900	evm.model.RL_5.583
OG0015836	As008G193090	evm.model.RL_5.556
OG0015837	As008G193170	evm.model.RL_5.549
OG0015838	As008G193190	evm.model.RL_5.546
OG0015839	As008G193290	evm.model.RL_5.512
OG0015840	As008G193310	evm.model.RL_5.536.3.687c88ad
OG0015841	As008G193320	evm.model.RL_5.534
OG0015842	As008G193420	evm.model.RL_5.523
OG0015843	As008G193480	evm.model.RL_5.521
OG0015844	As008G193580	evm.model.RL_5.509
OG0015845	As008G193590	evm.model.RL_5.508
OG0015846	As008G193610	evm.model.RL_5.506
OG0015847	As008G193670	evm.model.RL_5.501
OG0015848	As008G194250	evm.model.RL_5.456
OG0015849	As008G194350	evm.model.RL_5.443
OG0015850	As008G194360	evm.model.RL_4.804
OG0015851	As008G194370	evm.model.RL_5.442
OG0015852	As008G194390	evm.model.RL_5.440
OG0015853	As008G194860	evm.model.RL_5.406
OG0015854	As008G194910	evm.model.RL_5.402
OG0015855	As008G195260	evm.model.RL_5.370
OG0015856	As008G195290	evm.model.RL_5.368
OG0015857	As008G195430	evm.model.RL_5.363
OG0015858	As008G195480	evm.model.RL_5.354
OG0015859	As008G195540	evm.model.RL_5.351
OG0015860	As008G195550	evm.model.RL_5.350
OG0015861	As008G195640	evm.model.RL_5.340
OG0015862	As008G196010	evm.model.RL_5.309
OG0015863	As008G196120	evm.model.RL_2.1117
OG0015864	As008G196580	evm.model.RL_5.258
OG0015865	As008G196620	evm.model.RL_5.255
OG0015866	As008G196630	evm.model.RL_5.254
OG0015867	As008G196800	evm.model.RL_5.214
OG0015868	As008G197000	evm.model.RL_5.238
OG0015869	As008G197110	evm.model.RL_5.204
OG0015870	As008G197120	evm.model.RL_5.203
OG0015871	As008G197130	evm.model.RL_5.202
OG0015872	As008G197250	evm.model.RL_5.185
OG0015873	As008G197400	evm.model.RL_5.170.2.687c88aa
OG0015874	As008G197670	evm.model.RL_5.137
OG0015875	As008G197810	evm.model.RL_5.125
OG0015876	As008G197860	evm.model.RL_5.118
OG0015877	As008G197960	evm.model.RL_5.92
OG0015878	As008G198050	evm.model.RL_5.102
OG0015879	As008G198150	evm.model.RL_5.84
OG0015880	As008G198170	evm.model.RL_5.83
OG0015881	As008G198600	evm.model.RL_5.47
OG0015882	As008G198940	evm.model.RL_5.31
OG0015883	As008G199100	evm.model.RL_8.2880
OG0015884	As008G199150	evm.model.RL_8.2886
OG0015885	As008G199250	evm.model.RL_8.2894
OG0015886	As008G199260	evm.model.RL_8.2895
OG0015887	As008G199280	evm.model.RL_8.2896
OG0015888	As008G199320	evm.model.RL_8.2899.1.687c8563
OG0015889	As008G199360	evm.model.RL_8.2903
OG0015890	As008G199370	evm.model.RL_8.2904
OG0015891	As008G199440	evm.model.RL_8.2911
OG0015892	As008G199570	evm.model.RL_8.2919
OG0015893	As008G199660	evm.model.RL_8.2926
OG0015894	As009G199730	evm.model.RL_4.2237
OG0015895	As009G199900	evm.model.RL_4.2172
OG0015896	As009G200020	evm.model.RL_4.2183
OG0015897	As009G200180	evm.model.RL_4.2204
OG0015898	As009G200260	evm.model.RL_4.2212
OG0015899	As009G200320	evm.model.RL_4.2219
OG0015900	As009G200400	evm.model.RL_4.2163
OG0015901	As009G200500	evm.model.RL_4.2155
OG0015902	As009G200540	evm.model.RL_4.2152
OG0015903	As009G201040	evm.model.RL_4.2085
OG0015904	As009G201100	evm.model.RL_4.2091
OG0015905	As009G201220	evm.model.RL_4.2099
OG0015906	As009G201290	evm.model.RL_4.2104
OG0015907	As009G201430	evm.model.RL_4.2115.2.687c86d7
OG0015908	As009G201700	evm.model.RL_4.2048
OG0015909	As009G202160, As009G201880	evm.model.RL_4.2014
OG0015910	As009G201980	evm.model.RL_1.170
OG0015911	As009G202030	evm.model.RL_4.2026
OG0015912	As009G202470	evm.model.RL_4.1987
OG0015913	As009G202580	evm.model.RL_4.1977
OG0015914	As009G202770	evm.model.RL_4.1959
OG0015915	As009G202830	evm.model.RL_4.1953
OG0015916	As009G202870	evm.model.RL_4.1948
OG0015917	As009G203130	evm.model.RL_4.1922
OG0015918	As009G203320	evm.model.RL_4.1905
OG0015919	As009G203360	evm.model.RL_4.1907
OG0015920	As009G203410	evm.model.RL_4.1898
OG0015921	As009G203510	evm.model.RL_4.1886
OG0015922	As009G203590	evm.model.RL_4.1879
OG0015923	As009G203610	evm.model.RL_4.1877
OG0015924	As009G203920	evm.model.RL_4.1847
OG0015925	As009G203950	evm.model.RL_4.1844
OG0015926	As009G204100	evm.model.RL_4.1828
OG0015927	As009G204110	evm.model.RL_4.1827
OG0015928	As009G204200	evm.model.RL_4.1814
OG0015930	As009G204270	evm.model.RL_5.722
OG0015931	As009G204530	evm.model.RL_4.1785
OG0015932	As009G204590	evm.model.RL_4.1778
OG0015933	As009G204610	evm.model.RL_4.1777
OG0015934	As009G204660	evm.model.RL_4.1770
OG0015935	As009G205030	evm.model.RL_4.1737
OG0015936	As009G205210	evm.model.RL_4.1132
OG0015937	As009G205590	evm.model.RL_4.1102
OG0015939	As009G205680	evm.model.RL_4.1092
OG0015940	As009G206060	evm.model.RL_4.1058
OG0015941	As009G206200	evm.model.RL_4.1047
OG0015942	As009G206530	evm.model.RL_4.1033
OG0015943	As009G206540	evm.model.RL_4.1032
OG0015944	As009G206970	evm.model.RL_4.988
OG0015946	As009G207330	evm.model.RL_7.1505
OG0015947	As009G207340	evm.model.RL_4.937
OG0015948	As009G207550	evm.model.RL_2.2149
OG0015949	As009G207910	evm.model.RL_4.888
OG0015950	As009G208690	evm.model.RL_4.848
OG0015951	As009G208910	evm.model.RL_4.806
OG0015952	As009G209100	evm.model.RL_4.783
OG0015953	As009G209240	evm.model.RL_4.792
OG0015954	As009G210020	evm.model.RL_4.1955
OG0015955	As009G210720	evm.model.RL_4.2859
OG0015956	As009G210770	evm.model.RL_4.2858
OG0015957	As009G211440	evm.model.RL_4.2242
OG0015958	As009G211450	evm.model.RL_4.2243
OG0015959	As009G211510	evm.model.RL_4.2867
OG0015960	As009G211930	evm.model.RL_4.2890
OG0015961	As009G212040	evm.model.RL_4.757
OG0015963	As009G212070	evm.model.RL_4.761
OG0015964	As009G212300	evm.model.RL_4.2908
OG0015965	As009G212430	evm.model.RL_4.2917
OG0015966	As009G212600	evm.model.RL_4.2931
OG0015967	As009G212640	evm.model.RL_4.2936
OG0015968	As009G212750	evm.model.RL_4.2947
OG0015969	As009G212770	evm.model.RL_4.2949
OG0015970	As009G212790	evm.model.RL_4.2950.1.687c86dc
OG0015971	As009G212970	evm.model.RL_4.2963
OG0015972	As009G212990	evm.model.RL_4.2965
OG0015973	As009G213030	evm.model.RL_4.2971
OG0015974	As009G213060	evm.model.RL_4.2975
OG0015975	As009G213080	evm.model.RL_4.2977
OG0015976	As009G213340	evm.model.RL_4.3003
OG0015977	As009G213850	evm.model.RL_1.1449
OG0015978	As009G213870	evm.model.RL_4.3015
OG0015979	As009G213940	evm.model.RL_4.3023
OG0015980	As009G213990	evm.model.RL_4.3029
OG0015981	As009G214090	evm.model.RL_4.3049
OG0015982	As009G214280	evm.model.RL_5.1550
OG0015984	As009G214540	evm.model.RL_4.3079
OG0015985	As009G214630	evm.model.RL_4.3090
OG0015986	As009G214840	evm.model.RL_4.1148
OG0015987	As009G214850	evm.model.RL_4.1150
OG0015988	As009G214870	evm.model.RL_4.1152
OG0015989	As009G214940	evm.model.RL_4.1159
OG0015990	As009G215370	evm.model.RL_4.1207
OG0015992	As009G215700	evm.model.RL_4.1234
OG0015993	As009G215750	evm.model.RL_4.1239.3.687c86d2
OG0015994	As009G215780	evm.model.RL_4.1244
OG0015995	As009G215840	evm.model.RL_4.1252
OG0015996	As009G216100	evm.model.RL_4.1292
OG0015997	As009G216150	evm.model.RL_4.1289
OG0015998	As009G216270	evm.model.RL_4.1275
OG0015999	As009G216280	evm.model.RL_4.1274
OG0016000	As009G216480	evm.model.RL_4.1321
OG0016001	As009G216530	evm.model.RL_4.1326
OG0016002	As009G216780	evm.model.RL_4.1343
OG0016003	As009G216800	evm.model.RL_4.1346
OG0016004	As009G216870	evm.model.RL_4.1354
OG0016005	As009G216950	evm.model.RL_1.2456
OG0016006	As009G217060	evm.model.RL_4.1374
OG0016007	As009G217100	evm.model.RL_4.1382
OG0016008	As009G217370	evm.model.RL_4.1411
OG0016010	As009G217630	evm.model.RL_8.2163
OG0016011	As009G217650	evm.model.RL_8.2165
OG0016012	As009G217660	evm.model.RL_7.2343
OG0016013	As009G217790	evm.model.RL_8.2184
OG0016014	As009G217970	evm.model.RL_8.2210
OG0016015	As009G217990	evm.model.RL_8.2212
OG0016016	As009G218190	evm.model.RL_8.2235
OG0016017	As009G218260	evm.model.RL_8.2244
OG0016018	As009G218550	evm.model.RL_8.2275
OG0016019	As009G218590	evm.model.RL_8.2279
OG0016020	As009G218690	evm.model.RL_8.2294
OG0016021	As009G218790	evm.model.RL_8.2304
OG0016022	As009G218810	evm.model.RL_8.2305
OG0016023	As009G219030	evm.model.RL_8.2328
OG0016024	As009G219080	evm.model.RL_8.2335
OG0016025	As009G219170	evm.model.RL_8.2345
OG0016026	As009G219320	evm.model.RL_8.2363
OG0016027	As009G219400	evm.model.RL_8.2374
OG0016028	As009G219460	evm.model.RL_8.2385
OG0016029	As009G219590	evm.model.RL_8.1956
OG0016030	As009G219740	evm.model.RL_8.1936
OG0016031	As009G219820	evm.model.RL_8.1929.3.687c855e
OG0016032	As009G219830	evm.model.RL_8.1928
OG0016033	As009G219890	evm.model.RL_8.1922
OG0016034	As009G219930	evm.model.RL_8.1918
OG0016035	As009G220140	evm.model.RL_8.1898
OG0016036	As009G220160	evm.model.RL_8.1896
OG0016037	As010G220340	evm.model.RL_7.1252
OG0016038	As010G220380	evm.model.RL_7.1260
OG0016039	As010G220500	evm.model.RL_7.1280
OG0016040	As010G220750	evm.model.RL_7.1310
OG0016041	As010G221020	evm.model.RL_7.1343.1.687c84b9
OG0016042	As010G221060	evm.model.RL_7.1346
OG0016043	As010G221100	evm.model.RL_7.1349
OG0016044	As010G221210	evm.model.RL_7.1365
OG0016045	As010G221260	evm.model.RL_7.1380
OG0016046	As010G221320	evm.model.RL_7.1392
OG0016047	As010G221540	evm.model.RL_7.1424
OG0016048	As010G221630	evm.model.RL_7.1432
OG0016049	As010G221670	evm.model.RL_7.1438
OG0016050	As010G221780	evm.model.RL_4.1273
OG0016051	As010G221910	evm.model.RL_7.1460
OG0016052	As010G222190	evm.model.RL_7.1480
OG0016053	As010G222250	evm.model.RL_7.1487
OG0016054	As010G222270	evm.model.RL_7.1488
OG0016055	As010G222470	evm.model.RL_5.2919
OG0016056	As010G222730	evm.model.RL_7.1536
OG0016057	As010G222750	evm.model.RL_7.1539
OG0016058	As010G222790	evm.model.RL_7.1542
OG0016059	As010G222850	evm.model.RL_7.1548
OG0016060	As010G222890	evm.model.RL_7.1551
OG0016061	As010G222950	evm.model.RL_7.1557
OG0016062	As010G222960	evm.model.RL_8.2375
OG0016063	As010G223020	evm.model.RL_7.1562
OG0016064	As010G223060	evm.model.RL_7.1566
OG0016065	As010G223150	evm.model.RL_7.1580
OG0016066	As010G223270	evm.model.RL_7.1587
OG0016067	As010G223330	evm.model.RL_7.1595
OG0016068	As010G223380	evm.model.RL_7.1606
OG0016069	As010G223460	evm.model.RL_7.1615
OG0016070	As010G223500	evm.model.RL_7.1625
OG0016071	As010G223510	evm.model.RL_7.1626
OG0016072	As010G223600	evm.model.RL_7.1635
OG0016073	As010G223640	evm.model.RL_7.1639, evm.model.RL_3.188
OG0016074	As010G223650	evm.model.RL_7.1640
OG0016075	As010G223660	evm.model.RL_7.1641
OG0016076	As010G223690	evm.model.RL_7.1645
OG0016077	As010G224090	evm.model.RL_7.1673
OG0016078	As010G224180	evm.model.RL_7.1689
OG0016079	As010G224280	evm.model.RL_7.1695
OG0016080	As010G224480	evm.model.RL_7.1721, evm.model.RL_7.1714
OG0016081	As010G224980	evm.model.RL_7.1789
OG0016082	As010G225260	evm.model.RL_7.1813
OG0016083	As010G225320	evm.model.RL_7.1819
OG0016084	As010G226200	evm.model.RL_7.1911
OG0016085	As010G226850	evm.model.RL_7.1982
OG0016086	As010G226900	evm.model.RL_7.1967
OG0016087	As010G227020	evm.model.RL_7.1958
OG0016088	As010G227060	evm.model.RL_7.1956
OG0016089	As010G227080	evm.model.RL_7.2414
OG0016090	As010G227190	evm.model.RL_7.1954
OG0016091	As010G227480	evm.model.RL_5.117
OG0016092	As010G228590	evm.model.RL_3.1199
OG0016093	As010G229120	evm.model.RL_3.1125
OG0016094	As010G229300	evm.model.RL_3.1188
OG0016095	As010G229620	evm.model.RL_3.1203
OG0016096	As010G229760	evm.model.RL_3.1167
OG0016097	As010G231290	evm.model.RL_3.1250
OG0016098	As010G231330	evm.model.RL_3.1271
OG0016099	As010G231500	evm.model.RL_1.1152
OG0016100	As010G231570	evm.model.RL_3.1258
OG0016101	As010G231710	evm.model.RL_3.1276
OG0016102	As010G231820	evm.model.RL_3.1283
OG0016103	As010G231830	evm.model.RL_3.1284
OG0016104	As010G231870	evm.model.RL_3.1288
OG0016105	As010G232010	evm.model.RL_3.1289
OG0016106	As010G232200	evm.model.RL_3.1303
OG0016107	As010G232430	evm.model.RL_3.1318
OG0016108	As010G232440	evm.model.RL_3.1319.2.687c84bc
OG0016109	As010G232610	evm.model.RL_3.1338
OG0016110	As010G232620	evm.model.RL_3.1339
OG0016111	As010G232710	evm.model.RL_3.1349
OG0016112	As010G232890	evm.model.RL_3.1380
OG0016114	As010G233070	evm.model.RL_3.1400
OG0016115	As010G233150	evm.model.RL_3.1408
OG0016116	As010G233200	evm.model.RL_3.1416
OG0016117	As010G233370	evm.model.RL_4.1144, evm.model.RL_2.494
OG0016118	As010G233570	evm.model.RL_3.1455
OG0016119	As010G233590	evm.model.RL_3.545
OG0016120	As010G233740	evm.model.RL_3.1483
OG0016121	As010G233820	evm.model.RL_3.1495.1.687c84bc
OG0016122	As010G234020	evm.model.RL_3.1517
OG0016123	As010G234040	evm.model.RL_3.1519
OG0016124	As010G234150	evm.model.RL_3.1532
OG0016125	As010G234170	evm.model.RL_3.1535
OG0016126	As010G234220	evm.model.RL_3.1473, evm.model.RL_3.1541
OG0016127	As010G234290	evm.model.RL_3.1549
OG0016128	As010G234340	evm.model.RL_3.1555
OG0016130	As010G234470	evm.model.RL_3.1560
OG0016131	As010G234480	evm.model.RL_3.1561
OG0016132	As010G234510	evm.model.RL_3.1565
OG0016133	As010G234530	evm.model.RL_3.1567
OG0016134	As010G234570	evm.model.RL_3.1571
OG0016135	As010G234600	evm.model.RL_3.1573
OG0016136	As010G234920	evm.model.RL_3.1603
OG0016137	As010G235300	evm.model.RL_3.2210
OG0016138	As010G235440	evm.model.RL_3.2198
OG0016139	As010G235470	evm.model.RL_3.2196
OG0016140	As010G235540	evm.model.RL_3.2188
OG0016141	As010G235760	evm.model.RL_3.2168
OG0016142	As010G235800	evm.model.RL_3.2165
OG0016143	As010G236030	evm.model.RL_3.2149
OG0016144	As010G236100	evm.model.RL_3.2141
OG0016145	As010G236230	evm.model.RL_3.2127
OG0016146	As010G236550	evm.model.RL_3.2097
OG0016147	As010G236650	evm.model.RL_3.2087
OG0016148	As010G236730	evm.model.RL_3.2080
OG0016149	As010G236830	evm.model.RL_3.2072
OG0016150	As010G236910	evm.model.RL_3.2065
OG0016151	As010G236960	evm.model.RL_1.2503
OG0016152	As010G237000	evm.model.RL_3.2058
OG0016153	As010G237020	evm.model.RL_3.2056
OG0016154	As010G237090	evm.model.RL_3.2050
OG0016155	As010G237100	evm.model.RL_3.2049
OG0016156	As010G237270	evm.model.RL_3.2037
OG0016157	As010G237300	evm.model.RL_3.2035
OG0016158	As010G237350	evm.model.RL_3.2029
OG0016159	As010G237400	evm.model.RL_3.2023
OG0016160	As010G237640	evm.model.RL_3.1996
OG0016161	As010G237840	evm.model.RL_3.1978
OG0016162	As010G237870	evm.model.RL_3.1976
OG0016163	As010G237940	evm.model.RL_3.1972
OG0016164	As010G237960	evm.model.RL_5.2285
OG0016165	As010G238130	evm.model.RL_3.1961
OG0016166	As010G238150	evm.model.RL_3.1959
OG0016167	As010G238180	evm.model.RL_3.1954
OG0016168	As010G238290	evm.model.RL_3.1939
OG0016169	As010G238500	evm.model.RL_3.1921
OG0016170	As010G238550	evm.model.RL_3.1913
OG0016171	As010G238640	evm.model.RL_3.1905
OG0016173	As010G238760	evm.model.RL_3.1890
OG0016174	As010G238850	evm.model.RL_3.1881
OG0016175	As010G238890	evm.model.RL_3.1877
OG0016176	As010G238900	evm.model.RL_3.1876
OG0016177	As010G238960	evm.model.RL_3.1871
OG0016178	As010G238990	evm.model.RL_3.1867
OG0016179	As010G239200	evm.model.RL_3.1847.3.687c84bd
OG0016180	As010G239210	evm.model.RL_3.1846
OG0016181	As010G239240	evm.model.RL_3.1841
OG0016182	As010G239460	evm.model.RL_3.1819
OG0016183	As010G239540	evm.model.RL_3.1808
OG0016184	As010G239770	evm.model.RL_3.1786
OG0016185	As010G239950	evm.model.RL_3.1772
OG0016186	As010G240230	evm.model.RL_3.1740
OG0016187	As010G240270	evm.model.RL_3.1737
OG0016188	As010G240310	evm.model.RL_3.1735
OG0016189	As010G240540	evm.model.RL_3.1720
OG0016190	As010G240570	evm.model.RL_3.1716
OG0016191	As010G240600	evm.model.RL_3.1713
OG0016192	As010G240620	evm.model.RL_3.1711
OG0016193	As010G240680, As010G240660	evm.model.RL_3.1708
OG0016194	As010G240820	evm.model.RL_3.1700
OG0016195	As010G241080	evm.model.RL_3.1660
OG0016197	As010G241260	evm.model.RL_3.1642
OG0016198	As010G241280	evm.model.RL_3.1641
OG0016199	As010G242130	evm.model.RL_3.2277
OG0016200	As010G242250	evm.model.RL_3.2294.1.687c84be
OG0016201	As010G242260	evm.model.RL_3.2295
OG0016202	As010G242290	evm.model.RL_3.2298
OG0016203	As010G242350	evm.model.RL_3.2302
OG0016205	As010G242970	evm.model.RL_3.2356
OG0016206	As010G243150	evm.model.RL_3.2375
OG0016207	As010G243250	evm.model.RL_3.2384
OG0016208	As010G244050	evm.model.RL_3.2457
OG0016209	As010G244060	evm.model.RL_3.2458.1.687c84be
OG0016210	As010G244170	evm.model.RL_3.2465
OG0016211	As010G244200	evm.model.RL_3.2467
OG0016212	As010G244240	evm.model.RL_3.2472
OG0016213	As010G244390	evm.model.RL_3.2491
OG0016214	As010G244500	evm.model.RL_3.2500.4.687c84be
OG0016215	As010G244550	evm.model.RL_3.1453
OG0016216	As010G244560	evm.model.RL_3.2505
OG0016217	As010G244570	evm.model.RL_3.2506
OG0016218	As011G244690	evm.model.RL_1.1179
OG0016219	As011G244780	evm.model.RL_1.1193
OG0016220	As011G244950	evm.model.RL_1.1215
OG0016221	As011G244990	evm.model.RL_1.1219
OG0016222	As011G245520	evm.model.RL_1.1264
OG0016223	As011G245620	evm.model.RL_1.1280
OG0016224	As011G245640	evm.model.RL_1.1284
OG0016225	As011G245730	evm.model.RL_1.1292
OG0016226	As011G246040	evm.model.RL_1.1320.1.687c87ec
OG0016227	As011G246260	evm.model.RL_1.1340
OG0016228	As011G246880	evm.model.RL_1.1394
OG0016229	As011G246980	evm.model.RL_1.1405.3.687c87ed
OG0016230	As011G247190	evm.model.RL_1.1425
OG0016231	As011G247590	evm.model.RL_1.1468
OG0016232	As011G247700	evm.model.RL_1.1479
OG0016233	As011G247880	evm.model.RL_1.1497
OG0016234	As011G248100	evm.model.RL_1.1514
OG0016235	As011G248130	evm.model.RL_1.1518
OG0016236	As011G248350	evm.model.RL_1.1542
OG0016237	As011G248430	evm.model.RL_1.1558
OG0016238	As011G248440	evm.model.RL_1.1559
OG0016239	As011G248450	evm.model.RL_1.1560
OG0016240	As011G248480	evm.model.RL_1.1563
OG0016242	As011G248820	evm.model.RL_1.1586.1.687c87ed
OG0016243	As011G248960	evm.model.RL_1.1601, evm.model.RL_1.1602
OG0016244	As011G249100	evm.model.RL_1.1615
OG0016245	As011G249110	evm.model.RL_1.1616
OG0016246	As011G249130	evm.model.RL_1.1619.1.687c87ed
OG0016247	As011G249170	evm.model.RL_1.1624
OG0016248	As011G249190	evm.model.RL_1.1628
OG0016249	As011G249320	evm.model.RL_1.1642
OG0016251	As011G249550	evm.model.RL_1.1667
OG0016252	As011G249580	evm.model.RL_1.1670
OG0016253	As011G249650	evm.model.RL_1.1676
OG0016254	As011G249940	evm.model.RL_1.1703
OG0016256	As011G250060	evm.model.RL_1.1713
OG0016257	As011G250110	evm.model.RL_1.1718
OG0016258	As011G250160	evm.model.RL_1.1724
OG0016259	As011G250430	evm.model.RL_1.1748
OG0016260	As011G250640	evm.model.RL_1.1766
OG0016261	As011G250750	evm.model.RL_1.1779
OG0016262	As011G250960	evm.model.RL_1.1796
OG0016263	As011G251050	evm.model.RL_1.1802
OG0016264	As011G251210	evm.model.RL_1.1818
OG0016265	As011G257300, As011G251280	evm.model.RL_1.1825
OG0016266	As011G251680	evm.model.RL_1.1865
OG0016267	As011G251700	evm.model.RL_1.1868
OG0016268	As011G251810	evm.model.RL_1.1877
OG0016269	As011G251890	evm.model.RL_1.1889
OG0016271	As011G252000	evm.model.RL_1.1907
OG0016272	As011G252770	evm.model.RL_1.1969
OG0016273	As011G252900	evm.model.RL_3.270
OG0016274	As011G252940	evm.model.RL_1.1991
OG0016275	As011G252960	evm.model.RL_1.1992
OG0016276	As011G253040	evm.model.RL_1.2000
OG0016277	As011G253250	evm.model.RL_1.2374
OG0016278	As011G253380	evm.model.RL_1.2081
OG0016279	As011G253500	evm.model.RL_1.2064
OG0016280	As011G253540	evm.model.RL_1.2059
OG0016281	As011G254020	evm.model.RL_1.2116, evm.model.RL_1.3065
OG0016282	As011G254210	evm.model.RL_1.2131
OG0016283	As011G254460	evm.model.RL_1.2153
OG0016284	As011G255100	evm.model.RL_1.2212
OG0016285	As011G255240	evm.model.RL_1.2223
OG0016286	As011G255390	evm.model.RL_1.2243
OG0016287	As011G255940	evm.model.RL_1.2296
OG0016288	As011G256190	evm.model.RL_1.2313
OG0016289	As011G256230	evm.model.RL_1.2316
OG0016290	As011G256250	evm.model.RL_1.2319
OG0016291	As011G256580	evm.model.RL_1.2343
OG0016292	As011G256710	evm.model.RL_1.2356
OG0016293	As011G256740	evm.model.RL_1.2361
OG0016294	As011G256790	evm.model.RL_6.474
OG0016295	As011G257160	evm.model.RL_1.2391
OG0016296	As011G257500	evm.model.RL_1.2385
OG0016297	As011G257620	evm.model.RL_1.2405
OG0016298	As011G258430	evm.model.RL_1.2439
OG0016299	As011G258650	evm.model.RL_1.2430
OG0016300	As011G258660	evm.model.RL_1.2489
OG0016301	As011G258930	evm.model.RL_1.2472
OG0016302	As011G259270	evm.model.RL_1.2585
OG0016303	As011G260650	evm.model.RL_8.1357
OG0016304	As011G260930	evm.model.RL_1.2625
OG0016305	As011G261100	evm.model.RL_1.2568
OG0016306	As011G261580	evm.model.RL_1.2531
OG0016307	As011G261770	evm.model.RL_1.2622
OG0016308	As011G261860	evm.model.RL_1.2589
OG0016309	As011G262040	evm.model.RL_1.2666
OG0016310	As011G262060	evm.model.RL_1.2673
OG0016311	As011G262090	evm.model.RL_1.2674.2.687c87f0
OG0016312	As011G262100	evm.model.RL_1.2675
OG0016313	As011G262110	evm.model.RL_1.2677
OG0016314	As011G262120	evm.model.RL_1.2678
OG0016315	As011G262200	evm.model.RL_1.2685
OG0016316	As011G262220	evm.model.RL_1.2693
OG0016317	As011G262290	evm.model.RL_1.2690
OG0016318	As011G262300	evm.model.RL_1.2687
OG0016319	As011G262360	evm.model.RL_2.650
OG0016320	As011G262580	evm.model.RL_1.2731
OG0016321	As011G262620	evm.model.RL_1.2736
OG0016322	As011G262650	evm.model.RL_1.2739
OG0016323	As011G262700	evm.model.RL_1.2745
OG0016324	As011G262710	evm.model.RL_1.2746
OG0016326	As011G263400	evm.model.RL_1.2822
OG0016327	As011G263540	evm.model.RL_1.2841
OG0016328	As011G263680	evm.model.RL_1.2859_evm.model.RL_1.2860.1.687c9a6d
OG0016329	As011G263710	evm.model.RL_1.2861
OG0016330	As011G264160	evm.model.RL_1.2888
OG0016331	As011G264250	evm.model.RL_1.2901
OG0016332	As011G264640	evm.model.RL_1.2948
OG0016333	As011G264890	evm.model.RL_1.2977
OG0016334	As011G264910	evm.model.RL_1.2979
OG0016335	As011G265030	evm.model.RL_1.2991
OG0016336	As011G265180	evm.model.RL_1.3035
OG0016337	As011G265350	evm.model.RL_1.3020
OG0016339	As011G265430	evm.model.RL_1.3014
OG0016340	As011G265480	evm.model.RL_1.3005
OG0016341	As011G265650	evm.model.RL_1.3067
OG0016342	As011G265850	evm.model.RL_2.514
OG0016343	As011G266030	evm.model.RL_1.3113.1.687c87f1
OG0016344	As011G266050	evm.model.RL_1.3120
OG0016345	As011G266400	evm.model.RL_1.3148
OG0016346	As011G266530	evm.model.RL_1.3159
OG0016347	As011G266580	evm.model.RL_1.3162
OG0016348	As011G266630	evm.model.RL_1.3177
OG0016349	As011G266740	evm.model.RL_1.3185
OG0016350	As011G266750	evm.model.RL_1.3186
OG0016351	As011G266940	evm.model.RL_1.3200
OG0016352	As011G267410	evm.model.RL_1.3283
OG0016353	As011G267550	evm.model.RL_1.3265
OG0016354	As011G267590	evm.model.RL_1.3287
OG0016355	As012G267940	evm.model.RL_5.3972
OG0016356	As012G267970	evm.model.RL_5.3969
OG0016357	As012G268040	evm.model.RL_5.3963
OG0016358	As012G268120	evm.model.RL_5.3955
OG0016359	As012G268290	evm.model.RL_5.3941
OG0016360	As012G268360	evm.model.RL_5.3935
OG0016361	As012G268710	evm.model.RL_5.3916
OG0016362	As012G268850	evm.model.RL_5.3902
OG0016363	As012G268920	evm.model.RL_5.3895
OG0016364	As012G268940	evm.model.RL_1.1299
OG0016365	As012G269190	evm.model.RL_5.3868
OG0016366	As012G269230	evm.model.RL_1.1337
OG0016367	As012G269420	evm.model.RL_5.3846
OG0016368	As012G269520	evm.model.RL_5.3831
OG0016369	As012G269850	evm.model.RL_5.3788
OG0016370	As012G269950	evm.model.RL_5.3776
OG0016371	As012G270100	evm.model.RL_5.3760
OG0016372	As012G270420	evm.model.RL_5.3739
OG0016373	As012G270430	evm.model.RL_5.3738
OG0016374	As012G270450	evm.model.RL_5.3736
OG0016375	As012G270530	evm.model.RL_5.3725
OG0016376	As012G270570	evm.model.RL_5.3721
OG0016377	As012G270630	evm.model.RL_5.3714
OG0016378	As012G270740	evm.model.RL_5.1858
OG0016379	As012G270770	evm.model.RL_5.1860
OG0016380	As012G270860	evm.model.RL_5.1866
OG0016381	As012G270880	evm.model.RL_5.1868
OG0016382	As012G270900	evm.model.RL_5.1869
OG0016383	As012G271630	evm.model.RL_5.1967
OG0016384	As012G271710	evm.model.RL_5.1957
OG0016385	As012G271720	evm.model.RL_5.1956
OG0016386	As012G271780	evm.model.RL_5.1942
OG0016387	As012G271850	evm.model.RL_5.1930
OG0016388	As012G271910	evm.model.RL_5.1924
OG0016389	As012G271920	evm.model.RL_5.1923.1.687c88b8
OG0016390	As012G271990	evm.model.RL_5.1981
OG0016391	As012G272030	evm.model.RL_5.1984
OG0016392	As012G272080	evm.model.RL_5.1990
OG0016393	As012G272370	evm.model.RL_5.2023
OG0016394	As012G272460	evm.model.RL_5.2033
OG0016395	As012G272480	evm.model.RL_5.2035
OG0016396	As012G272510	evm.model.RL_5.2039
OG0016397	As012G272580	evm.model.RL_5.2046
OG0016398	As012G272850	evm.model.RL_5.2077
OG0016399	As012G272870	evm.model.RL_5.2079
OG0016400	As012G272880	evm.model.RL_5.2080
OG0016401	As012G272890	evm.model.RL_5.2081
OG0016402	As012G272930	evm.model.RL_5.2083
OG0016403	As012G273040	evm.model.RL_5.2095
OG0016404	As012G273630	evm.model.RL_5.2153
OG0016405	As012G273740	evm.model.RL_5.2166
OG0016406	As012G273800	evm.model.RL_5.2174
OG0016407	As012G273880	evm.model.RL_5.2182
OG0016408	As012G273970, As022G292030	evm.model.RL_5.2195
OG0016409	As012G274020	evm.model.RL_5.2202
OG0016410	As012G274030	evm.model.RL_5.2204
OG0016411	As012G274050	evm.model.RL_5.2206
OG0016412	As012G274140	evm.model.RL_5.2214
OG0016413	As012G274220	evm.model.RL_2.1177
OG0016414	As012G274350	evm.model.RL_2.1161
OG0016415	As012G274500	evm.model.RL_2.1148
OG0016416	As012G274750	evm.model.RL_2.1116
OG0016417	As012G274770	evm.model.RL_2.1114
OG0016418	As012G274780	evm.model.RL_2.1113
OG0016419	As012G275010	evm.model.RL_6.1565
OG0016420	As012G275020	evm.model.RL_5.2880
OG0016421	As012G275370	evm.model.RL_6.1534
OG0016422	As012G275470	evm.model.RL_7.1197
OG0016423	As012G275560	evm.model.RL_7.1185
OG0016424	As012G275760	evm.model.RL_7.1165
OG0016425	As012G275910	evm.model.RL_7.1157
OG0016426	As012G276050	evm.model.RL_7.1134
OG0016427	As012G276170	evm.model.RL_7.1124
OG0016428	As012G276180	evm.model.RL_7.1123
OG0016429	As012G276190	evm.model.RL_7.1121
OG0016430	As012G276610	evm.model.RL_7.1083
OG0016431	As012G276810, As012G276650	evm.model.RL_1.697
OG0016432	As012G277080	evm.model.RL_5.1609
OG0016433	As012G277100	evm.model.RL_7.1051
OG0016434	As012G277870	evm.model.RL_7.988
OG0016435	As012G277890	evm.model.RL_7.987
OG0016436	As012G278500	evm.model.RL_7.1206
OG0016437	As012G278550	evm.model.RL_7.1200.1.687c84b8
OG0016438	As012G278860	evm.model.RL_7.1213
OG0016439	As012G279010	evm.model.RL_7.1218
OG0016440	As012G279080	evm.model.RL_7.1224
OG0016441	As012G279420	evm.model.RL_5.3419
OG0016442	As012G279460	evm.model.RL_7.1226
OG0016443	As012G279750	evm.model.RL_7.1225.1.687c84b8
OG0016444	As012G280170	evm.model.RL_7.930
OG0016445	As012G280290	evm.model.RL_7.914
OG0016446	As012G280720	evm.model.RL_7.894
OG0016447	As012G280880	evm.model.RL_7.890.1.687c84b6
OG0016448	As012G280930	evm.model.RL_7.888
OG0016449	As012G281720	evm.model.RL_7.830
OG0016450	As012G281750	evm.model.RL_7.827
OG0016451	As012G281790	evm.model.RL_7.824
OG0016452	As012G282550	evm.model.RL_7.759
OG0016453	As012G282640	evm.model.RL_7.733
OG0016454	As012G282720	evm.model.RL_7.743
OG0016456	As012G282900	evm.model.RL_7.727
OG0016457	As012G283090	evm.model.RL_7.705
OG0016458	As012G283180	evm.model.RL_7.692
OG0016459	As012G283340	evm.model.RL_7.675
OG0016460	As012G283570	evm.model.RL_7.663
OG0016461	As012G283660	evm.model.RL_7.652
OG0016462	As012G284060	evm.model.RL_7.611
OG0016463	As012G284080	evm.model.RL_7.604, evm.model.RL_7.570
OG0016464	As012G284110	evm.model.RL_7.600
OG0016465	As012G284210	evm.model.RL_7.579
OG0016466	As012G284250	evm.model.RL_7.574
OG0016467	As012G284260	evm.model.RL_7.573
OG0016468	As012G284420	evm.model.RL_7.553
OG0016469	As012G284710	evm.model.RL_7.921
OG0016470	As012G284730	evm.model.RL_7.517
OG0016471	As012G284740	evm.model.RL_7.515
OG0016472	As012G284810	evm.model.RL_7.508
OG0016473	As012G285070	evm.model.RL_7.475
OG0016474	As012G285420	evm.model.RL_7.419
OG0016475	As012G285570	evm.model.RL_7.407
OG0016476	As012G285740	evm.model.RL_7.390
OG0016477	As012G285780	evm.model.RL_1.2500
OG0016478	As012G285920	evm.model.RL_7.369
OG0016479	As012G285950	evm.model.RL_7.365
OG0016480	As012G286100	evm.model.RL_7.348
OG0016481	As012G286260	evm.model.RL_7.330
OG0016482	As012G286610	evm.model.RL_7.317.5.687c84b4
OG0016483	As012G286970	evm.model.RL_7.280
OG0016484	As012G287160	evm.model.RL_7.257
OG0016485	As012G287410	evm.model.RL_7.231
OG0016486	As012G287470	evm.model.RL_7.223
OG0016487	As012G287530	evm.model.RL_7.218
OG0016488	As012G287650	evm.model.RL_7.208
OG0016489	As012G287790	evm.model.RL_7.192, evm.model.RL_7.191.1.687c84b3
OG0016490	As012G287870	evm.model.RL_7.182
OG0016491	As012G288000	evm.model.RL_7.167
OG0016492	As012G288110	evm.model.RL_7.144
OG0016493	As012G288290	evm.model.RL_7.127
OG0016494	As012G288300	evm.model.RL_7.126
OG0016495	As012G288600	evm.model.RL_7.83
OG0016496	As012G288620	evm.model.RL_7.87
OG0016497	As012G288930	evm.model.RL_7.59
OG0016498	As012G288960	evm.model.RL_7.55
OG0016499	As012G289000	evm.model.RL_7.51
OG0016500	As012G289180	evm.model.RL_7.35
OG0016501	As012G289200	evm.model.RL_7.33
OG0016502	As012G289210	evm.model.RL_7.32
OG0016503	As012G289220	evm.model.RL_7.31
OG0016504	As012G289300	evm.model.RL_7.22.1.687c84b2
OG0016505	As012G289330	evm.model.RL_7.19
OG0016506	As012G289410	evm.model.RL_7.15
OG0016507	As012G289430	evm.model.RL_7.13
OG0016508	As012G289480	evm.model.RL_7.9
OG0016509	As012G289490	evm.model.RL_7.8
OG0016657	As001G000110	evm.model.RL_2.2334
OG0016658	As001G000300	evm.model.RL_2.2401, evm.model.RL_2.2357
OG0016659	As001G000320	evm.model.RL_2.2359
OG0016660	As001G000340	evm.model.RL_2.2361
OG0016661	As001G000380	evm.model.RL_2.2366
OG0016662	As001G000710	evm.model.RL_2.2399
OG0016663	As001G000940	evm.model.RL_2.2429
OG0016664	As001G001060	evm.model.RL_2.2442
OG0016665	As001G001690	evm.model.RL_2.2500
OG0016666	As001G001910	evm.model.RL_2.2524
OG0016667	As001G002050	evm.model.RL_2.2527
OG0016668	As001G002060	evm.model.RL_2.2528
OG0016669	As001G003520	evm.model.RL_2.2637
OG0016670	As001G003610	evm.model.RL_2.2648
OG0016671	As001G004170	evm.model.RL_2.2699.3.687c86e6
OG0016672	As001G004980	evm.model.RL_2.2754
OG0016673	As001G006280	evm.model.RL_2.2792
OG0016675	As001G010140	evm.model.RL_2.2858
OG0016676	As001G010490	evm.model.RL_2.2866
OG0016677	As001G010550	evm.model.RL_2.2871
OG0016679	As001G012920	evm.model.RL_2.2941
OG0016681	As001G014450	evm.model.RL_2.3000
OG0016682	As001G015800	evm.model.RL_5.2821
OG0016683	As001G015940	evm.model.RL_5.2804
OG0016684	As001G016000	evm.model.RL_5.2798
OG0016685	As001G016020	evm.model.RL_5.2796
OG0016686	As001G016760	evm.model.RL_5.2735
OG0016687	As001G016860	evm.model.RL_5.2725
OG0016688	As001G018340	evm.model.RL_2.645
OG0016689	As001G018470	evm.model.RL_3.762
OG0016690	As001G018650	evm.model.RL_3.743
OG0016691	As001G018930	evm.model.RL_7.717
OG0016692	As001G019010	evm.model.RL_3.690
OG0016693	As001G019130	evm.model.RL_3.659
OG0016694	As001G019610	evm.model.RL_3.577
OG0016695	As001G019730	evm.model.RL_3.564
OG0016697	As001G020100	evm.model.RL_3.542
OG0016698	As001G020540	evm.model.RL_3.485
OG0016699	As001G020810	evm.model.RL_3.465
OG0016700	As001G020820	evm.model.RL_3.464
OG0016701	As001G020850	evm.model.RL_3.463
OG0016702	As001G021010	evm.model.RL_3.388
OG0016703	As001G021430	evm.model.RL_3.421_evm.model.RL_3.420
OG0016704	As001G022100	evm.model.RL_3.278
OG0016705	As001G022870	evm.model.RL_7.2718
OG0016706	As001G023040	evm.model.RL_7.2631
OG0016707	As001G023140	evm.model.RL_7.2618
OG0016708	As001G023560	evm.model.RL_7.2583
OG0016709	As001G023920	evm.model.RL_7.2543
OG0016711	As001G024160	evm.model.RL_7.2513, evm.model.RL_7.2298
OG0016712	As001G024530	evm.model.RL_7.2472
OG0016714	As001G025060	evm.model.RL_7.2416
OG0016715	As001G025390	evm.model.RL_7.2376
OG0016716	As001G025550	evm.model.RL_7.2360
OG0016717	As001G026610	evm.model.RL_7.2251
OG0016718	As001G026800	evm.model.RL_7.2226
OG0016719	As001G026890	evm.model.RL_2.7
OG0016720	As001G027060	evm.model.RL_7.2198
OG0016721	As001G027790	evm.model.RL_7.2091
OG0016722	As001G027830, As011G255950	evm.model.RL_1.2297
OG0016725	As001G028380	evm.model.RL_3.1087
OG0016726	As001G028460	evm.model.RL_3.1078
OG0016727	As001G028580	evm.model.RL_3.1048
OG0016729	As001G028910	evm.model.RL_3.1007
OG0016730	As001G029170	evm.model.RL_3.970
OG0016731	As001G029380	evm.model.RL_3.943
OG0016732	As001G029410	evm.model.RL_3.932
OG0016733	As001G029550	evm.model.RL_3.900
OG0016734	As001G029680	evm.model.RL_3.800
OG0016735	As001G029740	evm.model.RL_3.869
OG0016736	As001G029860	evm.model.RL_3.797
OG0016737	As001G030040	evm.model.RL_3.647
OG0016738	As001G030070	evm.model.RL_3.775
OG0016739	As001G030190	evm.model.RL_3.8
OG0016740	As001G030250	evm.model.RL_3.12
OG0016741	As001G030530	evm.model.RL_3.36
OG0016742	As001G031810	evm.model.RL_3.208
OG0016743	As001G031880	evm.model.RL_3.218
OG0016744	As001G032150	evm.model.RL_3.255
OG0016745	As001G032200	evm.model.RL_3.264
OG0016746	As001G032240	evm.model.RL_3.260
OG0016747	As002G032420	evm.model.RL_1.1153
OG0016748	As002G032490	evm.model.RL_2.2093
OG0016749	As002G032780	evm.model.RL_2.2127
OG0016750	As002G032790	evm.model.RL_2.2131
OG0016751	As002G032820	evm.model.RL_2.2134
OG0016752	As002G033750	evm.model.RL_6.2195
OG0016753	As002G033990	evm.model.RL_1.821
OG0016754	As002G034370	evm.model.RL_1.861
OG0016756	As002G034800	evm.model.RL_1.888
OG0016757	As002G034880	evm.model.RL_7.1678, evm.model.RL_7.1681
OG0016758	As002G034920	evm.model.RL_4.3202
OG0016759	As002G035200	evm.model.RL_1.912
OG0016760	As002G035620	evm.model.RL_1.946
OG0016761	As002G036080	evm.model.RL_1.974
OG0016762	As002G036710, As002G036690	evm.model.RL_1.1012
OG0016763	As002G036790	evm.model.RL_4.2587
OG0016764	As002G037250	evm.model.RL_1.1052
OG0016765	As002G038970	evm.model.RL_1.2617
OG0016766	As002G039210	evm.model.RL_8.2461
OG0016767	As002G039380	evm.model.RL_8.985
OG0016768	As002G041330	evm.model.RL_8.1102
OG0016769	As002G041370	evm.model.RL_8.1104.1.687c8559
OG0016770	As002G042210	evm.model.RL_8.1145
OG0016771	As002G042270	evm.model.RL_8.1160
OG0016772	As002G042760	evm.model.RL_8.1203
OG0016773	As002G042830	evm.model.RL_8.1210
OG0016774	As002G043650	evm.model.RL_8.1275
OG0016775	As002G043660	evm.model.RL_8.1277
OG0016776	As002G043750	evm.model.RL_8.1283
OG0016777	As002G043780	evm.model.RL_8.1286
OG0016778	As002G044000	evm.model.RL_8.1312
OG0016779	As002G044060	evm.model.RL_8.1318
OG0016780	As002G044450	evm.model.RL_8.1370
OG0016782	As002G044930	evm.model.RL_8.1403
OG0016783	As002G045250	evm.model.RL_8.1445
OG0016784	As002G047030	evm.model.RL_8.1613
OG0016785	As002G047600	evm.model.RL_8.1665
OG0016786	As002G048070, As007G157400	evm.model.RL_8.1707
OG0016787	As002G048290	evm.model.RL_8.1734.1.687c855d
OG0016788	As002G048520	evm.model.RL_8.1759
OG0016789	As002G048790	evm.model.RL_8.1787.5.687c855d
OG0016790	As002G049120	evm.model.RL_8.1819.1.687c855e
OG0016791	As002G049170	evm.model.RL_8.1825
OG0016792	As002G049630	evm.model.RL_8.1868
OG0016793	As002G050900	evm.model.RL_4.2349
OG0016794	As002G051670	evm.model.RL_4.2432
OG0016795	As002G051830	evm.model.RL_4.2445
OG0016796	As002G051940	evm.model.RL_4.2458
OG0016797	As002G052090	evm.model.RL_4.2471
OG0016798	As002G052240	evm.model.RL_4.2488
OG0016799	As002G052320	evm.model.RL_4.2497.1.687c86d9
OG0016800	As002G052380	evm.model.RL_4.2507, evm.model.RL_4.2503
OG0016801	As002G052530	evm.model.RL_4.2514
OG0016802	As002G052810	evm.model.RL_4.2534
OG0016803	As002G052980	evm.model.RL_4.2548
OG0016804	As002G052990	evm.model.RL_4.2549
OG0016805	As002G053240	evm.model.RL_4.2572
OG0016806	As002G053390	evm.model.RL_4.2585
OG0016807	As002G053840	evm.model.RL_4.2646
OG0016808	As002G053950	evm.model.RL_4.2655
OG0016809	As002G054030	evm.model.RL_4.2663
OG0016810	As002G054060	evm.model.RL_4.2667
OG0016811	As002G054070	evm.model.RL_4.2668
OG0016812	As002G054590	evm.model.RL_4.2718
OG0016813	As002G054790	evm.model.RL_4.2744
OG0016814	As002G054850	evm.model.RL_4.2750
OG0016815	As002G054870	evm.model.RL_4.2753
OG0016816	As002G055360	evm.model.RL_4.2811
OG0016817	As003G056490	evm.model.RL_2.1366
OG0016818	As003G056540	evm.model.RL_2.1371
OG0016819	As003G056680	evm.model.RL_2.1387
OG0016820	As003G057100	evm.model.RL_2.1421
OG0016821	As003G057460	evm.model.RL_2.1460
OG0016822	As003G057650	evm.model.RL_2.1480
OG0016823	As003G057750	evm.model.RL_2.1493
OG0016824	As003G057940	evm.model.RL_2.1522
OG0016825	As004G087100, As003G058350	evm.model.RL_2.1563
OG0016826	As003G058380	evm.model.RL_2.1565
OG0016827	As003G058540	evm.model.RL_2.1577
OG0016828	As003G058620	evm.model.RL_2.1585
OG0016829	As003G058980	evm.model.RL_2.1613
OG0016830	As003G059110	evm.model.RL_2.1629
OG0016831	As003G059510	evm.model.RL_2.1652
OG0016832	As003G059730	evm.model.RL_2.1676
OG0016833	As003G059950	evm.model.RL_2.1694
OG0016834	As003G060410	evm.model.RL_2.1738
OG0016835	As003G062820	evm.model.RL_5.2616
OG0016836	As003G063200	evm.model.RL_5.2563
OG0016837	As003G063260	evm.model.RL_5.2554
OG0016838	As003G063490	evm.model.RL_5.2526
OG0016839	As003G063520	evm.model.RL_5.2520
OG0016840	As003G064010	evm.model.RL_5.2448
OG0016841	As003G064360	evm.model.RL_2.632
OG0016842	As003G064420	evm.model.RL_5.2317
OG0016843	As003G065050	evm.model.RL_5.2383.2.687c88bb
OG0016844	As003G065100	evm.model.RL_5.2391
OG0016845	As003G065210	evm.model.RL_8.1869
OG0016846	As003G065490	evm.model.RL_5.2247
OG0016847	As003G065600	evm.model.RL_5.2259
OG0016848	As003G065610	evm.model.RL_5.2262
OG0016849	As003G065640	evm.model.RL_5.2264
OG0016850	As003G065890	evm.model.RL_5.3126
OG0016851	As003G065920	evm.model.RL_5.3128.1.687c88c0
OG0016852	As003G066400	evm.model.RL_5.2298
OG0016853	As003G066840	evm.model.RL_5.3105
OG0016854	As003G067950	evm.model.RL_5.3124
OG0016855	As003G068940	evm.model.RL_5.3064
OG0016857	As003G069120, As003G069130	evm.model.RL_5.3050
OG0016858	As003G069240	evm.model.RL_5.3031
OG0016860	As003G070160	evm.model.RL_5.2960
OG0016861	As003G070180	evm.model.RL_6.468
OG0016862	As003G070190	evm.model.RL_6.470
OG0016863	As003G070260	evm.model.RL_5.2951
OG0016864	As003G070310	evm.model.RL_5.2913
OG0016866	As003G071090	evm.model.RL_5.2883
OG0016867	As003G071180	evm.model.RL_5.2873
OG0016868	As003G071310	evm.model.RL_5.2860
OG0016869	As003G071830	evm.model.RL_2.3077
OG0016870	As003G072070	evm.model.RL_2.3101
OG0016871	As003G072140	evm.model.RL_2.3109
OG0016872	As003G072500	evm.model.RL_2.3152.1.687c86e8
OG0016873	As003G072970	evm.model.RL_2.3192
OG0016874	As003G073180	evm.model.RL_2.3214
OG0016875	As003G073390	evm.model.RL_2.3236
OG0016876	As007G180030, As003G074210	evm.model.RL_6.172
OG0016877	As003G074360	evm.model.RL_2.3311
OG0016878	As003G074670	evm.model.RL_2.3334
OG0016879	As003G074920	evm.model.RL_2.3361
OG0016880	As003G075010	evm.model.RL_2.3371
OG0016881	As003G075100	evm.model.RL_2.3379
OG0016882	As003G075130	evm.model.RL_2.3384
OG0016883	As003G075680	evm.model.RL_2.3415
OG0016884	As003G075860	evm.model.RL_2.3433
OG0016885	As003G076050	evm.model.RL_2.3447
OG0016886	As003G076130	evm.model.RL_2.3455
OG0016887	As003G076300	evm.model.RL_2.3473
OG0016888	As003G076360	evm.model.RL_2.3476
OG0016889	As003G076450	evm.model.RL_2.3489
OG0016890	As003G076580	evm.model.RL_2.3496
OG0016891	As003G076600	evm.model.RL_2.3500
OG0016893	As004G076810	evm.model.RL_2.586
OG0016894	As004G077030	evm.model.RL_2.545
OG0016895	As004G077310	evm.model.RL_2.455.1.687c86e0
OG0016896	As004G077340	evm.model.RL_2.447
OG0016897	As004G078250	evm.model.RL_2.295
OG0016898	As004G078270	evm.model.RL_2.294
OG0016899	As004G078330	evm.model.RL_2.291
OG0016900	As004G078580	evm.model.RL_2.248
OG0016901	As004G078620	evm.model.RL_2.242
OG0016903	As004G078930	evm.model.RL_5.879
OG0016904	As004G079110	evm.model.RL_1.53
OG0016905	As004G079240	evm.model.RL_7.1777
OG0016906	As004G079290	evm.model.RL_5.2774.1.687c88bd
OG0016907	As004G080760	evm.model.RL_8.898
OG0016908	As004G080880	evm.model.RL_8.910
OG0016909	As004G080930	evm.model.RL_7.1660
OG0016910	As004G081060	evm.model.RL_6.1520
OG0016911	As004G081530	evm.model.RL_6.1465
OG0016912	As004G081630	evm.model.RL_6.1452
OG0016913	As004G081840	evm.model.RL_4.551.1.687c86cf
OG0016915	As004G082290	evm.model.RL_4.630
OG0016916	As004G082880	evm.model.RL_4.1021
OG0016917	As004G082900	evm.model.RL_4.739
OG0016918	As004G083250	evm.model.RL_8.788
OG0016919	As004G083320	evm.model.RL_8.784
OG0016920	As004G084090	evm.model.RL_8.693
OG0016921	As004G084540	evm.model.RL_8.638
OG0016922	As004G085150	evm.model.RL_8.546
OG0016923	As004G085430	evm.model.RL_8.511
OG0016924	As004G085510	evm.model.RL_8.506
OG0016925	As004G086040	evm.model.RL_8.432
OG0016926	As004G086190	evm.model.RL_8.416
OG0016927	As004G086340	evm.model.RL_8.402.1.687c97bc
OG0016928	As004G086540	evm.model.RL_5.693
OG0016929	As004G086730	evm.model.RL_4.411
OG0016930	As004G088100	evm.model.RL_4.265
OG0016931	As004G089800	evm.model.RL_1.1361
OG0016932	As004G090060	evm.model.RL_2.637
OG0016933	As004G090220	evm.model.RL_4.35
OG0016934	As004G090310	evm.model.RL_4.25
OG0016935	As004G090330	evm.model.RL_4.69
OG0016936	As004G090560	evm.model.RL_2.577
OG0016937	As004G090790	evm.model.RL_2.621
OG0016938	As004G091010	evm.model.RL_4.46
OG0016939	As004G091450	evm.model.RL_2.623
OG0016941	As004G091720	evm.model.RL_1.2451
OG0016942	As004G091820	evm.model.RL_1.2453
OG0016943	As004G091880	evm.model.RL_2.628
OG0016944	As004G092110	evm.model.RL_1.2523
OG0016945	As004G092170	evm.model.RL_2.606
OG0016946	As004G092800	evm.model.RL_2.639
OG0016947	As004G093420	evm.model.RL_2.797
OG0016948	As004G093610	evm.model.RL_2.816
OG0016949	As004G094450	evm.model.RL_2.856
OG0016950	As004G094570	evm.model.RL_2.873
OG0016951	As004G095120	evm.model.RL_2.913
OG0016952	As004G095190	evm.model.RL_2.927
OG0016953	As004G095990	evm.model.RL_2.1017
OG0016954	As004G096010	evm.model.RL_2.1019
OG0016955	As004G096030	evm.model.RL_2.1021
OG0016956	As004G096060	evm.model.RL_2.1025
OG0016958	As004G096530	evm.model.RL_2.1068
OG0016959	As004G096750	evm.model.RL_2.239
OG0016960	As004G096770	evm.model.RL_2.237
OG0016961	As004G097130	evm.model.RL_8.2856
OG0016962	As004G097300	evm.model.RL_2.34
OG0016963	As004G097520	evm.model.RL_2.58
OG0016964	As004G098020, As010G236470	evm.model.RL_2.146
OG0016965	As004G098050	evm.model.RL_2.151
OG0016966	As004G098090	evm.model.RL_2.156
OG0016967	As004G098190	evm.model.RL_2.167
OG0016968	As004G098240	evm.model.RL_2.177
OG0016969	As004G098250	evm.model.RL_2.178
OG0016970	As004G098460	evm.model.RL_8.228
OG0016971	As005G098600, As005G103060	evm.model.RL_6.2960
OG0016972	As005G098630	evm.model.RL_6.2958
OG0016973	As005G098950	evm.model.RL_6.2934
OG0016974	As005G099350	evm.model.RL_6.2905
OG0016975	As005G099500	evm.model.RL_6.2894
OG0016976	As005G100110	evm.model.RL_6.2835
OG0016977	As005G100180	evm.model.RL_6.2827
OG0016978	As005G100450	evm.model.RL_6.2801
OG0016979	As005G100850	evm.model.RL_6.2767
OG0016980	As005G101660	evm.model.RL_6.2683
OG0016981	As005G102130	evm.model.RL_6.2633
OG0016983	As005G103120	evm.model.RL_6.2533
OG0016984	As005G103220	evm.model.RL_6.2522
OG0016985	As005G103290	evm.model.RL_6.2515
OG0016986	As012G285470, As005G103980	evm.model.RL_7.415
OG0016987	As005G104030	evm.model.RL_6.2459
OG0016988	As005G104130	evm.model.RL_6.2443
OG0016989	As005G104480	evm.model.RL_6.2412
OG0016991	As005G105990	evm.model.RL_6.2287
OG0016992	As005G106160	evm.model.RL_6.2274
OG0016993	As005G106290	evm.model.RL_4.3410
OG0016994	As005G106300	evm.model.RL_4.3409
OG0016995	As005G106370	evm.model.RL_4.3402
OG0016996	As005G106560	evm.model.RL_4.3386
OG0016997	As005G106600	evm.model.RL_4.3382
OG0016998	As005G106630	evm.model.RL_4.3380.4.687c86de
OG0016999	As005G106660	evm.model.RL_4.3377
OG0017000	As005G106900	evm.model.RL_4.3352
OG0017001	As005G106940	evm.model.RL_4.3349
OG0017002	As005G107150	evm.model.RL_4.3329
OG0017003	As005G107290	evm.model.RL_4.3316
OG0017004	As005G107300	evm.model.RL_4.3315
OG0017005	As005G107450	evm.model.RL_4.3301
OG0017006	As005G107940	evm.model.RL_4.3261
OG0017007	As005G108320	evm.model.RL_4.3189
OG0017008	As005G109050	evm.model.RL_4.3124
OG0017009	As005G110420	evm.model.RL_4.1683
OG0017010	As005G110920	evm.model.RL_4.1624
OG0017011	As005G111080	evm.model.RL_4.1610
OG0017012	As005G111590	evm.model.RL_4.1614.4.687c86d4
OG0017013	As005G112430	evm.model.RL_4.1561
OG0017014	As005G112590	evm.model.RL_4.1550
OG0017015	As005G113310	evm.model.RL_4.1481
OG0017016	As005G113580	evm.model.RL_4.1456
OG0017017	As005G113680	evm.model.RL_4.1445
OG0017018	As005G114710	evm.model.RL_8.2068
OG0017019	As005G115540	evm.model.RL_8.2033
OG0017020	As005G115990	evm.model.RL_8.2387
OG0017021	As010G225570, As005G116530	evm.model.RL_8.2429
OG0017022	As005G116680	evm.model.RL_8.2442
OG0017023	As005G116960	evm.model.RL_8.2480
OG0017024	As005G117050	evm.model.RL_8.2488
OG0017025	As005G117840	evm.model.RL_8.2566
OG0017026	As005G117980	evm.model.RL_8.2579
OG0017027	As005G118130	evm.model.RL_8.2588
OG0017028	As005G118240	evm.model.RL_8.2598
OG0017029	As005G118250	evm.model.RL_8.2599
OG0017030	As005G118590	evm.model.RL_8.2636
OG0017031	As005G118640	evm.model.RL_8.2645
OG0017032	As005G118780	evm.model.RL_8.2663
OG0017033	As005G118880	evm.model.RL_8.2674
OG0017034	As005G118950	evm.model.RL_8.2682
OG0017035	As005G119050	evm.model.RL_8.2694
OG0017036	As005G119080	evm.model.RL_8.2697.1.687c8563
OG0017037	As005G119460	evm.model.RL_8.2736
OG0017038	As005G119680	evm.model.RL_8.2754
OG0017039	As005G119930	evm.model.RL_8.2784
OG0017041	As005G120460	evm.model.RL_3.2140
OG0017042	As005G120750	evm.model.RL_8.2850
OG0017043	As005G120810	evm.model.RL_8.2858
OG0017044	As006G121000	evm.model.RL_8.10
OG0017045	As006G121600	evm.model.RL_8.52
OG0017046	As006G121950	evm.model.RL_8.118
OG0017047	As006G122170	evm.model.RL_8.144
OG0017048	As006G122190	evm.model.RL_8.146
OG0017049	As006G122270, As008G198440	evm.model.RL_8.152
OG0017050	As006G122360	evm.model.RL_8.227
OG0017051	As006G122510	evm.model.RL_5.3125
OG0017052	As006G122910	evm.model.RL_8.158
OG0017053	As006G123320	evm.model.RL_8.276
OG0017054	As006G124300	evm.model.RL_4.440
OG0017055	As006G124810	evm.model.RL_4.497
OG0017056	As006G124870	evm.model.RL_4.506
OG0017057	As006G124880	evm.model.RL_4.507
OG0017058	As006G125020	evm.model.RL_4.530
OG0017059	As006G125850	evm.model.RL_6.1362
OG0017060	As006G126890	evm.model.RL_6.1279
OG0017061	As006G126910	evm.model.RL_6.1265
OG0017062	As006G127170	evm.model.RL_6.1245
OG0017063	As006G127560	evm.model.RL_6.1202
OG0017064	As006G127800	evm.model.RL_6.1174
OG0017065	As006G128000	evm.model.RL_6.1148
OG0017066	As006G128410	evm.model.RL_6.1101
OG0017068	As006G129230	evm.model.RL_6.998
OG0017069	As006G129540	evm.model.RL_6.976
OG0017070	As006G129580	evm.model.RL_6.969
OG0017071	As006G129860	evm.model.RL_6.942
OG0017072	As006G130050	evm.model.RL_6.912
OG0017073	As006G130090	evm.model.RL_6.908
OG0017074	As006G130330	evm.model.RL_6.876
OG0017075	As006G130620	evm.model.RL_6.774
OG0017076	As006G130960	evm.model.RL_6.751
OG0017077	As006G131280	evm.model.RL_6.715
OG0017078	As006G131290	evm.model.RL_6.725
OG0017079	As006G131300	evm.model.RL_6.722
OG0017080	As006G131530	evm.model.RL_6.577
OG0017081	As006G131570	evm.model.RL_6.570
OG0017082	As006G131660	evm.model.RL_6.556
OG0017083	As006G131760	evm.model.RL_6.538
OG0017084	As006G131830	evm.model.RL_6.535
OG0017085	As006G131880	evm.model.RL_6.531
OG0017086	As006G132150	evm.model.RL_2.26
OG0017087	As006G132170	evm.model.RL_6.502
OG0017088	As006G132240	evm.model.RL_2.2264
OG0017089	As006G132270	evm.model.RL_2.2262
OG0017090	As006G132300	evm.model.RL_2.2259
OG0017091	As006G132390	evm.model.RL_2.2251.3.687c86e5
OG0017092	As006G132400	evm.model.RL_2.2250
OG0017093	As006G132430	evm.model.RL_2.2246
OG0017094	As006G132940	evm.model.RL_1.50
OG0017095	As006G132960	evm.model.RL_1.52
OG0017096	As006G133190	evm.model.RL_1.41, evm.model.RL_1.42
OG0017097	As006G133260	evm.model.RL_1.35.4.687c87e9
OG0017098	As006G133440	evm.model.RL_1.21
OG0017099	As006G133580	evm.model.RL_1.13
OG0017100	As006G134120	evm.model.RL_2.2156
OG0017101	As006G134220	evm.model.RL_2.2643, evm.model.RL_2.2166
OG0017102	As006G134340	evm.model.RL_2.2179
OG0017103	As006G134470	evm.model.RL_2.2204
OG0017104	As006G134650	evm.model.RL_2.2186
OG0017106	As006G135210	evm.model.RL_1.132
OG0017107	As006G135790	evm.model.RL_1.199
OG0017108	As006G135870	evm.model.RL_1.209
OG0017109	As006G135900	evm.model.RL_1.212
OG0017111	As006G136350	evm.model.RL_1.252
OG0017112	As006G136490	evm.model.RL_1.264
OG0017113	As006G136710	evm.model.RL_1.285
OG0017114	As006G137280	evm.model.RL_1.322
OG0017115	As006G137840	evm.model.RL_1.378
OG0017116	As006G137980	evm.model.RL_1.393
OG0017117	As006G138060	evm.model.RL_1.402
OG0017118	As006G138690	evm.model.RL_1.446
OG0017119	As006G138820	evm.model.RL_1.470
OG0017120	As006G139210	evm.model.RL_1.514
OG0017123	As006G139530	evm.model.RL_1.537
OG0017124	As006G139550	evm.model.RL_1.539
OG0017125	As006G140100	evm.model.RL_1.582
OG0017126	As006G140150	evm.model.RL_1.586
OG0017127	As006G140210	evm.model.RL_1.593
OG0017128	As006G140480	evm.model.RL_1.627
OG0017129	As006G140590	evm.model.RL_1.638
OG0017130	As006G141020	evm.model.RL_1.672
OG0017131	As006G141140	evm.model.RL_1.683
OG0017132	As006G141270	evm.model.RL_1.703
OG0017133	As006G141430	evm.model.RL_1.717
OG0017134	As006G141730	evm.model.RL_1.752
OG0017135	As006G141780	evm.model.RL_1.755
OG0017136	As006G142130	evm.model.RL_1.793
OG0017137	As006G142600	evm.model.RL_6.2152
OG0017138	As006G143060	evm.model.RL_6.2105
OG0017139	As006G143460	evm.model.RL_6.2071
OG0017140	As006G143480	evm.model.RL_6.2069
OG0017141	As006G143530	evm.model.RL_6.2064
OG0017142	As006G143650	evm.model.RL_6.2031
OG0017143	As006G143960	evm.model.RL_6.2027
OG0017145	As006G144200	evm.model.RL_6.2003
OG0017146	As006G144670	evm.model.RL_6.1708
OG0017147	As006G145290	evm.model.RL_6.1767
OG0017148	As006G145620	evm.model.RL_6.1799
OG0017149	As006G146250	evm.model.RL_6.1833
OG0017150	As006G146750	evm.model.RL_6.1812
OG0017151	As006G146790	evm.model.RL_6.1808
OG0017152	As006G148310	evm.model.RL_6.1952
OG0017153	As007G151960	evm.model.RL_5.1385
OG0017154	As007G152150	evm.model.RL_5.1409, evm.model.RL_5.1410
OG0017155	As007G152450	evm.model.RL_5.1452
OG0017157	As007G153060	evm.model.RL_5.1503.1.687c88b4
OG0017159	As007G153540	evm.model.RL_5.1556
OG0017160	As007G153660	evm.model.RL_5.1567
OG0017161	As007G154060	evm.model.RL_5.1599
OG0017162	As007G154440	evm.model.RL_5.1666
OG0017163	As007G154650	evm.model.RL_5.1639
OG0017164	As007G154900	evm.model.RL_5.1680
OG0017165	As007G154960	evm.model.RL_5.1689
OG0017166	As007G155020	evm.model.RL_5.1694
OG0017167	As007G155150	evm.model.RL_5.1706
OG0017168	As007G155520	evm.model.RL_5.1748
OG0017169	As007G155810	evm.model.RL_5.1779
OG0017170	As007G155880	evm.model.RL_5.1790
OG0017171	As007G156220	evm.model.RL_5.1976
OG0017172	As007G156980	evm.model.RL_5.3652
OG0017173	As007G157450	evm.model.RL_5.3603
OG0017174	As007G157650	evm.model.RL_5.3590.1.687c88c3
OG0017175	As007G157690	evm.model.RL_5.3588
OG0017176	As007G157730	evm.model.RL_5.3583
OG0017177	As007G157830	evm.model.RL_5.3574
OG0017178	As007G158320	evm.model.RL_5.3530
OG0017180	As007G158640	evm.model.RL_5.3502
OG0017181	As007G158790	evm.model.RL_5.2677
OG0017182	As007G158810	evm.model.RL_5.3493
OG0017183	As007G158970	evm.model.RL_5.3481
OG0017184	As007G159180	evm.model.RL_5.3463
OG0017185	As007G159240	evm.model.RL_5.3452
OG0017186	As007G159860	evm.model.RL_5.3385
OG0017187	As007G159910	evm.model.RL_5.3379
OG0017188	As007G160220	evm.model.RL_5.3347
OG0017189	As007G160540	evm.model.RL_5.3312
OG0017190	As007G161050	evm.model.RL_5.3258
OG0017191	As007G161370	evm.model.RL_5.3224
OG0017192	As007G161690	evm.model.RL_5.3200
OG0017193	As007G162600	evm.model.RL_5.3136
OG0017194	As007G162610	evm.model.RL_5.3137
OG0017195	As007G162620	evm.model.RL_5.3138
OG0017196	As007G162930	evm.model.RL_2.1956
OG0017197	As007G164370	evm.model.RL_6.2233
OG0017199	As007G165210	evm.model.RL_2.2072
OG0017200	As007G166030	evm.model.RL_2.2295
OG0017202	As007G177070	evm.model.RL_6.392
OG0017203	As007G177680	evm.model.RL_6.412
OG0017204	As007G178110	evm.model.RL_6.332
OG0017205	As007G178390	evm.model.RL_6.311
OG0017206	As007G179560	evm.model.RL_6.232
OG0017207	As007G179810	evm.model.RL_6.206
OG0017208	As007G180050	evm.model.RL_6.170
OG0017209	As007G180170	evm.model.RL_6.155
OG0017210	As007G180550	evm.model.RL_6.111
OG0017211	As007G180620	evm.model.RL_6.98
OG0017212	As007G180890	evm.model.RL_6.61
OG0017213	As007G180940	evm.model.RL_6.55
OG0017214	As007G181050	evm.model.RL_6.44
OG0017215	As007G181870	evm.model.RL_6.29
OG0017216	As007G181890	evm.model.RL_6.26
OG0017217	As008G182750	evm.model.RL_5.1319
OG0017218	As008G183290	evm.model.RL_5.1257
OG0017219	As008G183810	evm.model.RL_5.1203
OG0017221	As008G184430	evm.model.RL_5.1146
OG0017222	As008G184450	evm.model.RL_5.1143
OG0017223	As008G184650	evm.model.RL_5.1121
OG0017224	As008G185990	evm.model.RL_5.1013
OG0017225	As008G186100	evm.model.RL_5.999
OG0017226	As008G186700	evm.model.RL_5.951.1.687c88b0
OG0017227	As008G186760	evm.model.RL_5.944
OG0017228	As008G186800	evm.model.RL_5.940
OG0017229	As008G187320	evm.model.RL_5.892
OG0017230	As008G187530	evm.model.RL_5.844
OG0017231	As008G187610	evm.model.RL_5.850
OG0017232	As008G188360	evm.model.RL_5.802
OG0017233	As008G188680	evm.model.RL_5.784
OG0017235	As008G188720	evm.model.RL_5.779
OG0017236	As008G188860	evm.model.RL_4.60, evm.model.RL_4.315, evm.model.RL_1.2572
OG0017237	As008G188910	evm.model.RL_5.771.1.687c88af
OG0017238	As008G189080	evm.model.RL_4.2839
OG0017239	As008G190440	evm.model.RL_5.714
OG0017240	As008G192960	evm.model.RL_5.575
OG0017241	As008G193710	evm.model.RL_5.496
OG0017242	As008G193920	evm.model.RL_5.483
OG0017243	As008G194300	evm.model.RL_5.449
OG0017245	As008G194900	evm.model.RL_5.403
OG0017246	As008G195450	evm.model.RL_5.358
OG0017247	As008G195490	evm.model.RL_5.352
OG0017248	As008G195960	evm.model.RL_5.314
OG0017249	As008G196200	evm.model.RL_5.291
OG0017250	As008G196510	evm.model.RL_5.265
OG0017251	As008G196570	evm.model.RL_5.259
OG0017252	As008G196860	evm.model.RL_5.220
OG0017253	As008G196880	evm.model.RL_5.224
OG0017254	As008G196890	evm.model.RL_5.225
OG0017255	As008G196930	evm.model.RL_5.230
OG0017256	As008G196980	evm.model.RL_5.236
OG0017257	As008G197170	evm.model.RL_5.193
OG0017258	As008G197310	evm.model.RL_5.179
OG0017259	As008G197940	evm.model.RL_5.89
OG0017260	As008G198140	evm.model.RL_5.85
OG0017261	As008G199140	evm.model.RL_8.2885
OG0017262	As008G199230	evm.model.RL_8.2892
OG0017263	As008G199590	evm.model.RL_8.2916
OG0017264	As008G199640	evm.model.RL_8.2924
OG0017265	As009G199890	evm.model.RL_4.2171
OG0017266	As009G199920	evm.model.RL_4.2174
OG0017268	As009G199980	evm.model.RL_4.2179
OG0017269	As009G200720	evm.model.RL_4.2133
OG0017270	As009G200730	evm.model.RL_4.2132
OG0017271	As009G200740	evm.model.RL_4.2130
OG0017272	As009G201210	evm.model.RL_4.2098
OG0017273	As009G201340	evm.model.RL_4.2108
OG0017274	As009G202090	evm.model.RL_4.2020
OG0017275	As009G202380	evm.model.RL_4.1997
OG0017276	As009G202690	evm.model.RL_4.1966
OG0017277	As009G203580	evm.model.RL_4.1880
OG0017278	As009G203620	evm.model.RL_4.1876
OG0017279	As009G203730	evm.model.RL_4.1865
OG0017280	As009G203930	evm.model.RL_3.1209
OG0017281	As009G204720	evm.model.RL_4.1764
OG0017282	As009G204850	evm.model.RL_4.1753
OG0017283	As009G204870	evm.model.RL_4.1751
OG0017284	As009G205140	evm.model.RL_4.1722
OG0017285	As009G206520	evm.model.RL_4.1034
OG0017286	As009G206880	evm.model.RL_4.1003
OG0017287	As009G207120	evm.model.RL_4.969
OG0017288	As009G207250	evm.model.RL_4.947
OG0017289	As009G207400	evm.model.RL_4.929
OG0017290	As009G207980	evm.model.RL_4.902
OG0017291	As009G209130	evm.model.RL_4.789
OG0017292	As009G210070	evm.model.RL_4.815
OG0017293	As009G210230	evm.model.RL_4.2259
OG0017294	As009G210260	evm.model.RL_4.2264
OG0017295	As009G210700	evm.model.RL_4.2861
OG0017296	As009G211790	evm.model.RL_7.2538
OG0017297	As009G211880	evm.model.RL_5.3985
OG0017298	As009G212130	evm.model.RL_4.758
OG0017299	As009G213680	evm.model.RL_4.3008
OG0017300	As009G213800	evm.model.RL_4.3011
OG0017301	As009G213840	evm.model.RL_4.3013
OG0017302	As009G213950	evm.model.RL_4.3024
OG0017303	As009G214100	evm.model.RL_4.3048
OG0017304	As009G215040	evm.model.RL_4.1190
OG0017305	As009G215250	evm.model.RL_4.1183
OG0017307	As009G215540	evm.model.RL_5.1624
OG0017308	As009G215770	evm.model.RL_4.1242
OG0017309	As009G215860	evm.model.RL_4.1254
OG0017310	As009G216090	evm.model.RL_4.1293, evm.model.RL_4.616
OG0017311	As009G216180	evm.model.RL_4.1285
OG0017312	As009G216360	evm.model.RL_4.1299
OG0017313	As009G216550	evm.model.RL_4.1328
OG0017314	As009G216620	evm.model.RL_4.1333
OG0017315	As009G216630	evm.model.RL_4.1334
OG0017316	As009G217330	evm.model.RL_4.1407
OG0017317	As009G217380	evm.model.RL_4.1412
OG0017318	As009G217920	evm.model.RL_8.2200
OG0017319	As009G218100	evm.model.RL_8.1571
OG0017320	As009G218130	evm.model.RL_8.2227
OG0017321	As009G218420	evm.model.RL_8.2260
OG0017322	As009G218470	evm.model.RL_8.2266
OG0017323	As009G218520	evm.model.RL_8.2272
OG0017324	As009G218580	evm.model.RL_8.2278
OG0017325	As009G218650	evm.model.RL_8.2287
OG0017326	As009G219430	evm.model.RL_8.2379.2.687c8561
OG0017327	As009G219790	evm.model.RL_8.1932
OG0017328	As009G219850	evm.model.RL_8.1926
OG0017329	As009G219880	evm.model.RL_8.1923
OG0017330	As010G220330	evm.model.RL_7.1251, evm.model.RL_7.1336
OG0017332	As010G220660	evm.model.RL_7.1295
OG0017333	As010G220760	evm.model.RL_7.1311
OG0017334	As010G220880	evm.model.RL_7.1320
OG0017335	As010G221220	evm.model.RL_7.1366
OG0017336	As010G221300	evm.model.RL_7.1389
OG0017337	As010G221680	evm.model.RL_4.1696
OG0017338	As010G222310	evm.model.RL_7.1495
OG0017339	As010G222380	evm.model.RL_7.1501
OG0017340	As010G222650	evm.model.RL_7.1530
OG0017341	As010G222870	evm.model.RL_7.1549
OG0017342	As010G222970	evm.model.RL_7.1558
OG0017343	As010G223300	evm.model.RL_7.1591
OG0017344	As010G223390	evm.model.RL_7.1607
OG0017345	As010G223590	evm.model.RL_7.1634
OG0017346	As010G224100	evm.model.RL_7.1674
OG0017347	As010G224250	evm.model.RL_7.1694
OG0017348	As010G224520	evm.model.RL_7.1724
OG0017349	As010G224840	evm.model.RL_2.926
OG0017350	As010G225360	evm.model.RL_7.1826
OG0017352	As010G226190	evm.model.RL_7.1907
OG0017354	As010G226990	evm.model.RL_7.1961
OG0017355	As010G227400	evm.model.RL_4.1632
OG0017356	As010G227670	evm.model.RL_3.1154
OG0017357	As010G227870	evm.model.RL_3.1149
OG0017358	As010G229080	evm.model.RL_4.2250
OG0017359	As010G229700	evm.model.RL_3.1165
OG0017360	As010G230590	evm.model.RL_3.1160
OG0017361	As010G231350	evm.model.RL_3.1272
OG0017362	As010G232110	evm.model.RL_3.1301.2.687c84bc
OG0017363	As010G232210	evm.model.RL_3.1304
OG0017364	As010G232530	evm.model.RL_8.1037
OG0017365	As010G232580	evm.model.RL_3.1334
OG0017366	As010G232600	evm.model.RL_3.1337
OG0017367	As010G232780	evm.model.RL_3.1361
OG0017368	As010G233550	evm.model.RL_3.1454
OG0017369	As010G233560	evm.model.RL_3.546
OG0017370	As010G233670	evm.model.RL_3.1467
OG0017371	As010G233870	evm.model.RL_3.1498
OG0017372	As010G233990	evm.model.RL_3.1513
OG0017373	As010G234010	evm.model.RL_3.1515
OG0017374	As010G234330	evm.model.RL_3.1554
OG0017375	As010G235480	evm.model.RL_3.2195
OG0017376	As010G235520	evm.model.RL_3.2190
OG0017377	As010G235990	evm.model.RL_3.2153
OG0017378	As010G236020	evm.model.RL_3.2150
OG0017379	As010G236110	evm.model.RL_3.2139
OG0017380	As010G236440	evm.model.RL_3.2107
OG0017381	As010G236720	evm.model.RL_3.2081
OG0017382	As010G236820	evm.model.RL_3.2073
OG0017383	As010G236840	evm.model.RL_3.2071
OG0017384	As010G237310	evm.model.RL_3.2034
OG0017385	As010G237630	evm.model.RL_3.1997
OG0017386	As010G237700	evm.model.RL_3.1991
OG0017387	As010G238070	evm.model.RL_5.1805
OG0017388	As010G238560	evm.model.RL_3.1912
OG0017389	As010G238860	evm.model.RL_3.1880
OG0017390	As010G239180	evm.model.RL_3.1755
OG0017391	As010G239320	evm.model.RL_4.1711
OG0017392	As010G239420	evm.model.RL_3.1826
OG0017393	As010G239520	evm.model.RL_2.643
OG0017394	As010G239810	evm.model.RL_3.1782
OG0017395	As010G239930	evm.model.RL_3.1774
OG0017396	As010G240210	evm.model.RL_3.1746
OG0017397	As010G240300	evm.model.RL_3.1736
OG0017398	As010G240530	evm.model.RL_3.1721
OG0017399	As010G240810	evm.model.RL_3.1702
OG0017400	As010G241210	evm.model.RL_3.1649
OG0017401	As010G241910	evm.model.RL_3.2250
OG0017402	As010G242120	evm.model.RL_3.2276
OG0017403	As010G242500	evm.model.RL_3.2316
OG0017404	As010G242890	evm.model.RL_3.2350
OG0017405	As010G242950	evm.model.RL_5.2276
OG0017406	As010G243120	evm.model.RL_3.2372
OG0017407	As010G243240	evm.model.RL_3.2383
OG0017408	As010G243360	evm.model.RL_3.2390
OG0017409	As010G244090	evm.model.RL_3.2461
OG0017410	As010G244270	evm.model.RL_3.2475
OG0017411	As010G244440	evm.model.RL_3.2495
OG0017412	As010G244460	evm.model.RL_3.2497
OG0017413	As010G244580	evm.model.RL_3.2507
OG0017414	As011G244800	evm.model.RL_1.1195
OG0017415	As011G245010	evm.model.RL_1.1221
OG0017416	As011G245220	evm.model.RL_1.1242
OG0017417	As011G245530	evm.model.RL_1.1265
OG0017418	As011G245660	evm.model.RL_1.1286
OG0017419	As011G245740	evm.model.RL_1.1293
OG0017420	As011G246720	evm.model.RL_1.1378
OG0017421	As011G246730	evm.model.RL_1.1379
OG0017422	As011G247160	evm.model.RL_1.1422
OG0017423	As011G247250	evm.model.RL_1.1432, evm.model.RL_1.1448
OG0017424	As011G247270	evm.model.RL_1.1434.3.687c87ed
OG0017425	As011G247530	evm.model.RL_1.1461
OG0017426	As011G247820	evm.model.RL_1.1491
OG0017427	As011G248460	evm.model.RL_1.1561
OG0017428	As011G248670	evm.model.RL_1.1578
OG0017429	As011G248990	evm.model.RL_1.1605
OG0017431	As011G250500	evm.model.RL_1.1755.1.687c87ee
OG0017432	As011G250530	evm.model.RL_1.1757
OG0017433	As011G251100	evm.model.RL_1.1807
OG0017434	As011G251320, As011G257260	evm.model.RL_1.1829
OG0017435	As011G251690	evm.model.RL_1.1866
OG0017436	As011G251730	evm.model.RL_1.1871
OG0017437	As011G251800	evm.model.RL_1.1876
OG0017438	As011G251830	evm.model.RL_1.1883
OG0017439	As011G251850	evm.model.RL_1.1884
OG0017440	As011G253410	evm.model.RL_1.2077
OG0017441	As011G253620	evm.model.RL_1.2052
OG0017442	As011G253630	evm.model.RL_1.2051
OG0017444	As011G253750	evm.model.RL_1.2088
OG0017445	As011G254470	evm.model.RL_1.2154
OG0017446	As011G254660	evm.model.RL_8.1261
OG0017448	As011G255200	evm.model.RL_1.2221
OG0017449	As011G255660	evm.model.RL_1.2273
OG0017450	As011G256590	evm.model.RL_1.2347
OG0017451	As011G256600	evm.model.RL_1.2348.1.687c87ef
OG0017452	As011G256900	evm.model.RL_1.2373
OG0017453	As011G257510	evm.model.RL_1.2384
OG0017454	As011G258860	evm.model.RL_6.482
OG0017455	As011G259390	evm.model.RL_1.2506
OG0017456	As011G259850	evm.model.RL_1.2579
OG0017457	As011G260710	evm.model.RL_1.2608
OG0017458	As011G260920	evm.model.RL_1.2624
OG0017459	As011G261410	evm.model.RL_1.2549
OG0017460	As011G262020	evm.model.RL_1.2663
OG0017461	As011G262190	evm.model.RL_1.2684
OG0017462	As011G263070	evm.model.RL_1.2793
OG0017463	As011G263370	evm.model.RL_1.2819
OG0017464	As011G264230	evm.model.RL_1.2898
OG0017465	As011G264420	evm.model.RL_1.2928
OG0017466	As011G264660	evm.model.RL_1.2950
OG0017467	As011G264750	evm.model.RL_1.2963
OG0017468	As011G265270	evm.model.RL_1.3026
OG0017469	As011G265620	evm.model.RL_1.3062
OG0017470	As011G266090	evm.model.RL_1.3125
OG0017471	As011G266720	evm.model.RL_1.3184
OG0017472	As011G267000	evm.model.RL_1.3206
OG0017473	As011G267080	evm.model.RL_1.3211
OG0017474	As011G267310	evm.model.RL_2.2352
OG0017475	As011G267470	evm.model.RL_1.3274
OG0017476	As011G267490	evm.model.RL_1.3271
OG0017477	As011G267540	evm.model.RL_1.3266
OG0017478	As011G267600	evm.model.RL_1.3288
OG0017479	As011G267610	evm.model.RL_1.3290
OG0017480	As012G267760	evm.model.RL_5.4009
OG0017481	As012G267990	evm.model.RL_5.3968
OG0017482	As012G268170	evm.model.RL_5.3952
OG0017483	As012G268300	evm.model.RL_5.3940
OG0017484	As012G268760	evm.model.RL_5.3911
OG0017485	As012G268860	evm.model.RL_5.3901
OG0017486	As012G268880	evm.model.RL_5.3898
OG0017487	As012G268890	evm.model.RL_5.3897
OG0017488	As012G269090	evm.model.RL_5.3883
OG0017489	As012G269340	evm.model.RL_5.3855
OG0017490	As012G269510	evm.model.RL_5.3832
OG0017491	As012G270000	evm.model.RL_5.3771
OG0017492	As012G270020	evm.model.RL_5.3769
OG0017493	As012G270550	evm.model.RL_5.3723
OG0017494	As012G270610	evm.model.RL_5.3717
OG0017495	As012G272020	evm.model.RL_5.1983
OG0017496	As012G272070	evm.model.RL_5.1987
OG0017497	As012G272300	evm.model.RL_5.2015
OG0017499	As012G273340	evm.model.RL_5.2120
OG0017500	As012G273400	evm.model.RL_5.2128
OG0017501	As012G273420	evm.model.RL_5.2130
OG0017502	As012G273520	evm.model.RL_5.2141
OG0017504	As012G273840	evm.model.RL_5.2177
OG0017505	As012G274210	evm.model.RL_2.1178.1.687c86e2
OG0017506	As012G274240	evm.model.RL_2.1174
OG0017507	As012G274740	evm.model.RL_2.1118
OG0017508	As012G274840	evm.model.RL_2.1107
OG0017509	As012G274850	evm.model.RL_2.1106
OG0017510	As012G275060	evm.model.RL_5.2890
OG0017511	As012G275330	evm.model.RL_6.1539
OG0017512	As012G275390	evm.model.RL_6.1532
OG0017513	As012G275720	evm.model.RL_7.1170
OG0017514	As012G275730	evm.model.RL_7.1168
OG0017515	As012G276220	evm.model.RL_7.1115
OG0017516	As012G276290	evm.model.RL_7.1107
OG0017518	As012G276570	evm.model.RL_7.1088
OG0017519	As012G277530	evm.model.RL_7.1017
OG0017520	As012G277590	evm.model.RL_7.1012
OG0017521	As012G277600	evm.model.RL_7.1011
OG0017522	As012G277660	evm.model.RL_7.997
OG0017523	As012G278100	evm.model.RL_7.978
OG0017524	As012G279520	evm.model.RL_7.936
OG0017525	As012G279810	evm.model.RL_7.953
OG0017526	As012G280000	evm.model.RL_7.949
OG0017527	As012G281010	evm.model.RL_7.882
OG0017528	As012G281300	evm.model.RL_7.866
OG0017529	As012G281340	evm.model.RL_7.918, evm.model.RL_7.863
OG0017530	As012G281740	evm.model.RL_7.828
OG0017531	As012G281930	evm.model.RL_7.817
OG0017532	As012G281950	evm.model.RL_7.814
OG0017533	As012G282090	evm.model.RL_7.796.2.687c84b6
OG0017534	As012G282370	evm.model.RL_7.770
OG0017535	As012G282420	evm.model.RL_7.777
OG0017536	As012G282570	evm.model.RL_7.754
OG0017537	As012G282840	evm.model.RL_7.752
OG0017538	As012G283060	evm.model.RL_7.710
OG0017539	As012G283850	evm.model.RL_7.636
OG0017540	As012G284040	evm.model.RL_7.613
OG0017541	As012G284930	evm.model.RL_7.497
OG0017542	As012G285060	evm.model.RL_7.481
OG0017543	As012G285160	evm.model.RL_7.457
OG0017544	As012G285820	evm.model.RL_7.380
OG0017545	As012G285830	evm.model.RL_7.378
OG0017546	As012G286320	evm.model.RL_7.322
OG0017547	As012G286730	evm.model.RL_7.1187
OG0017548	As012G286890	evm.model.RL_7.286
OG0017549	As012G286940	evm.model.RL_7.284
OG0017550	As012G287820	evm.model.RL_7.188
OG0017551	As012G288120	evm.model.RL_7.145.1.687c84b3
OG0017552	As012G288460	evm.model.RL_7.104
OG0017553	As012G288680	evm.model.RL_7.95
OG0017554	As012G289260	evm.model.RL_7.27
OG0017555	As012G289360	evm.model.RL_7.18
OG0017556	As012G289400	evm.model.RL_7.275
OG0017751	As001G000580	evm.model.RL_2.2383
OG0017752	As001G000610	evm.model.RL_2.2388
OG0017753	As001G001420	evm.model.RL_2.2483
OG0017754	As001G003390	evm.model.RL_2.2621.3.687c86e6
OG0017755	As001G004160	evm.model.RL_2.2698
OG0017756	As001G004690	evm.model.RL_2.2730
OG0017758	As001G013660	evm.model.RL_5.1963
OG0017759	As001G014550	evm.model.RL_2.3005
OG0017760	As001G015100	evm.model.RL_2.3038
OG0017761	As001G016170	evm.model.RL_2.2818
OG0017762	As001G016780	evm.model.RL_5.2732
OG0017763	As001G016950	evm.model.RL_5.2716
OG0017764	As001G017030	evm.model.RL_5.2708
OG0017765	As001G017220	evm.model.RL_2.1266
OG0017766	As001G018460	evm.model.RL_3.763
OG0017767	As001G019040	evm.model.RL_3.675
OG0017768	As001G020500	evm.model.RL_3.488
OG0017769	As001G020560	evm.model.RL_3.483
OG0017770	As001G020980	evm.model.RL_3.437
OG0017772	As001G022330	evm.model.RL_7.2669
OG0017773	As001G022390	evm.model.RL_7.2674
OG0017774	As001G022440	evm.model.RL_7.2678
OG0017775	As001G022510	evm.model.RL_7.2685
OG0017776	As001G022640	evm.model.RL_7.2696
OG0017777	As001G022880	evm.model.RL_7.2719
OG0017778	As001G023820	evm.model.RL_7.2557
OG0017779	As001G023890	evm.model.RL_7.2549
OG0017780	As001G023950	evm.model.RL_7.2540
OG0017781	As001G024030	evm.model.RL_7.2523
OG0017782	As001G025500	evm.model.RL_7.2366
OG0017783	As001G025670	evm.model.RL_7.2349
OG0017784	As001G026190	evm.model.RL_7.2285
OG0017785	As001G026220	evm.model.RL_7.2282.1.687c84bc
OG0017786	As001G026760	evm.model.RL_7.2235.1.687c84bc
OG0017787	As001G027160	evm.model.RL_7.2180
OG0017788	As001G027740	evm.model.RL_7.2099
OG0017789	As001G028890	evm.model.RL_3.1009
OG0017790	As001G028930	evm.model.RL_7.2628
OG0017791	As001G029180	evm.model.RL_3.969
OG0017792	As001G029340	evm.model.RL_3.949
OG0017793	As001G029350	evm.model.RL_3.947
OG0017794	As001G030080	evm.model.RL_8.1590
OG0017795	As001G030620	evm.model.RL_3.42
OG0017796	As001G031410	evm.model.RL_3.161
OG0017797	As002G034690	evm.model.RL_1.883
OG0017798	As002G035490	evm.model.RL_2.2294
OG0017799	As002G037590	evm.model.RL_1.1087
OG0017800	As002G039270	evm.model.RL_8.978
OG0017801	As002G041910	evm.model.RL_8.1124
OG0017802	As002G042770	evm.model.RL_8.1204
OG0017803	As002G043470	evm.model.RL_8.1258
OG0017805	As002G044580	evm.model.RL_8.1376
OG0017806	As003G057210, As002G045270	evm.model.RL_2.1434
OG0017808	As002G045720	evm.model.RL_8.1476
OG0017809	As002G048870	evm.model.RL_8.1793
OG0017810	As002G049360	evm.model.RL_8.1844
OG0017811	As002G050380	evm.model.RL_4.2298
OG0017812	As002G050620	evm.model.RL_4.2319
OG0017814	As002G053060	evm.model.RL_4.2553
OG0017815	As002G053360, As002G053380	evm.model.RL_4.2583
OG0017816	As002G053910	evm.model.RL_4.2651
OG0017817	As002G054300	evm.model.RL_4.2691
OG0017818	As002G054350	evm.model.RL_4.2696
OG0017819	As002G054370	evm.model.RL_4.2699
OG0017820	As002G054830	evm.model.RL_4.2748
OG0017821	As002G055250	evm.model.RL_4.2796
OG0017822	As002G055270	evm.model.RL_4.2798
OG0017823	As003G056020	evm.model.RL_2.1317
OG0017824	As003G056300	evm.model.RL_2.1343
OG0017825	As003G056940	evm.model.RL_1.2233
OG0017826	As003G057310	evm.model.RL_2.1444
OG0017827	As003G057790	evm.model.RL_2.1497
OG0017828	As003G059180	evm.model.RL_2.1638
OG0017829	As003G060560	evm.model.RL_2.1762
OG0017830	As003G061150	evm.model.RL_6.1562
OG0017832	As003G062790	evm.model.RL_5.2621
OG0017833	As003G063560	evm.model.RL_5.2515, evm.model.RL_5.2516
OG0017834	As003G063980	evm.model.RL_5.2481
OG0017835	As003G064210	evm.model.RL_5.2430
OG0017836	As003G064280	evm.model.RL_5.2424
OG0017837	As003G064570	evm.model.RL_5.2332
OG0017838	As003G064660	evm.model.RL_5.2356
OG0017839	As003G064880	evm.model.RL_5.2365
OG0017840	As003G069280	evm.model.RL_5.3036
OG0017842	As003G070610	evm.model.RL_5.2933
OG0017843	As003G071100	evm.model.RL_5.2882
OG0017844	As003G071150	evm.model.RL_5.2875
OG0017845	As003G071800	evm.model.RL_2.3074
OG0017847	As003G073350	evm.model.RL_2.3232
OG0017848	As003G073450	evm.model.RL_2.3242
OG0017849	As003G073610	evm.model.RL_2.3255
OG0017850	As003G073750	evm.model.RL_2.3264
OG0017851	As003G074080	evm.model.RL_2.3289
OG0017852	As003G074370	evm.model.RL_2.3312
OG0017853	As003G074740	evm.model.RL_2.3343
OG0017854	As003G075140	evm.model.RL_2.3385
OG0017855	As004G077270	evm.model.RL_2.471
OG0017856	As004G077320	evm.model.RL_2.454
OG0017857	As004G077760	evm.model.RL_2.376
OG0017858	As004G078410	evm.model.RL_2.272
OG0017859	As004G078680	evm.model.RL_6.1583
OG0017860	As004G079810	evm.model.RL_6.1604
OG0017861	As004G080340	evm.model.RL_8.852
OG0017862	As004G080510	evm.model.RL_8.873
OG0017863	As004G081010	evm.model.RL_6.1527
OG0017864	As004G081610	evm.model.RL_6.1455
OG0017865	As004G082460	evm.model.RL_4.654
OG0017866	As004G082620	evm.model.RL_4.677
OG0017867	As004G082640	evm.model.RL_4.680
OG0017868	As004G083290	evm.model.RL_8.801
OG0017869	As004G083560	evm.model.RL_8.760
OG0017870	As004G083580	evm.model.RL_8.759
OG0017871	As004G083910	evm.model.RL_8.713
OG0017872	As004G084070	evm.model.RL_8.695
OG0017873	As004G084110	evm.model.RL_3.851, evm.model.RL_8.691
OG0017874	As004G084470	evm.model.RL_8.644
OG0017875	As004G084840	evm.model.RL_8.583
OG0017876	As004G085320	evm.model.RL_8.524
OG0017877	As004G087610	evm.model.RL_4.337
OG0017878	As004G088030	evm.model.RL_4.281
OG0017879	As004G088280	evm.model.RL_4.247
OG0017880	As004G088820	evm.model.RL_4.191.2.687c86cd
OG0017881	As004G089080	evm.model.RL_4.163
OG0017882	As004G089160	evm.model.RL_4.139
OG0017883	As004G089540	evm.model.RL_4.103
OG0017884	As004G090170	evm.model.RL_2.620
OG0017885	As004G090570	evm.model.RL_4.6.5.687c86cc
OG0017886	As007G161930, As004G093870, As004G093880, As004G091090, As007G161910, As007G161890	evm.model.RL_5.3177
OG0017887	As004G092010	evm.model.RL_2.638
OG0017888	As004G092540	evm.model.RL_2.590
OG0017889	As004G092760	evm.model.RL_2.755
OG0017891	As004G093400	evm.model.RL_2.795
OG0017892	As004G093470	evm.model.RL_2.805
OG0017894	As004G094490	evm.model.RL_2.861
OG0017896	As004G095090	evm.model.RL_2.909
OG0017897	As004G095100	evm.model.RL_2.910
OG0017898	As004G095250	evm.model.RL_2.942
OG0017899	As004G095310	evm.model.RL_2.949
OG0017900	As004G095630	evm.model.RL_2.970
OG0017901	As004G096650	evm.model.RL_2.1087
OG0017902	As004G096840	evm.model.RL_7.528
OG0017903	As004G097370	evm.model.RL_2.38
OG0017904	As004G097740	evm.model.RL_2.101.2.687c86df
OG0017905	As005G099870	evm.model.RL_6.2861
OG0017906	As005G100150	evm.model.RL_6.2831
OG0017907	As005G100470	evm.model.RL_6.2799
OG0017908	As005G101690	evm.model.RL_6.2680
OG0017909	As005G101780	evm.model.RL_6.2666
OG0017910	As005G102410	evm.model.RL_6.2601
OG0017911	As005G102970	evm.model.RL_6.2548
OG0017912	As005G104210	evm.model.RL_6.2436
OG0017913	As005G104340	evm.model.RL_6.2423
OG0017914	As005G104420	evm.model.RL_6.2418
OG0017915	As005G104570	evm.model.RL_6.2406
OG0017916	As005G105090	evm.model.RL_6.2329
OG0017917	As005G105220	evm.model.RL_6.2345
OG0017918	As005G106330	evm.model.RL_4.3406
OG0017920	As005G106360	evm.model.RL_4.3403
OG0017921	As005G106510	evm.model.RL_4.3390
OG0017922	As005G106910	evm.model.RL_4.3351
OG0017923	As005G108240	evm.model.RL_7.323
OG0017924	As005G108460	evm.model.RL_4.3172
OG0017925	As005G110150	evm.model.RL_4.1680
OG0017926	As005G112220	evm.model.RL_4.1582
OG0017927	As005G114540	evm.model.RL_8.2084
OG0017928	As005G115480	evm.model.RL_8.2040
OG0017929	As005G115920	evm.model.RL_8.1971
OG0017930	As005G117490	evm.model.RL_8.2530
OG0017931	As005G117740	evm.model.RL_8.2555.2.687c8562
OG0017932	As005G120290	evm.model.RL_8.2808
OG0017933	As005G120430	evm.model.RL_8.2817
OG0017934	As005G120600	evm.model.RL_8.2830
OG0017935	As005G120760, As010G220320	evm.model.RL_8.2851
OG0017936	As006G121040	evm.model.RL_8.14
OG0017937	As006G121050	evm.model.RL_8.15
OG0017938	As006G121160	evm.model.RL_4.77, evm.model.RL_8.31
OG0017939	As006G121500	evm.model.RL_8.63
OG0017940	As006G121930	evm.model.RL_8.112
OG0017941	As006G121960	evm.model.RL_8.119
OG0017942	As006G122340	evm.model.RL_8.230
OG0017943	As006G123210	evm.model.RL_8.263
OG0017945	As006G126920	evm.model.RL_6.1266
OG0017946	As006G128580	evm.model.RL_6.1087
OG0017947	As006G128660	evm.model.RL_6.1073
OG0017948	As006G129660	evm.model.RL_5.637
OG0017949	As006G130630	evm.model.RL_6.782
OG0017950	As006G131380	evm.model.RL_5.3702
OG0017952	As006G132110	evm.model.RL_6.495
OG0017953	As006G132850	evm.model.RL_1.70
OG0017954	As006G133060	evm.model.RL_1.60
OG0017955	As006G133140, As006G139910	evm.model.RL_1.567
OG0017956	As006G133160	evm.model.RL_1.44
OG0017957	As006G133450	evm.model.RL_1.20
OG0017958	As006G133510	evm.model.RL_1.17
OG0017959	As006G133620	evm.model.RL_1.6
OG0017960	As006G133770	evm.model.RL_1.765
OG0017961	As006G133800	evm.model.RL_4.3432
OG0017962	As006G133940	evm.model.RL_4.3422
OG0017964	As006G134440	evm.model.RL_2.2206
OG0017965	As006G134540	evm.model.RL_2.2196
OG0017966	As006G135860	evm.model.RL_1.207
OG0017967	As006G136360	evm.model.RL_1.253
OG0017968	As006G136520	evm.model.RL_1.266
OG0017969	As006G136570	evm.model.RL_1.270
OG0017970	As006G136640	evm.model.RL_1.277
OG0017971	As006G136650	evm.model.RL_1.280
OG0017972	As006G137710	evm.model.RL_1.366
OG0017973	As006G137800	evm.model.RL_1.373
OG0017974	As006G137970	evm.model.RL_1.392
OG0017975	As006G138490	evm.model.RL_4.784
OG0017976	As006G138570	evm.model.RL_1.458
OG0017977	As006G138580	evm.model.RL_1.457
OG0017978	As006G138980	evm.model.RL_1.488
OG0017979	As006G139130	evm.model.RL_1.506
OG0017980	As006G139930	evm.model.RL_1.570
OG0017981	As006G141210	evm.model.RL_1.696
OG0017982	As006G141370	evm.model.RL_1.709
OG0017983	As006G141650	evm.model.RL_1.743
OG0017984	As006G142070	evm.model.RL_1.788
OG0017985	As006G142090	evm.model.RL_1.789
OG0017986	As006G143810	evm.model.RL_6.2047
OG0017987	As006G144840	evm.model.RL_6.1722
OG0017988	As006G144910, As006G144920	evm.model.RL_6.1727
OG0017989	As006G144960	evm.model.RL_6.1730
OG0017990	As006G145960	evm.model.RL_6.1851
OG0017991	As006G147540	evm.model.RL_6.1915
OG0017993	As007G151950	evm.model.RL_5.1384
OG0017994	As007G152140	evm.model.RL_5.1408
OG0017996	As007G153340	evm.model.RL_5.1536
OG0017997	As007G154090	evm.model.RL_5.1601
OG0017998	As007G154470	evm.model.RL_5.1658
OG0017999	As007G154980	evm.model.RL_5.1690
OG0018000	As007G155450	evm.model.RL_5.1738
OG0018001	As007G156340	evm.model.RL_5.1848.1.687c88b7
OG0018002	As007G156420	evm.model.RL_5.1853
OG0018003	As007G156430	evm.model.RL_5.1854
OG0018004	As007G156470	evm.model.RL_5.3700
OG0018006	As007G158510	evm.model.RL_5.3518
OG0018007	As007G158780	evm.model.RL_4.766
OG0018008	As007G158940	evm.model.RL_5.3484
OG0018009	As007G159340	evm.model.RL_5.3445
OG0018010	As007G159680	evm.model.RL_5.3405
OG0018011	As007G160230	evm.model.RL_5.3346
OG0018012	As007G160750	evm.model.RL_5.3283
OG0018013	As007G161410	evm.model.RL_5.3222
OG0018014	As007G162210	evm.model.RL_5.3168
OG0018015	As007G162950	evm.model.RL_2.1957
OG0018017	As007G164800	evm.model.RL_2.2052
OG0018018	As007G176790	evm.model.RL_6.403
OG0018019	As007G176910	evm.model.RL_6.400
OG0018020	As007G177340	evm.model.RL_6.379
OG0018021	As007G178230	evm.model.RL_6.321
OG0018022	As007G178520	evm.model.RL_6.299
OG0018023	As007G179040	evm.model.RL_6.281
OG0018024	As007G179270	evm.model.RL_6.251
OG0018025	As007G179410	evm.model.RL_6.242
OG0018026	As007G179640	evm.model.RL_6.226
OG0018027	As007G180020	evm.model.RL_6.173
OG0018028	As007G180350	evm.model.RL_6.138
OG0018030	As008G183940	evm.model.RL_5.1178
OG0018031	As008G186130	evm.model.RL_5.992
OG0018032	As008G186990	evm.model.RL_5.924
OG0018033	As008G188140	evm.model.RL_5.821
OG0018034	As008G189190	evm.model.RL_5.755
OG0018035	As008G192070	evm.model.RL_5.626
OG0018036	As008G192850	evm.model.RL_5.586
OG0018037	As008G194020	evm.model.RL_5.470
OG0018039	As008G194710	evm.model.RL_5.421
OG0018040	As008G194840	evm.model.RL_5.408
OG0018041	As008G195610	evm.model.RL_5.345
OG0018042	As008G195700	evm.model.RL_5.335
OG0018043	As008G196480	evm.model.RL_5.268
OG0018044	As008G196500	evm.model.RL_5.266
OG0018045	As008G196780	evm.model.RL_5.211
OG0018046	As008G197700	evm.model.RL_5.133
OG0018047	As008G198540	evm.model.RL_5.53
OG0018048	As008G198840	evm.model.RL_5.28
OG0018049	As008G199330	evm.model.RL_8.2900
OG0018050	As008G199350	evm.model.RL_8.2902
OG0018051	As008G199390	evm.model.RL_8.2906
OG0018053	As009G200250	evm.model.RL_4.2210
OG0018055	As009G200710	evm.model.RL_4.2134.1.687c86d7
OG0018056	As009G201270	evm.model.RL_4.2102
OG0018057	As009G203700, As009G203690	evm.model.RL_4.1871
OG0018058	As009G203980	evm.model.RL_4.1839
OG0018059	As009G204180	evm.model.RL_4.1819
OG0018060	As009G204760	evm.model.RL_4.1760
OG0018061	As009G205810	evm.model.RL_4.1086
OG0018062	As009G206300	evm.model.RL_2.597
OG0018063	As009G207000	evm.model.RL_4.982
OG0018064	As009G207090	evm.model.RL_4.973
OG0018065	As009G207770	evm.model.RL_4.883
OG0018066	As009G210250	evm.model.RL_4.2261
OG0018068	As009G212550	evm.model.RL_4.2926
OG0018069	As009G212930	evm.model.RL_4.2959
OG0018070	As009G213970	evm.model.RL_4.3028
OG0018071	As009G214310	evm.model.RL_4.3061
OG0018072	As009G216120	evm.model.RL_4.1290
OG0018074	As009G217960	evm.model.RL_8.2208
OG0018075	As009G218000	evm.model.RL_8.2213
OG0018077	As009G218160	evm.model.RL_8.2230
OG0018078	As009G218390	evm.model.RL_8.2257
OG0018079	As009G219730	evm.model.RL_8.1937
OG0018080	As010G221500	evm.model.RL_7.1420
OG0018081	As010G222210	evm.model.RL_7.1482
OG0018082	As010G222290	evm.model.RL_7.1493
OG0018083	As010G224160	evm.model.RL_7.1687
OG0018084	As010G226600	evm.model.RL_7.1975
OG0018085	As010G226980	evm.model.RL_7.1962
OG0018086	As010G227230	evm.model.RL_5.3456
OG0018087	As010G227260	evm.model.RL_7.1950
OG0018088	As010G227610	evm.model.RL_7.2011
OG0018090	As010G231490	evm.model.RL_3.1266
OG0018091	As010G231730	evm.model.RL_3.1280
OG0018092	As010G232060	evm.model.RL_3.1295
OG0018093	As010G232300	evm.model.RL_3.1310
OG0018094	As010G234130	evm.model.RL_3.1530
OG0018095	As010G234520	evm.model.RL_3.1566
OG0018097	As010G236260	evm.model.RL_3.2125
OG0018098	As010G236310	evm.model.RL_3.2116
OG0018099	As010G237120	evm.model.RL_3.2048
OG0018100	As010G237670	evm.model.RL_3.1994
OG0018101	As010G238280	evm.model.RL_3.1940
OG0018102	As010G238410	evm.model.RL_3.1931
OG0018103	As010G238450	evm.model.RL_3.1927
OG0018104	As010G238810	evm.model.RL_3.1885
OG0018105	As010G238830	evm.model.RL_3.1883.5.687c84bd
OG0018106	As010G238930	evm.model.RL_3.1873
OG0018107	As010G239440	evm.model.RL_3.1823
OG0018108	As010G240700	evm.model.RL_3.1706
OG0018109	As010G240760	evm.model.RL_6.2961
OG0018110	As010G241180	evm.model.RL_3.1653
OG0018111	As010G242560	evm.model.RL_3.2323
OG0018112	As010G242690	evm.model.RL_3.2332
OG0018113	As010G242790	evm.model.RL_3.2343
OG0018114	As010G244420	evm.model.RL_3.2493
OG0018115	As011G244670	evm.model.RL_1.1175
OG0018116	As011G244790	evm.model.RL_1.1194
OG0018117	As011G245030	evm.model.RL_1.1223
OG0018118	As011G245110	evm.model.RL_1.1233
OG0018119	As011G245120	evm.model.RL_1.1234
OG0018120	As011G245130	evm.model.RL_7.1884
OG0018122	As011G247240	evm.model.RL_1.1430
OG0018123	As011G247500	evm.model.RL_1.1458
OG0018124	As011G250080	evm.model.RL_1.1715
OG0018125	As011G250520	evm.model.RL_1.1756
OG0018126	As011G254150	evm.model.RL_1.2122
OG0018127	As011G254250	evm.model.RL_1.2135
OG0018128	As011G254920	evm.model.RL_1.2193
OG0018129	As011G255840	evm.model.RL_1.2291
OG0018130	As011G255930	evm.model.RL_1.2294
OG0018131	As011G255970	evm.model.RL_2.630
OG0018132	As011G258240	evm.model.RL_1.2449
OG0018133	As011G259010	evm.model.RL_1.2493
OG0018134	As011G259190	evm.model.RL_1.2616
OG0018135	As011G260510	evm.model.RL_1.2592
OG0018136	As011G261360	evm.model.RL_1.2551
OG0018137	As011G261390	evm.model.RL_1.2550
OG0018139	As011G261980	evm.model.RL_1.2664
OG0018140	As011G262530	evm.model.RL_1.2725
OG0018141	As011G262840	evm.model.RL_1.2770
OG0018142	As011G263060	evm.model.RL_1.2792
OG0018143	As011G263490	evm.model.RL_1.2833.2.687c87f0
OG0018144	As011G264490	evm.model.RL_1.2936
OG0018145	As011G265210	evm.model.RL_1.3034
OG0018146	As011G266010	evm.model.RL_1.3111
OG0018147	As011G267300	evm.model.RL_1.3255
OG0018148	As011G267390	evm.model.RL_1.3261
OG0018149	As012G269630	evm.model.RL_5.3815
OG0018150	As012G270410	evm.model.RL_5.3740
OG0018151	As012G270870	evm.model.RL_5.1867
OG0018152	As012G271030	evm.model.RL_5.1880
OG0018153	As012G273330	evm.model.RL_5.2119
OG0018154	As012G273460	evm.model.RL_5.2101
OG0018155	As012G273710	evm.model.RL_5.2160
OG0018156	As012G273720	evm.model.RL_5.2
OG0018157	As012G275200	evm.model.RL_5.316
OG0018158	As012G276280	evm.model.RL_7.1108
OG0018159	As012G276620	evm.model.RL_7.1082
OG0018160	As012G276830	evm.model.RL_7.1067
OG0018161	As012G281120	evm.model.RL_7.880
OG0018164	As012G282940	evm.model.RL_7.723
OG0018165	As012G282980	evm.model.RL_7.715
OG0018166	As012G283960	evm.model.RL_7.623
OG0018167	As012G284180	evm.model.RL_7.581
OG0018168	As012G284800	evm.model.RL_7.509
OG0018169	As012G285210	evm.model.RL_7.452
OG0018170	As012G286280	evm.model.RL_7.327
OG0018171	As012G287480	evm.model.RL_7.221
OG0018172	As012G288410	evm.model.RL_7.109
OG0018336	As001G006200	evm.model.RL_4.1423
OG0018337	As001G017620	evm.model.RL_2.1232
OG0018340	As001G018730	evm.model.RL_3.735
OG0018341	As001G019210	evm.model.RL_3.642.2.687c84ba
OG0018342	As001G020230	evm.model.RL_3.526
OG0018344	As001G024240	evm.model.RL_7.2507
OG0018347	As001G028690	evm.model.RL_3.1040
OG0018348	As001G028980	evm.model.RL_3.1003
OG0018349	As001G029330	evm.model.RL_3.950
OG0018350	As001G029690	evm.model.RL_3.799
OG0018351	As001G031790	evm.model.RL_3.202, evm.model.RL_3.683
OG0018352	As002G033900, As005G106840	evm.model.RL_4.3358
OG0018353	As002G034590, As002G034520, As002G034780, As005G108090, As005G108080	evm.model.RL_4.3222, evm.model.RL_4.3223, evm.model.RL_4.3227
OG0018354	As002G036440	evm.model.RL_5.4007
OG0018356	As002G040870	evm.model.RL_8.1083
OG0018357	As002G041380	evm.model.RL_8.1105
OG0018358	As002G041600	evm.model.RL_8.1106
OG0018359	As002G042080	evm.model.RL_8.1138
OG0018360	As002G042330	evm.model.RL_8.1170
OG0018361	As002G042810	evm.model.RL_8.1208
OG0018362	As002G043240	evm.model.RL_8.1228
OG0018363	As002G043670	evm.model.RL_8.1278
OG0018364	As002G043820	evm.model.RL_8.1290
OG0018366	As002G047620	evm.model.RL_8.1667
OG0018368	As002G050180	evm.model.RL_4.748
OG0018369	As002G050420	evm.model.RL_4.2302
OG0018370	As002G054530	evm.model.RL_4.2712
OG0018371	As002G055380	evm.model.RL_4.2813
OG0018372	As003G056460	evm.model.RL_2.1361
OG0018373	As003G056630	evm.model.RL_2.1382
OG0018374	As003G057660	evm.model.RL_2.1481
OG0018375	As003G058100	evm.model.RL_2.1538
OG0018376	As003G058990	evm.model.RL_2.1614
OG0018377	As003G061650	evm.model.RL_2.1875
OG0018378	As003G062740	evm.model.RL_5.2631
OG0018379	As003G065080	evm.model.RL_5.2386
OG0018380	As003G069890	evm.model.RL_5.2999
OG0018381	As003G073100	evm.model.RL_2.3206
OG0018383	As003G075850	evm.model.RL_2.3431
OG0018384	As004G076690	evm.model.RL_1.1897, evm.model.RL_2.1691
OG0018385	As004G077700	evm.model.RL_2.383
OG0018387	As004G081270	evm.model.RL_6.1491
OG0018388	As004G081280	evm.model.RL_6.1490
OG0018389	As004G082320	evm.model.RL_4.633
OG0018391	As004G083510	evm.model.RL_5.2623
OG0018392	As004G084040	evm.model.RL_8.697
OG0018393	As004G084200	evm.model.RL_8.678
OG0018396	As004G086820, As004G086860	evm.model.RL_4.400
OG0018397	As004G087420	evm.model.RL_4.353
OG0018398	As004G087930	evm.model.RL_4.290
OG0018399	As004G090840	evm.model.RL_4.40
OG0018400	As004G091510	evm.model.RL_1.2460
OG0018401	As004G092510	evm.model.RL_2.592.1.687c86e1
OG0018402	As004G094190	evm.model.RL_2.849
OG0018403	As004G094610	evm.model.RL_2.877
OG0018404	As004G096040	evm.model.RL_2.1018
OG0018406	As004G097250	evm.model.RL_2.27
OG0018407	As004G097480	evm.model.RL_2.53
OG0018408	As004G097570	evm.model.RL_2.64
OG0018409	As004G097630	evm.model.RL_2.69
OG0018410	As004G097910	evm.model.RL_2.131.2.687c86e0
OG0018411	As004G098080	evm.model.RL_2.154
OG0018412	As004G098360	evm.model.RL_2.189
OG0018413	As005G098890, As005G098900	evm.model.RL_4.2763
OG0018414	As005G099070	evm.model.RL_6.2925
OG0018415	As005G100200	evm.model.RL_6.2825
OG0018416	As005G102340	evm.model.RL_6.2608
OG0018417	As005G102470	evm.model.RL_6.2597
OG0018418	As005G104540	evm.model.RL_2.868
OG0018419	As005G105480	evm.model.RL_6.2310
OG0018420	As005G106760	evm.model.RL_4.3369
OG0018421	As005G107730	evm.model.RL_4.3269
OG0018423	As005G112770	evm.model.RL_2.82
OG0018424	As005G114210	evm.model.RL_8.2120
OG0018425	As005G116490	evm.model.RL_8.2423
OG0018426	As005G120570	evm.model.RL_8.2827
OG0018427	As005G120680	evm.model.RL_8.2845
OG0018428	As006G121140	evm.model.RL_8.26
OG0018429	As006G123460	evm.model.RL_8.287
OG0018430	As006G124770	evm.model.RL_4.491
OG0018431	As006G127920	evm.model.RL_6.1157
OG0018432	As006G129040	evm.model.RL_6.1021
OG0018433	As006G129110	evm.model.RL_6.1011
OG0018434	As006G130180	evm.model.RL_6.897
OG0018435	As006G131060	evm.model.RL_6.742
OG0018436	As006G131090	evm.model.RL_6.740
OG0018437	As006G133030	evm.model.RL_1.57
OG0018440	As006G133600	evm.model.RL_1.11
OG0018441	As006G133780	evm.model.RL_2.488
OG0018442	As006G134730	evm.model.RL_1.90
OG0018443	As006G135080	evm.model.RL_1.123
OG0018444	As006G135330	evm.model.RL_1.144
OG0018445	As006G135500	evm.model.RL_1.165.1.687c87e9
OG0018446	As006G136340	evm.model.RL_1.251
OG0018448	As006G138680	evm.model.RL_4.1038
OG0018449	As006G139710	evm.model.RL_1.549
OG0018450	As007G160390	evm.model.RL_5.3328
OG0018451	As007G160810	evm.model.RL_5.3278
OG0018452	As007G161270	evm.model.RL_5.3233
OG0018453	As007G162990	evm.model.RL_2.1962
OG0018454	As007G163580	evm.model.RL_2.1996
OG0018455	As007G164820	evm.model.RL_2.2053
OG0018456	As007G177260	evm.model.RL_6.377
OG0018458	As007G179520	evm.model.RL_6.236
OG0018459	As007G180970	evm.model.RL_6.51
OG0018460	As007G181960	evm.model.RL_6.20
OG0018461	As008G185690	evm.model.RL_5.1037
OG0018463	As008G188790	evm.model.RL_5.775
OG0018464	As008G188930	evm.model.RL_5.767
OG0018465	As008G188940	evm.model.RL_4.443
OG0018466	As008G192210	evm.model.RL_5.612
OG0018467	As008G194450	evm.model.RL_5.435.2.687c88ac
OG0018469	As008G196760	evm.model.RL_5.209
OG0018470	As008G199430	evm.model.RL_8.2910
OG0018471	As008G199470	evm.model.RL_8.2913
OG0018472	As009G199770	evm.model.RL_4.2232
OG0018473	As009G200620	evm.model.RL_4.2144
OG0018474	As009G201370	evm.model.RL_4.2111
OG0018476	As009G202940	evm.model.RL_4.1946
OG0018477	As009G204670	evm.model.RL_4.1769
OG0018478	As009G205650	evm.model.RL_4.1096
OG0018479	As009G206110	evm.model.RL_4.1055
OG0018480	As009G207630	evm.model.RL_4.920
OG0018481	As009G209590	evm.model.RL_4.827
OG0018482	As009G212400	evm.model.RL_4.2915
OG0018483	As009G215280	evm.model.RL_4.1188
OG0018485	As009G218360	evm.model.RL_8.2254
OG0018487	As010G220770	evm.model.RL_7.1313
OG0018488	As010G222120	evm.model.RL_7.1472
OG0018491	As010G222800	evm.model.RL_7.1544
OG0018492	As010G222810	evm.model.RL_7.1545
OG0018493	As010G223140	evm.model.RL_7.1579
OG0018494	As010G223790	evm.model.RL_7.1658, evm.model.RL_7.1659
OG0018495	As010G225150	evm.model.RL_7.1800
OG0018497	As010G226310	evm.model.RL_5.656
OG0018498	As010G228360	evm.model.RL_3.1130
OG0018499	As010G231720	evm.model.RL_3.1277
OG0018500	As010G233810	evm.model.RL_3.1494
OG0018503	As010G240090	evm.model.RL_3.1764
OG0018505	As010G241070	evm.model.RL_3.1661
OG0018506	As010G241890	evm.model.RL_3.2248
OG0018507	As010G242580	evm.model.RL_3.2324
OG0018508	As010G243750	evm.model.RL_3.2434
OG0018509	As011G245070	evm.model.RL_1.1229
OG0018511	As011G246490	evm.model.RL_1.1366
OG0018512	As011G256750	evm.model.RL_1.2363
OG0018513	As011G259580	evm.model.RL_1.2586
OG0018514	As011G260960	evm.model.RL_1.2618
OG0018515	As011G263230	evm.model.RL_1.2808
OG0018516	As011G265600	evm.model.RL_1.3059
OG0018517	As011G265630, As012G281660	evm.model.RL_1.3063.2.687c87f1
OG0018518	As011G267400	evm.model.RL_1.3284
OG0018519	As012G270800	evm.model.RL_5.1861.2.687c88b7
OG0018520	As012G271770	evm.model.RL_5.1949
OG0018521	As012G284670	evm.model.RL_7.530
OG0018522	As012G286830	evm.model.RL_7.292, evm.model.RL_7.272
OG0018523	As012G288280	evm.model.RL_7.128
OG0018524	As012G288520	evm.model.RL_7.76, evm.model.RL_7.77
OG0018525	As012G289270	evm.model.RL_7.25
OG0018526	As012G289420	evm.model.RL_7.14
OG0018673	As001G006530	evm.model.RL_2.2783
OG0018675	As001G012080	evm.model.RL_2.2882
OG0018676	As001G015820	evm.model.RL_5.2820
OG0018677	As001G017190	evm.model.RL_5.2690
OG0018678	As001G018150	evm.model.RL_2.1190
OG0018679	As001G018830	evm.model.RL_3.711
OG0018680	As001G023010	evm.model.RL_7.2634
OG0018681	As001G025680	evm.model.RL_7.2348
OG0018682	As001G027690	evm.model.RL_2.651
OG0018683	As001G029930	evm.model.RL_3.790
OG0018684	As001G031950	evm.model.RL_3.225
OG0018685	As002G032500	evm.model.RL_2.2094
OG0018686	As002G033710	evm.model.RL_6.2203
OG0018687	As002G040380	evm.model.RL_8.1030
OG0018688	As002G040990	evm.model.RL_7.2042, evm.model.RL_6.728, evm.model.RL_6.1683
OG0018689	As002G041010	evm.model.RL_8.1099
OG0018690	As002G041780	evm.model.RL_8.1112
OG0018691	As002G043970	evm.model.RL_8.1307
OG0018692	As002G044080	evm.model.RL_8.1322
OG0018693	As002G044540	evm.model.RL_8.1375
OG0018694	As002G047430	evm.model.RL_8.1649
OG0018695	As002G047590	evm.model.RL_8.1664
OG0018696	As002G050120	evm.model.RL_4.743
OG0018697	As003G055650	evm.model.RL_2.1278
OG0018698	As003G059190	evm.model.RL_2.1640
OG0018699	As003G059440	evm.model.RL_2.1645
OG0018700	As003G060460	evm.model.RL_2.1748
OG0018701	As003G060820	evm.model.RL_2.2051
OG0018703	As003G065000	evm.model.RL_5.2380
OG0018706	As003G072490	evm.model.RL_2.3151
OG0018707	As004G077220	evm.model.RL_2.480
OG0018708	As004G080220	evm.model.RL_8.833
OG0018709	As004G081240	evm.model.RL_6.1495
OG0018710	As004G081920	evm.model.RL_4.561
OG0018711	As004G082020	evm.model.RL_4.574
OG0018712	As004G082060, As004G082050, As007G162680	evm.model.RL_4.577
OG0018713	As004G082840	evm.model.RL_4.697
OG0018714	As012G288640, As004G082860	evm.model.RL_7.89
OG0018716	As004G087740	evm.model.RL_4.304
OG0018718	As004G092750	evm.model.RL_2.753
OG0018719	As004G095290	evm.model.RL_2.947
OG0018720	As004G095970	evm.model.RL_2.1014
OG0018721	As004G097210	evm.model.RL_2.20
OG0018722	As004G098230	evm.model.RL_2.173
OG0018723	As004G098260	evm.model.RL_2.179
OG0018724	As005G100130	evm.model.RL_6.2833
OG0018725	As005G102140	evm.model.RL_6.2632
OG0018726	As005G102690	evm.model.RL_6.2575
OG0018727	As005G103950	evm.model.RL_6.2453
OG0018728	As005G104330	evm.model.RL_6.2424
OG0018729	As005G106280	evm.model.RL_4.3411
OG0018730	As005G106540	evm.model.RL_4.3387
OG0018731	As005G107160	evm.model.RL_4.3328
OG0018732	As005G109460	evm.model.RL_4.3099
OG0018733	As005G119580	evm.model.RL_8.2742
OG0018734	As005G120270	evm.model.RL_8.2806
OG0018736	As006G120950	evm.model.RL_8.8
OG0018737	As006G123030	evm.model.RL_8.241
OG0018738	As006G123500	evm.model.RL_8.293
OG0018740	As006G131110	evm.model.RL_6.738
OG0018742	As006G132410	evm.model.RL_2.2248
OG0018744	As006G133430	evm.model.RL_1.22
OG0018745	As006G135050	evm.model.RL_1.120
OG0018747	As006G137490	evm.model.RL_1.354
OG0018748	As006G138090	evm.model.RL_1.405
OG0018749	As006G142120	evm.model.RL_1.792
OG0018751	As007G157480	evm.model.RL_5.3601
OG0018752	As007G160710	evm.model.RL_5.3289
OG0018753	As007G178100	evm.model.RL_6.333
OG0018754	As007G179240	evm.model.RL_6.254
OG0018755	As008G185920	evm.model.RL_5.1020
OG0018756	As008G187040	evm.model.RL_5.921
OG0018757	As008G187960	evm.model.RL_5.838
OG0018758	As008G198110	evm.model.RL_5.88
OG0018759	As008G198200	evm.model.RL_5.81
OG0018760	As008G199420	evm.model.RL_8.2909
OG0018761	As009G202820	evm.model.RL_4.1954
OG0018763	As009G218870	evm.model.RL_8.2311
OG0018764	As009G219720	evm.model.RL_8.1938
OG0018765	As009G219800	evm.model.RL_8.1931
OG0018767	As010G224330	evm.model.RL_7.1700
OG0018768	As010G224990	evm.model.RL_7.1791, evm.model.RL_7.1793, evm.model.RL_7.1790
OG0018769	As010G225020	evm.model.RL_7.1697, evm.model.RL_7.1699
OG0018770	As010G225580	evm.model.RL_7.1833
OG0018771	As010G227070	evm.model.RL_7.1955
OG0018772	As010G232830	evm.model.RL_3.1221
OG0018773	As010G233130	evm.model.RL_3.1406
OG0018774	As010G233500	evm.model.RL_3.1451
OG0018775	As010G235260	evm.model.RL_3.2215
OG0018776	As010G238100	evm.model.RL_5.1804
OG0018777	As010G239130	evm.model.RL_3.1854
OG0018778	As010G241200	evm.model.RL_3.1651
OG0018779	As010G244180	evm.model.RL_3.2466
OG0018780	As011G245610	evm.model.RL_1.1278
OG0018781	As011G246850	evm.model.RL_1.1391
OG0018782	As011G246910	evm.model.RL_1.1400
OG0018784	As011G252610	evm.model.RL_1.1953
OG0018785	As011G252660	evm.model.RL_1.1959
OG0018786	As011G253550	evm.model.RL_1.2058
OG0018788	As011G261250	evm.model.RL_1.2559
OG0018789	As011G264190	evm.model.RL_1.2891
OG0018791	As011G266020	evm.model.RL_1.3112
OG0018792	As012G267710	evm.model.RL_5.4013
OG0018793	As012G271010	evm.model.RL_5.1877
OG0018794	As012G272350	evm.model.RL_5.2021.1.687c88b8
OG0018795	As012G272650	evm.model.RL_5.2055
OG0018796	As012G273530	evm.model.RL_5.2142
OG0018797	As012G283370	evm.model.RL_7.673
OG0018798	As012G284230	evm.model.RL_7.576
OG0018799	As012G285340	evm.model.RL_7.428, evm.model.RL_6.429
OG0018800	As012G287260, As012G287250	evm.model.RL_7.251
OG0018801	As012G289040	evm.model.RL_7.47
OG0018802	As012G289280	evm.model.RL_7.24
OG0018940	As001G000440	evm.model.RL_3.1371
OG0018941	As001G003320	evm.model.RL_2.2615
OG0018942	As001G015780	evm.model.RL_5.2823
OG0018943	As001G016320	evm.model.RL_5.2778
OG0018947	As001G023800	evm.model.RL_7.2559
OG0018948	As001G024370	evm.model.RL_7.2493
OG0018949	As001G024460	evm.model.RL_7.2481
OG0018950	As001G025810	evm.model.RL_7.2335
OG0018951	As001G027030	evm.model.RL_7.2202
OG0018952	As002G033060	evm.model.RL_2.2151
OG0018953	As002G039580	evm.model.RL_8.1272
OG0018954	As002G041110	evm.model.RL_8.1087, evm.model.RL_8.1101
OG0018955	As002G044230	evm.model.RL_8.1336
OG0018956	As002G047250	evm.model.RL_8.1632
OG0018959	As002G054470	evm.model.RL_4.2705
OG0018960	As003G060170, As003G060080	evm.model.RL_2.1708
OG0018961	As003G062410	evm.model.RL_5.2662
OG0018963	As003G064680	evm.model.RL_5.2357
OG0018966	As003G076230	evm.model.RL_2.3467
OG0018967	As004G079360	evm.model.RL_6.1640
OG0018968	As004G079830	evm.model.RL_5.2687
OG0018969	As004G081760	evm.model.RL_6.1438
OG0018972	As004G086650	evm.model.RL_4.418
OG0018973	As004G093840	evm.model.RL_2.829
OG0018974	As005G102840	evm.model.RL_6.2563
OG0018975	As005G119320	evm.model.RL_2.1901
OG0018976	As005G120140	evm.model.RL_8.2798
OG0018978	As006G129510	evm.model.RL_4.3282
OG0018979	As006G129600	evm.model.RL_6.967
OG0018980	As006G130970	evm.model.RL_6.750
OG0018981	As006G132890	evm.model.RL_1.67
OG0018982	As006G143980	evm.model.RL_6.2025
OG0018983	As006G144230	evm.model.RL_2.2881
OG0018984	As007G152370	evm.model.RL_5.1444
OG0018985	As007G158840	evm.model.RL_5.3171
OG0018986	As007G161570	evm.model.RL_5.3206
OG0018988	As008G185560	evm.model.RL_5.1053
OG0018992	As008G197800	evm.model.RL_5.126
OG0018993	As009G204630	evm.model.RL_4.1774
OG0018994	As009G215550	evm.model.RL_4.1225
OG0018995	As009G218300	evm.model.RL_8.2248
OG0018996	As010G222460	evm.model.RL_7.1517
OG0018997	As010G223580	evm.model.RL_7.1633
OG0018998	As010G225770	evm.model.RL_7.1849
OG0018999	As010G226020	evm.model.RL_7.1880
OG0019000	As010G232570	evm.model.RL_3.1333
OG0019001	As010G234640	evm.model.RL_3.1579
OG0019002	As010G241590	evm.model.RL_3.2180
OG0019003	As011G248120	evm.model.RL_1.1517
OG0019004	As011G249120	evm.model.RL_1.1617
OG0019008	As011G265070	evm.model.RL_1.2996
OG0019012	As012G273220	evm.model.RL_5.2107, evm.model.RL_3.398
OG0019130	As001G016370	evm.model.RL_5.2772
OG0019131	As001G019100	evm.model.RL_3.661
OG0019132	As001G021400	evm.model.RL_3.417, evm.model.RL_3.413
OG0019133	As001G031160	evm.model.RL_3.126
OG0019135	As002G046770	evm.model.RL_8.1593
OG0019136	As002G047090	evm.model.RL_8.1617
OG0019137	As002G052100	evm.model.RL_4.2472
OG0019138	As003G058070	evm.model.RL_2.1535
OG0019139	As003G059500	evm.model.RL_2.1651
OG0019140	As003G062660	evm.model.RL_5.2637
OG0019141	As003G062950	evm.model.RL_6.80
OG0019142	As003G064020	evm.model.RL_5.2447
OG0019143	As003G064070	evm.model.RL_5.2446
OG0019144	As003G064260	evm.model.RL_5.2423
OG0019146	As003G073550	evm.model.RL_2.3250
OG0019150	As004G087080	evm.model.RL_4.387
OG0019154	As005G101320	evm.model.RL_6.2721
OG0019155	As005G102270	evm.model.RL_6.2623
OG0019157	As005G106340	evm.model.RL_4.3405
OG0019158	As005G108660	evm.model.RL_4.3160
OG0019160	As005G115160	evm.model.RL_8.2023
OG0019161	As006G127580	evm.model.RL_6.1201
OG0019162	As006G131930	evm.model.RL_6.522
OG0019163	As006G133680	evm.model.RL_1.2
OG0019166	As006G142650	evm.model.RL_6.2147
OG0019167	As006G143180	evm.model.RL_6.2097
OG0019169	As007G157460	evm.model.RL_5.3602
OG0019170	As007G158800	evm.model.RL_5.2678
OG0019171	As007G179920	evm.model.RL_6.191
OG0019172	As007G181880	evm.model.RL_6.27
OG0019175	As009G218450	evm.model.RL_8.2264
OG0019176	As009G218940, As009G218950	evm.model.RL_8.2319
OG0019178	As010G224470, As010G224460	evm.model.RL_7.1713.3.687c84ba
OG0019179	As010G226080	evm.model.RL_7.1898
OG0019180	As010G226170	evm.model.RL_7.1910
OG0019181	As010G227350	evm.model.RL_7.1835
OG0019182	As010G237220	evm.model.RL_3.172
OG0019183	As010G237820	evm.model.RL_3.1980
OG0019185	As010G244300	evm.model.RL_3.2483
OG0019186	As011G246800	evm.model.RL_1.1386
OG0019187	As011G246820	evm.model.RL_1.1388
OG0019188	As011G252480	evm.model.RL_7.2301, evm.model.RL_1.1939
OG0019192	As012G289150	evm.model.RL_5.4006
OG0019305	As001G004020	evm.model.RL_2.2688
OG0019308	As001G017440	evm.model.RL_2.1252
OG0019309	As001G018670	evm.model.RL_3.741
OG0019311	As002G043350	evm.model.RL_8.1240
OG0019314	As002G053980	evm.model.RL_4.2658
OG0019315	As003G056660	evm.model.RL_2.1385
OG0019316	As003G063930	evm.model.RL_5.2459
OG0019318	As003G069410, As003G069420	evm.model.RL_5.3043
OG0019320	As004G077600	evm.model.RL_2.414
OG0019321	As004G080260	evm.model.RL_8.843
OG0019323	As004G096310	evm.model.RL_2.1054
OG0019324	As004G097990	evm.model.RL_2.141
OG0019325	As005G099360	evm.model.RL_6.2904
OG0019327	As005G105150	evm.model.RL_6.2337
OG0019331	As007G161030	evm.model.RL_1.162
OG0019332	As006G141450	evm.model.RL_1.719
OG0019333	As007G154890	evm.model.RL_5.1679
OG0019334	As007G156210	evm.model.RL_5.1834
OG0019338	As009G205720	evm.model.RL_4.1077
OG0019339	As009G206870	evm.model.RL_4.1004
OG0019340	As010G223530	evm.model.RL_7.1627
OG0019345	As011G255160, As011G255170	evm.model.RL_1.2218
OG0019347	As011G264990	evm.model.RL_1.2988
OG0019348	As012G269370	evm.model.RL_5.3852
OG0019350	As012G288430	evm.model.RL_7.107
OG0019449	As001G017350	evm.model.RL_2.1259
OG0019450	As001G018620	evm.model.RL_3.746
OG0019451	As001G018740	evm.model.RL_3.734
OG0019454	As001G028080	evm.model.RL_2.334
OG0019455	As002G038050	evm.model.RL_1.1109
OG0019456	As002G043560	evm.model.RL_8.1264
OG0019457	As002G054650	evm.model.RL_4.2725
OG0019458	As003G065130	evm.model.RL_5.2388
OG0019459	As003G071380, As003G071300	evm.model.RL_5.2854
OG0019461	As004G092670	evm.model.RL_2.743
OG0019463	As005G099690	evm.model.RL_6.2878
OG0019464	As005G113220	evm.model.RL_4.1497
OG0019466	As006G124010	evm.model.RL_8.356
OG0019467	As006G134690	evm.model.RL_2.2184
OG0019468	As006G139960	evm.model.RL_3.1181
OG0019469	As006G140730	evm.model.RL_1.645
OG0019470	As006G144510	evm.model.RL_6.1690, evm.model.RL_6.1691
OG0019473	As008G185950	evm.model.RL_5.1017
OG0019474	As009G206790	evm.model.RL_4.1010
OG0019475	As009G208080, As009G207740	evm.model.RL_4.877
OG0019476	As010G220290	evm.model.RL_7.1246
OG0019477	As010G221770	evm.model.RL_7.1449
OG0019478	As010G225140	evm.model.RL_7.1799
OG0019479	As010G225160	evm.model.RL_7.1803
OG0019480	As010G226270	evm.model.RL_7.1921
OG0019482	As010G240670	evm.model.RL_3.1709
OG0019483	As010G244210	evm.model.RL_3.2469.3.687c84be
OG0019484	As011G246830	evm.model.RL_1.1389
OG0019487	As011G261880	evm.model.RL_1.2588
OG0019488	As011G262310	evm.model.RL_1.2695
OG0019489	As011G265170	evm.model.RL_1.3036
OG0019490	As011G265840	evm.model.RL_1.3103, evm.model.RL_1.3102
OG0019491	As012G267670	evm.model.RL_5.4015
OG0019492	As012G267880	evm.model.RL_5.3978.2.687c88c6
OG0019494	As012G273440	evm.model.RL_5.2103
OG0019495	As012G288900	evm.model.RL_6.2957
OG0019619	As001G019240	evm.model.RL_3.639
OG0019621	As002G043690	evm.model.RL_8.1280
OG0019622	As002G049640	evm.model.RL_8.1870
OG0019623	As002G050030	evm.model.RL_8.995, evm.model.RL_8.976
OG0019624	As002G052720, As002G052680, As002G052710	evm.model.RL_8.2643, evm.model.RL_8.2642
OG0019627	As004G077740	evm.model.RL_2.378
OG0019629	As005G117440	evm.model.RL_4.2621
OG0019630	As006G122210	evm.model.RL_8.148
OG0019632	As006G131520	evm.model.RL_6.578
OG0019633	As007G154940	evm.model.RL_5.1687
OG0019634	As007G179730	evm.model.RL_6.213
OG0019635	As008G187060	evm.model.RL_8.1495
OG0019638	As010G221510	evm.model.RL_7.1421
OG0019641	As010G230250, As010G230270, As010G230260	evm.model.RL_3.1231, evm.model.RL_6.244
OG0019642	As010G234900	evm.model.RL_3.1600
OG0019643	As010G235910	evm.model.RL_8.1469
OG0019645	As011G247970	evm.model.RL_1.1501
OG0019646	As011G258990	evm.model.RL_1.2498
OG0019647	As011G263030	evm.model.RL_1.2789
OG0019648	As011G263220	evm.model.RL_1.2807
OG0019649	As012G267790	evm.model.RL_5.4003
OG0019650	As012G274090	evm.model.RL_5.2213
OG0019651	As012G276060	evm.model.RL_7.1133
OG0019652	As012G285120	evm.model.RL_7.461
OG0019653	As012G289370	evm.model.RL_7.17
OG0019775	As001G002740	evm.model.RL_2.2578
OG0019776	As001G018500	evm.model.RL_3.760
OG0019777	As001G018630	evm.model.RL_3.745
OG0019781	As002G053720	evm.model.RL_4.2628_evm.model.RL_4.2629.1.687c999f
OG0019782	As003G059130	evm.model.RL_2.1632
OG0019784	As003G076260	evm.model.RL_2.3470
OG0019785	As004G078970	evm.model.RL_4.123
OG0019786	As004G087450	evm.model.RL_4.349
OG0019788	As004G093770	evm.model.RL_2.825
OG0019789	As005G101440, As005G101460, As005G101450	evm.model.RL_6.2699
OG0019790	As005G102720, As005G102700	evm.model.RL_6.2574
OG0019791	As006G136500	evm.model.RL_1.257
OG0019792	As006G147670	evm.model.RL_4.2872, evm.model.RL_4.2871, evm.model.RL_4.2865
OG0019793	As007G152310	evm.model.RL_5.1438
OG0019795	As008G194190	evm.model.RL_5.459
OG0019796	As009G213760, As009G213630	evm.model.RL_8.698
OG0019798	As010G239650	evm.model.RL_3.1796
OG0019799	As010G241370	evm.model.RL_3.1633
OG0019803	As011G259550	evm.model.RL_7.1684
OG0019804	As012G285980	evm.model.RL_7.361
OG0019934	As002G039950	evm.model.RL_8.1048
OG0019942	As004G080120	evm.model.RL_8.824
OG0019943	As004G083360	evm.model.RL_8.776
OG0019944	As004G083740	evm.model.RL_8.735
OG0019945	As004G084050	evm.model.RL_8.696
OG0019946	As004G085130	evm.model.RL_8.550
OG0019949	As004G098530	evm.model.RL_2.6
OG0019950	As005G099580	evm.model.RL_6.2887
OG0019952	As006G130450	evm.model.RL_6.840
OG0019954	As006G134410	evm.model.RL_2.2210
OG0019957	As007G160260	evm.model.RL_5.3340
OG0019958	As007G161260	evm.model.RL_3.1240, evm.model.RL_5.3234
OG0020094	As001G021100	evm.model.RL_3.374
OG0020096	As001G024570, As007G161020	evm.model.RL_7.2467
OG0020098	As002G047460	evm.model.RL_8.1652
OG0020099	As003G058970	evm.model.RL_2.1612
OG0020100	As003G063870	evm.model.RL_5.2463
OG0020102	As004G077500	evm.model.RL_2.423
OG0020103	As004G081780	evm.model.RL_6.1436
OG0020105	As005G118020, As005G118040, As005G118050, As005G118080, As005G118070	evm.model.RL_8.2580
OG0020107	As006G133640	evm.model.RL_1.7
OG0020108	As006G139370	evm.model.RL_1.525
OG0020116	As010G224790	evm.model.RL_7.1758
OG0020117	As011G250970	evm.model.RL_1.1797
OG0020118	As011G253530	evm.model.RL_1.2060
OG0020270	As001G027820	evm.model.RL_7.2081
OG0020271	As001G028290	evm.model.RL_3.1094.1.687c84bb
OG0020276	As002G040930	evm.model.RL_8.1085
OG0020281	As004G097550	evm.model.RL_2.62
OG0020284	As006G132810	evm.model.RL_1.74
OG0020285	As006G133900	evm.model.RL_4.3426
OG0020287	As006G151850	evm.model.RL_1.3314, evm.model.RL_1.3307, evm.model.RL_1.3313, evm.model.RL_1.3316, evm.model.RL_1.3308, evm.model.RL_1.3317, evm.model.RL_1.3312, evm.model.RL_1.3304, evm.model.RL_1.3311, evm.model.RL_1.3303, evm.model.RL_1.3306
OG0020288	As007G158700	evm.model.RL_5.3497
OG0020292	As008G197930	evm.model.RL_5.108
OG0020293	As008G198120	evm.model.RL_5.87
OG0020294	As008G199410	evm.model.RL_8.2908
OG0020295	As009G200240, As009G200230	evm.model.RL_4.2209
OG0020296	As009G200990	evm.model.RL_4.2082
OG0020298	As010G223340	evm.model.RL_7.1598
OG0020300	As010G227280	evm.model.RL_7.1942
OG0020469	As001G016850	evm.model.RL_3.671.1.687c84ba
OG0020472	As001G030020	evm.model.RL_3.785
OG0020478	As004G093980	evm.model.RL_2.831
OG0020480	As005G098700	evm.model.RL_6.2950
OG0020481	As005G115690, As005G115220	evm.model.RL_8.2004
OG0020483	As006G132100	evm.model.RL_6.494
OG0020488	As012G272470	evm.model.RL_5.2034
OG0020666	As001G000250	evm.model.RL_2.2348
OG0020668	As001G018160	evm.model.RL_2.1189
OG0020679	As007G178140	evm.model.RL_6.329
OG0020683	As009G200950	evm.model.RL_4.2080
OG0020684	As009G214700	evm.model.RL_4.3097
OG0020690	As012G288990	evm.model.RL_7.52
OG0020883	As001G025710	evm.model.RL_7.2345
OG0020884	As001G030370	evm.model.RL_3.21
OG0020885	As002G034240	evm.model.RL_8.35
OG0020889	As004G085220	evm.model.RL_5.1081
OG0020896	As010G239850	evm.model.RL_3.1778
OG0021213	As001G013190	evm.model.RL_7.311
OG0021214	As001G026320	evm.model.RL_7.2278
OG0021217	As002G040130	evm.model.RL_5.1534
OG0021222	As004G086620	evm.model.RL_4.423
OG0021565	As003G064320	evm.model.RL_1.2686
OG0021567	As004G077170	evm.model.RL_2.459
OG0021570	As005G100970	evm.model.RL_6.2755
OG0021590	As012G288150	evm.model.RL_7.148
OG0022068	As005G108480	evm.model.RL_5.2231
OG0022074	As006G147760	evm.model.RL_3.843
OG0022076	As007G154810	evm.model.RL_6.2523, evm.model.RL_6.2396
OG0022080	As009G214400, As009G214380	evm.model.RL_4.819
OG0022687	As003G062490	evm.model.RL_5.2649
OG0023562	As001G031780	evm.model.RL_3.201
OG0023573	As004G080890	evm.model.RL_8.914
OG0023574	As004G083240	evm.model.RL_8.791, evm.model.RL_8.790
OG0023581	As006G125140	evm.model.RL_4.539
OG0023583	As006G137770	evm.model.RL_7.2058
OG0023584	As006G139980	evm.model.RL_1.573
OG0023588	As007G165910	evm.model.RL_1.1867
OG0023595	As011G260500	evm.model.RL_1.2593
OG0024904	As002G034290	evm.model.RL_4.623
OG0024908	As002G051700, As002G051680	evm.model.RL_4.2433
OG0024923	As005G101840	evm.model.RL_7.288
OG0024929	As006G144010	evm.model.RL_6.2021
OG0027022	As012G270270	evm.model.RL_8.336
OG0030496	As007G178840	evm.model.RL_8.1255
